0.591150,-9.403868
1.799555,-9.404169
3.007961,-9.404169
4.216366,-9.404169
5.424771,-9.403872
6.633176,-9.403872
7.841581,-9.403872
9.049987,-9.403872
10.258390,-9.403872
11.466800,-9.403872
12.675200,-9.403872
13.883610,-9.403872
15.092010,-9.403872
16.300420,-9.403872
17.508820,-9.403872
18.717230,-9.403872
19.925630,-9.403872
21.134040,-9.403872
22.342450,-9.403872
23.550850,-9.403872
24.759250,-9.403872
25.967660,-9.403872
27.176070,-9.403872
28.384470,-9.403872
29.592880,-9.403872
30.801280,-9.403872
32.009690,-9.403872
33.218090,-9.403872
34.426500,-9.403872
35.634900,-9.403872
36.843310,-9.403872
38.051710,-9.403872
39.260120,-9.403872
40.468520,-9.403872
41.676930,-9.403872
42.885330,-9.403872
44.093740,-9.403872
45.302140,-9.403872
46.510550,-9.403872
47.718960,-9.403872
48.927360,-9.403872
50.135770,-9.403872
51.344170,-9.403872
52.552570,-9.403872
53.760980,-9.403872
54.969390,-9.403872
56.177790,-9.403872
57.386200,-9.403872
58.594600,-9.403872
59.803010,-9.403872
61.011410,-9.403872
62.219820,-9.403872
63.428220,-9.403872
64.636630,-9.403872
65.845030,-9.403872
67.053440,-9.403872
68.261840,-9.403872
69.470250,-9.403872
70.678660,-9.403872
71.887060,-9.403872
73.095470,-9.403872
74.303870,-9.403872
75.512280,-9.403872
76.720680,-9.403872
77.929080,-9.403872
79.137490,-9.403872
80.345890,-9.403872
81.554310,-9.403872
82.762710,-9.403872
83.971120,-9.403872
85.179520,-9.403872
86.387920,-9.403872
87.596330,-9.403872
88.804730,-9.403872
90.013140,-9.403872
91.221540,-9.403872
92.429950,-9.403872
93.638350,-9.403872
94.846760,-9.403872
96.055170,-9.403872
97.263570,-9.403872
98.471980,-9.403872
99.680380,-9.403872
100.888800,-9.403872
102.097200,-9.403872
103.305600,-9.403872
104.514000,-9.403872
105.722400,-9.403872
106.930800,-9.403872
108.139200,-9.403872
109.347600,-9.403872
110.556000,-9.403872
111.764400,-9.403872
112.972800,-9.403872
114.181200,-9.403872
115.389600,-9.403872
116.598100,-9.403872
117.806500,-9.403872
119.014900,-9.403872
120.223300,-9.403872
121.431700,-9.403872
122.640100,-9.403872
123.848500,-9.403872
125.056900,-9.403872
126.265300,-9.403872
127.473700,-9.403872
128.682100,-9.403872
129.890500,-9.403872
131.098900,-9.403872
132.307300,-9.403872
133.515700,-9.403872
134.724100,-9.403872
135.932500,-9.403872
137.140900,-9.403872
138.349300,-9.403872
139.557800,-9.403872
140.766200,-9.403872
141.974600,-9.403872
143.183000,-9.403872
144.391400,-9.403872
145.599800,-9.403872
146.808200,-9.403872
148.016600,-9.403872
149.225000,-9.403872
150.433400,-9.403872
151.641800,-9.403872
152.850200,-9.403872
154.058600,-9.403872
155.267000,-9.403872
156.475400,-9.403872
157.683800,-9.403872
158.892200,-9.403872
160.100600,-9.403872
161.309100,-9.403872
162.517500,-9.403872
163.725900,-9.403872
164.934300,-9.403872
166.142700,-9.403872
167.351100,-9.403872
168.559500,-9.403872
169.767900,-9.403872
170.976300,-9.403872
172.184700,-9.403872
173.393100,-9.403872
174.601500,-9.403872
175.809900,-9.403872
177.018300,-9.403872
178.226700,-9.403872
179.435100,-9.403872
180.643500,-9.403872
181.851900,-9.403872
183.060300,-9.403872
184.268800,-9.403872
185.477200,-9.403872
186.685600,-9.403872
187.894000,-9.403872
189.102400,-9.403872
190.310800,-9.403872
191.519200,-9.403872
192.727600,-9.403872
193.936000,-9.403872
195.144400,-9.403872
196.352800,-9.403872
197.561200,-9.403872
198.769600,-9.403872
199.978000,-9.403872
201.186400,-9.403872
202.394800,-9.403872
203.603200,-9.403872
204.811600,-9.403872
206.020100,-9.403872
207.228500,-9.403872
208.436900,-9.403872
209.645300,-9.403872
210.853700,-9.403872
212.062100,-9.403872
213.270500,-9.403872
214.478900,-9.403872
215.687300,-9.403872
216.895700,-9.403872
218.104100,-9.403872
219.312500,-9.403872
220.520900,-9.403872
221.729300,-9.403872
222.937700,-9.403872
224.146100,-9.403872
225.354500,-9.403872
226.562900,-9.403872
227.771300,-9.403872
228.979700,-9.403872
230.188200,-9.403872
231.396600,-9.403872
232.605000,-9.403872
233.813400,-9.403872
235.021800,-9.403872
236.230200,-9.403872
237.438600,-9.403872
238.647000,-9.403872
239.855400,-9.403872
241.063800,-9.403872
242.272200,-9.403872
243.480600,-9.403872
244.689000,-9.403872
245.897400,-9.403872
247.105800,-9.403872
248.314200,-9.403872
249.522600,-9.403872
250.731000,-9.403872
251.939400,-9.403872
253.147800,-9.403872
254.356200,-9.403872
255.564700,-9.403872
256.773100,-9.403872
257.981500,-9.403872
259.189900,-9.403872
260.398300,-9.403872
261.606700,-9.403872
262.815100,-9.403872
264.023500,-9.403872
265.231900,-9.403872
266.440300,-9.403872
267.648700,-9.403872
268.857100,-9.403872
270.065500,-9.403872
271.273900,-9.403872
272.482300,-9.403872
273.690700,-9.403872
274.899100,-9.403872
276.107500,-9.403872
277.315900,-9.403872
278.524400,-9.403872
279.732800,-9.403872
280.941200,-9.403872
282.149600,-9.403872
283.358000,-9.403872
284.566400,-9.403872
285.774800,-9.403872
286.983200,-9.403872
288.191600,-9.403872
289.400000,-9.403872
290.608400,-9.403872
291.816800,-9.403872
293.025200,-9.403872
294.233600,-9.403872
295.442000,-9.403872
296.650500,-9.403872
297.858900,-9.403872
299.067300,-9.403872
300.275700,-9.403872
301.484100,-9.403872
302.692500,-9.403872
303.900900,-9.403872
305.109300,-9.403872
306.317700,-9.403872
307.526100,-9.403872
308.734500,-9.403872
309.942900,-9.404169
311.151300,-9.404169
312.359700,-9.404169
313.568100,-9.403868
0.591150,-8.154337
1.799555,-8.154337
3.007961,-8.154337
4.216366,-8.154337
5.424771,-8.154337
6.633176,-8.154337
7.841581,-8.154337
9.049987,-8.154337
10.258390,-8.154337
11.466800,-8.154337
12.675200,-8.154337
13.883610,-8.154337
15.092010,-8.154337
16.300420,-8.154337
17.508820,-8.154337
18.717230,-8.154337
19.925630,-8.154337
21.134040,-8.154337
22.342450,-8.154337
23.550850,-8.154337
24.759250,-8.154337
25.967660,-8.154337
27.176070,-8.154337
28.384470,-8.154337
29.592880,-8.154337
30.801280,-8.154337
32.009690,-8.154337
33.218090,-8.154337
34.426500,-8.154337
35.634900,-8.154337
36.843310,-8.154337
38.051710,-8.154337
39.260120,-8.154337
40.468520,-8.154337
41.676930,-8.154337
42.885330,-8.154337
44.093740,-8.154337
45.302140,-8.154337
46.510550,-8.154337
47.718960,-8.154337
48.927360,-8.154337
50.135770,-8.154337
51.344170,-8.154337
52.552570,-8.154337
53.760980,-8.154337
54.969390,-8.154337
56.177790,-8.154337
57.386200,-8.154337
58.594600,-8.154337
59.803010,-8.154337
61.011410,-8.154337
62.219820,-8.154337
63.428220,-8.154337
64.636630,-8.154337
65.845030,-8.154337
67.053440,-8.154337
68.261840,-8.154337
69.470250,-8.154337
70.678660,-8.154337
71.887060,-8.154337
73.095470,-8.154337
74.303870,-8.154337
75.512280,-8.154337
76.720680,-8.154337
77.929080,-8.154337
79.137490,-8.154337
80.345890,-8.154337
81.554310,-8.154337
82.762710,-8.154337
83.971120,-8.154337
85.179520,-8.154337
86.387920,-8.154337
87.596330,-8.154337
88.804730,-8.154337
90.013140,-8.154337
91.221540,-8.154337
92.429950,-8.154337
93.638350,-8.154337
94.846760,-8.154337
96.055170,-8.154337
97.263570,-8.154337
98.471980,-8.154337
99.680380,-8.154337
100.888800,-8.154337
102.097200,-8.154337
103.305600,-8.154337
104.514000,-8.154337
105.722400,-8.154337
106.930800,-8.154337
108.139200,-8.154337
109.347600,-8.154337
110.556000,-8.154337
111.764400,-8.154337
112.972800,-8.154337
114.181200,-8.154337
115.389600,-8.154337
116.598100,-8.154337
117.806500,-8.154337
119.014900,-8.154337
120.223300,-8.154337
121.431700,-8.154337
122.640100,-8.154337
123.848500,-8.154337
125.056900,-8.154337
126.265300,-8.154337
127.473700,-8.154337
128.682100,-8.154337
129.890500,-8.154337
131.098900,-8.154337
132.307300,-8.154337
133.515700,-8.154337
134.724100,-8.154337
135.932500,-8.154337
137.140900,-8.154337
138.349300,-8.154337
139.557800,-8.154337
140.766200,-8.154337
141.974600,-8.154337
143.183000,-8.154337
144.391400,-8.154337
145.599800,-8.154337
146.808200,-8.154337
148.016600,-8.154337
149.225000,-8.154337
150.433400,-8.154337
151.641800,-8.154337
152.850200,-8.154337
154.058600,-8.154337
155.267000,-8.154337
156.475400,-8.154337
157.683800,-8.154337
158.892200,-8.154337
160.100600,-8.154337
161.309100,-8.154337
162.517500,-8.154337
163.725900,-8.154337
164.934300,-8.154337
166.142700,-8.154337
167.351100,-8.154337
168.559500,-8.154337
169.767900,-8.154337
170.976300,-8.154337
172.184700,-8.154337
173.393100,-8.154337
174.601500,-8.154337
175.809900,-8.154337
177.018300,-8.154337
178.226700,-8.154337
179.435100,-8.154337
180.643500,-8.154337
181.851900,-8.154337
183.060300,-8.154337
184.268800,-8.154337
185.477200,-8.154337
186.685600,-8.154337
187.894000,-8.154337
189.102400,-8.154337
190.310800,-8.154337
191.519200,-8.154337
192.727600,-8.154337
193.936000,-8.154337
195.144400,-8.154337
196.352800,-8.154337
197.561200,-8.154337
198.769600,-8.154337
199.978000,-8.154337
201.186400,-8.154337
202.394800,-8.154337
203.603200,-8.154337
204.811600,-8.154337
206.020100,-8.154337
207.228500,-8.154337
208.436900,-8.154337
209.645300,-8.154337
210.853700,-8.154337
212.062100,-8.154337
213.270500,-8.154337
214.478900,-8.154337
215.687300,-8.154337
216.895700,-8.154337
218.104100,-8.154337
219.312500,-8.154337
220.520900,-8.154337
221.729300,-8.154337
222.937700,-8.154337
224.146100,-8.154337
225.354500,-8.154337
226.562900,-8.154337
227.771300,-8.154337
228.979700,-8.154337
230.188200,-8.154337
231.396600,-8.154337
232.605000,-8.154337
233.813400,-8.154337
235.021800,-8.154337
236.230200,-8.154337
237.438600,-8.154337
238.647000,-8.154337
239.855400,-8.154337
241.063800,-8.154337
242.272200,-8.154337
243.480600,-8.154337
244.689000,-8.154337
245.897400,-8.154337
247.105800,-8.154337
248.314200,-8.154337
249.522600,-8.154337
250.731000,-8.154337
251.939400,-8.154337
253.147800,-8.154337
254.356200,-8.154337
255.564700,-8.154337
256.773100,-8.154337
257.981500,-8.154337
259.189900,-8.154337
260.398300,-8.154337
261.606700,-8.154337
262.815100,-8.154337
264.023500,-8.154337
265.231900,-8.154337
266.440300,-8.154337
267.648700,-8.154337
268.857100,-8.154337
270.065500,-8.154337
271.273900,-8.154337
272.482300,-8.154337
273.690700,-8.154337
274.899100,-8.154337
276.107500,-8.154337
277.315900,-8.154337
278.524400,-8.154337
279.732800,-8.154337
280.941200,-8.154337
282.149600,-8.154337
283.358000,-8.154337
284.566400,-8.154337
285.774800,-8.154337
286.983200,-8.154337
288.191600,-8.154337
289.400000,-8.154337
290.608400,-8.154337
291.816800,-8.154337
293.025200,-8.154337
294.233600,-8.154337
295.442000,-8.154337
296.650500,-8.154337
297.858900,-8.154337
299.067300,-8.154337
300.275700,-8.154337
301.484100,-8.154337
302.692500,-8.154337
303.900900,-8.154337
305.109300,-8.154337
306.317700,-8.154337
307.526100,-8.154337
308.734500,-8.154337
309.942900,-8.154337
311.151300,-8.154337
312.359700,-8.154337
313.568100,-8.154337
0.591150,-6.899823
1.799555,-6.899823
3.007961,-6.899823
4.216366,-6.899823
5.424771,-6.899823
6.633176,-6.899823
7.841581,-6.899823
9.049987,-6.899823
10.258390,-6.899823
11.466800,-6.899823
12.675200,-6.899823
13.883610,-6.899823
15.092010,-6.899823
16.300420,-6.899823
17.508820,-6.899823
18.717230,-6.899823
19.925630,-6.899823
21.134040,-6.899823
22.342450,-6.899823
23.550850,-6.899823
24.759250,-6.899823
25.967660,-6.899823
27.176070,-6.899823
28.384470,-6.899823
29.592880,-6.899823
30.801280,-6.899823
32.009690,-6.899823
33.218090,-6.899823
34.426500,-6.899823
35.634900,-6.899823
36.843310,-6.899823
38.051710,-6.899823
39.260120,-6.899823
40.468520,-6.899823
41.676930,-6.899823
42.885330,-6.899823
44.093740,-6.899823
45.302140,-6.899823
46.510550,-6.899823
47.718960,-6.899823
48.927360,-6.899823
50.135770,-6.899823
51.344170,-6.899823
52.552570,-6.899823
53.760980,-6.899823
54.969390,-6.899823
56.177790,-6.899823
57.386200,-6.899823
58.594600,-6.899823
59.803010,-6.899823
61.011410,-6.899823
62.219820,-6.899823
63.428220,-6.899823
64.636630,-6.899823
65.845030,-6.899823
67.053440,-6.899823
68.261840,-6.899823
69.470250,-6.899823
70.678660,-6.899823
71.887060,-6.899823
73.095470,-6.899823
74.303870,-6.899823
75.512280,-6.899823
76.720680,-6.899823
77.929080,-6.899823
79.137490,-6.899823
80.345890,-6.899823
81.554310,-6.899823
82.762710,-6.899823
83.971120,-6.899823
85.179520,-6.899823
86.387920,-6.899823
87.596330,-6.899823
88.804730,-6.899823
90.013140,-6.899823
91.221540,-6.899823
92.429950,-6.899823
93.638350,-6.899823
94.846760,-6.899823
96.055170,-6.899823
97.263570,-6.899823
98.471980,-6.899823
99.680380,-6.899823
100.888800,-6.899823
102.097200,-6.899823
103.305600,-6.899823
104.514000,-6.899823
105.722400,-6.899823
106.930800,-6.899823
108.139200,-6.899823
109.347600,-6.899823
110.556000,-6.899823
111.764400,-6.899823
112.972800,-6.899823
114.181200,-6.899823
115.389600,-6.899823
116.598100,-6.899823
117.806500,-6.899823
119.014900,-6.899823
120.223300,-6.899823
121.431700,-6.899823
122.640100,-6.899823
123.848500,-6.899823
125.056900,-6.899823
126.265300,-6.899823
127.473700,-6.899823
128.682100,-6.899823
129.890500,-6.899823
131.098900,-6.899823
132.307300,-6.899823
133.515700,-6.899823
134.724100,-6.899823
135.932500,-6.899823
137.140900,-6.899823
138.349300,-6.899823
139.557800,-6.899823
140.766200,-6.899823
141.974600,-6.899823
143.183000,-6.899823
144.391400,-6.899823
145.599800,-6.899823
146.808200,-6.899823
148.016600,-6.899823
149.225000,-6.899823
150.433400,-6.899823
151.641800,-6.899823
152.850200,-6.899823
154.058600,-6.899823
155.267000,-6.899823
156.475400,-6.899823
157.683800,-6.899823
158.892200,-6.899823
160.100600,-6.899823
161.309100,-6.899823
162.517500,-6.899823
163.725900,-6.899823
164.934300,-6.899823
166.142700,-6.899823
167.351100,-6.899823
168.559500,-6.899823
169.767900,-6.899823
170.976300,-6.899823
172.184700,-6.899823
173.393100,-6.899823
174.601500,-6.899823
175.809900,-6.899823
177.018300,-6.899823
178.226700,-6.899823
179.435100,-6.899823
180.643500,-6.899823
181.851900,-6.899823
183.060300,-6.899823
184.268800,-6.899823
185.477200,-6.899823
186.685600,-6.899823
187.894000,-6.899823
189.102400,-6.899823
190.310800,-6.899823
191.519200,-6.899823
192.727600,-6.899823
193.936000,-6.899823
195.144400,-6.899823
196.352800,-6.899823
197.561200,-6.899823
198.769600,-6.899823
199.978000,-6.899823
201.186400,-6.899823
202.394800,-6.899823
203.603200,-6.899823
204.811600,-6.899823
206.020100,-6.899823
207.228500,-6.899823
208.436900,-6.899823
209.645300,-6.899823
210.853700,-6.899823
212.062100,-6.899823
213.270500,-6.899823
214.478900,-6.899823
215.687300,-6.899823
216.895700,-6.899823
218.104100,-6.899823
219.312500,-6.899823
220.520900,-6.899823
221.729300,-6.899823
222.937700,-6.899823
224.146100,-6.899823
225.354500,-6.899823
226.562900,-6.899823
227.771300,-6.899823
228.979700,-6.899823
230.188200,-6.899823
231.396600,-6.899823
232.605000,-6.899823
233.813400,-6.899823
235.021800,-6.899823
236.230200,-6.899823
237.438600,-6.899823
238.647000,-6.899823
239.855400,-6.899823
241.063800,-6.899823
242.272200,-6.899823
243.480600,-6.899823
244.689000,-6.899823
245.897400,-6.899823
247.105800,-6.899823
248.314200,-6.899823
249.522600,-6.899823
250.731000,-6.899823
251.939400,-6.899823
253.147800,-6.899823
254.356200,-6.899823
255.564700,-6.899823
256.773100,-6.899823
257.981500,-6.899823
259.189900,-6.899823
260.398300,-6.899823
261.606700,-6.899823
262.815100,-6.899823
264.023500,-6.899823
265.231900,-6.899823
266.440300,-6.899823
267.648700,-6.899823
268.857100,-6.899823
270.065500,-6.899823
271.273900,-6.899823
272.482300,-6.899823
273.690700,-6.899823
274.899100,-6.899823
276.107500,-6.899823
277.315900,-6.899823
278.524400,-6.899823
279.732800,-6.899823
280.941200,-6.899823
282.149600,-6.899823
283.358000,-6.899823
284.566400,-6.899823
285.774800,-6.899823
286.983200,-6.899823
288.191600,-6.899823
289.400000,-6.899823
290.608400,-6.899823
291.816800,-6.899823
293.025200,-6.899823
294.233600,-6.899823
295.442000,-6.899823
296.650500,-6.899823
297.858900,-6.899823
299.067300,-6.899823
300.275700,-6.899823
301.484100,-6.899823
302.692500,-6.899823
303.900900,-6.899823
305.109300,-6.899823
306.317700,-6.899823
307.526100,-6.899823
308.734500,-6.899823
309.942900,-6.899823
311.151300,-6.899823
312.359700,-6.899823
313.568100,-6.899823
0.591150,-5.645310
1.799555,-5.645310
3.007961,-5.645310
4.216366,-5.645310
5.424771,-5.645310
6.633176,-5.645310
7.841581,-5.645310
9.049987,-5.645310
10.258390,-5.645310
11.466800,-5.645310
12.675200,-5.645310
13.883610,-5.645310
15.092010,-5.645310
16.300420,-5.645310
17.508820,-5.645310
18.717230,-5.645310
19.925630,-5.645310
21.134040,-5.645310
22.342450,-5.645310
23.550850,-5.645310
24.759250,-5.645310
25.967660,-5.645310
27.176070,-5.645310
28.384470,-5.645310
29.592880,-5.645310
30.801280,-5.645310
32.009690,-5.645310
33.218090,-5.645310
34.426500,-5.645310
35.634900,-5.645310
36.843310,-5.645310
38.051710,-5.645310
39.260120,-5.645310
40.468520,-5.645310
41.676930,-5.645310
42.885330,-5.645310
44.093740,-5.645310
45.302140,-5.645310
46.510550,-5.645310
47.718960,-5.645310
48.927360,-5.645310
50.135770,-5.645310
51.344170,-5.645310
52.552570,-5.645310
53.760980,-5.645310
54.969390,-5.645310
56.177790,-5.645310
57.386200,-5.645310
58.594600,-5.645310
59.803010,-5.645310
61.011410,-5.645310
62.219820,-5.645310
63.428220,-5.645310
64.636630,-5.645310
65.845030,-5.645310
67.053440,-5.645310
68.261840,-5.645310
69.470250,-5.645310
70.678660,-5.645310
71.887060,-5.645310
73.095470,-5.645310
74.303870,-5.645310
75.512280,-5.645310
76.720680,-5.645310
77.929080,-5.645310
79.137490,-5.645310
80.345890,-5.645310
81.554310,-5.645310
82.762710,-5.645310
83.971120,-5.645310
85.179520,-5.645310
86.387920,-5.645310
87.596330,-5.645310
88.804730,-5.645310
90.013140,-5.645310
91.221540,-5.645310
92.429950,-5.645310
93.638350,-5.645310
94.846760,-5.645310
96.055170,-5.645310
97.263570,-5.645310
98.471980,-5.645310
99.680380,-5.645310
100.888800,-5.645310
102.097200,-5.645310
103.305600,-5.645310
104.514000,-5.645310
105.722400,-5.645310
106.930800,-5.645310
108.139200,-5.645310
109.347600,-5.645310
110.556000,-5.645310
111.764400,-5.645310
112.972800,-5.645310
114.181200,-5.645310
115.389600,-5.645310
116.598100,-5.645310
117.806500,-5.645310
119.014900,-5.645310
120.223300,-5.645310
121.431700,-5.645310
122.640100,-5.645310
123.848500,-5.645310
125.056900,-5.645310
126.265300,-5.645310
127.473700,-5.645310
128.682100,-5.645310
129.890500,-5.645310
131.098900,-5.645310
132.307300,-5.645310
133.515700,-5.645310
134.724100,-5.645310
135.932500,-5.645310
137.140900,-5.645310
138.349300,-5.645310
139.557800,-5.645310
140.766200,-5.645310
141.974600,-5.645310
143.183000,-5.645310
144.391400,-5.645310
145.599800,-5.645310
146.808200,-5.645310
148.016600,-5.645310
149.225000,-5.645310
150.433400,-5.645310
151.641800,-5.645310
152.850200,-5.645310
154.058600,-5.645310
155.267000,-5.645310
156.475400,-5.645310
157.683800,-5.645310
158.892200,-5.645310
160.100600,-5.645310
161.309100,-5.645310
162.517500,-5.645310
163.725900,-5.645310
164.934300,-5.645310
166.142700,-5.645310
167.351100,-5.645310
168.559500,-5.645310
169.767900,-5.645310
170.976300,-5.645310
172.184700,-5.645310
173.393100,-5.645310
174.601500,-5.645310
175.809900,-5.645310
177.018300,-5.645310
178.226700,-5.645310
179.435100,-5.645310
180.643500,-5.645310
181.851900,-5.645310
183.060300,-5.645310
184.268800,-5.645310
185.477200,-5.645310
186.685600,-5.645310
187.894000,-5.645310
189.102400,-5.645310
190.310800,-5.645310
191.519200,-5.645310
192.727600,-5.645310
193.936000,-5.645310
195.144400,-5.645310
196.352800,-5.645310
197.561200,-5.645310
198.769600,-5.645310
199.978000,-5.645310
201.186400,-5.645310
202.394800,-5.645310
203.603200,-5.645310
204.811600,-5.645310
206.020100,-5.645310
207.228500,-5.645310
208.436900,-5.645310
209.645300,-5.645310
210.853700,-5.645310
212.062100,-5.645310
213.270500,-5.645310
214.478900,-5.645310
215.687300,-5.645310
216.895700,-5.645310
218.104100,-5.645310
219.312500,-5.645310
220.520900,-5.645310
221.729300,-5.645310
222.937700,-5.645310
224.146100,-5.645310
225.354500,-5.645310
226.562900,-5.645310
227.771300,-5.645310
228.979700,-5.645310
230.188200,-5.645310
231.396600,-5.645310
232.605000,-5.645310
233.813400,-5.645310
235.021800,-5.645310
236.230200,-5.645310
237.438600,-5.645310
238.647000,-5.645310
239.855400,-5.645310
241.063800,-5.645310
242.272200,-5.645310
243.480600,-5.645310
244.689000,-5.645310
245.897400,-5.645310
247.105800,-5.645310
248.314200,-5.645310
249.522600,-5.645310
250.731000,-5.645310
251.939400,-5.645310
253.147800,-5.645310
254.356200,-5.645310
255.564700,-5.645310
256.773100,-5.645310
257.981500,-5.645310
259.189900,-5.645310
260.398300,-5.645310
261.606700,-5.645310
262.815100,-5.645310
264.023500,-5.645310
265.231900,-5.645310
266.440300,-5.645310
267.648700,-5.645310
268.857100,-5.645310
270.065500,-5.645310
271.273900,-5.645310
272.482300,-5.645310
273.690700,-5.645310
274.899100,-5.645310
276.107500,-5.645310
277.315900,-5.645310
278.524400,-5.645310
279.732800,-5.645310
280.941200,-5.645310
282.149600,-5.645310
283.358000,-5.645310
284.566400,-5.645310
285.774800,-5.645310
286.983200,-5.645310
288.191600,-5.645310
289.400000,-5.645310
290.608400,-5.645310
291.816800,-5.645310
293.025200,-5.645310
294.233600,-5.645310
295.442000,-5.645310
296.650500,-5.645310
297.858900,-5.645310
299.067300,-5.645310
300.275700,-5.645310
301.484100,-5.645310
302.692500,-5.645310
303.900900,-5.645310
305.109300,-5.645310
306.317700,-5.645310
307.526100,-5.645310
308.734500,-5.645310
309.942900,-5.645310
311.151300,-5.645310
312.359700,-5.645310
313.568100,-5.645310
0.591150,-4.390797
1.799555,-4.390797
3.007961,-4.390797
4.216366,-4.390797
5.424771,-4.390797
6.633176,-4.390797
7.841581,-4.390797
9.049987,-4.390797
10.258390,-4.390797
11.466800,-4.390797
12.675200,-4.390797
13.883610,-4.390797
15.092010,-4.390797
16.300420,-4.390797
17.508820,-4.390797
18.717230,-4.390797
19.925630,-4.390797
21.134040,-4.390797
22.342450,-4.390797
23.550850,-4.390797
24.759250,-4.390797
25.967660,-4.390797
27.176070,-4.390797
28.384470,-4.390797
29.592880,-4.390797
30.801280,-4.390797
32.009690,-4.390797
33.218090,-4.390797
34.426500,-4.390797
35.634900,-4.390797
36.843310,-4.390797
38.051710,-4.390797
39.260120,-4.390797
40.468520,-4.390797
41.676930,-4.390797
42.885330,-4.390797
44.093740,-4.390797
45.302140,-4.390797
46.510550,-4.390797
47.718960,-4.390797
48.927360,-4.390797
50.135770,-4.390797
51.344170,-4.390797
52.552570,-4.390797
53.760980,-4.390797
54.969390,-4.390797
56.177790,-4.390797
57.386200,-4.390797
58.594600,-4.390797
59.803010,-4.390797
61.011410,-4.390797
62.219820,-4.390797
63.428220,-4.390797
64.636630,-4.390797
65.845030,-4.390797
67.053440,-4.390797
68.261840,-4.390797
69.470250,-4.390797
70.678660,-4.390797
71.887060,-4.390797
73.095470,-4.390797
74.303870,-4.390797
75.512280,-4.390797
76.720680,-4.390797
77.929080,-4.390797
79.137490,-4.390797
80.345890,-4.390797
81.554310,-4.390797
82.762710,-4.390797
83.971120,-4.390797
85.179520,-4.390797
86.387920,-4.390797
87.596330,-4.390797
88.804730,-4.390797
90.013140,-4.390797
91.221540,-4.390797
92.429950,-4.390797
93.638350,-4.390797
94.846760,-4.390797
96.055170,-4.390797
97.263570,-4.390797
98.471980,-4.390797
99.680380,-4.390797
100.888800,-4.390797
102.097200,-4.390797
103.305600,-4.390797
104.514000,-4.390797
105.722400,-4.390797
106.930800,-4.390797
108.139200,-4.390797
109.347600,-4.390797
110.556000,-4.390797
111.764400,-4.390797
112.972800,-4.390797
114.181200,-4.390797
115.389600,-4.390797
116.598100,-4.390797
117.806500,-4.390797
119.014900,-4.390797
120.223300,-4.390797
121.431700,-4.390797
122.640100,-4.390797
123.848500,-4.390797
125.056900,-4.390797
126.265300,-4.390797
127.473700,-4.390797
128.682100,-4.390797
129.890500,-4.390797
131.098900,-4.390797
132.307300,-4.390797
133.515700,-4.390797
134.724100,-4.390797
135.932500,-4.390797
137.140900,-4.390797
138.349300,-4.390797
139.557800,-4.390797
140.766200,-4.390797
141.974600,-4.390797
143.183000,-4.390797
144.391400,-4.390797
145.599800,-4.390797
146.808200,-4.390797
148.016600,-4.390797
149.225000,-4.390797
150.433400,-4.390797
151.641800,-4.390797
152.850200,-4.390797
154.058600,-4.390797
155.267000,-4.390797
156.475400,-4.390797
157.683800,-4.390797
158.892200,-4.390797
160.100600,-4.390797
161.309100,-4.390797
162.517500,-4.390797
163.725900,-4.390797
164.934300,-4.390797
166.142700,-4.390797
167.351100,-4.390797
168.559500,-4.390797
169.767900,-4.390797
170.976300,-4.390797
172.184700,-4.390797
173.393100,-4.390797
174.601500,-4.390797
175.809900,-4.390797
177.018300,-4.390797
178.226700,-4.390797
179.435100,-4.390797
180.643500,-4.390797
181.851900,-4.390797
183.060300,-4.390797
184.268800,-4.390797
185.477200,-4.390797
186.685600,-4.390797
187.894000,-4.390797
189.102400,-4.390797
190.310800,-4.390797
191.519200,-4.390797
192.727600,-4.390797
193.936000,-4.390797
195.144400,-4.390797
196.352800,-4.390797
197.561200,-4.390797
198.769600,-4.390797
199.978000,-4.390797
201.186400,-4.390797
202.394800,-4.390797
203.603200,-4.390797
204.811600,-4.390797
206.020100,-4.390797
207.228500,-4.390797
208.436900,-4.390797
209.645300,-4.390797
210.853700,-4.390797
212.062100,-4.390797
213.270500,-4.390797
214.478900,-4.390797
215.687300,-4.390797
216.895700,-4.390797
218.104100,-4.390797
219.312500,-4.390797
220.520900,-4.390797
221.729300,-4.390797
222.937700,-4.390797
224.146100,-4.390797
225.354500,-4.390797
226.562900,-4.390797
227.771300,-4.390797
228.979700,-4.390797
230.188200,-4.390797
231.396600,-4.390797
232.605000,-4.390797
233.813400,-4.390797
235.021800,-4.390797
236.230200,-4.390797
237.438600,-4.390797
238.647000,-4.390797
239.855400,-4.390797
241.063800,-4.390797
242.272200,-4.390797
243.480600,-4.390797
244.689000,-4.390797
245.897400,-4.390797
247.105800,-4.390797
248.314200,-4.390797
249.522600,-4.390797
250.731000,-4.390797
251.939400,-4.390797
253.147800,-4.390797
254.356200,-4.390797
255.564700,-4.390797
256.773100,-4.390797
257.981500,-4.390797
259.189900,-4.390797
260.398300,-4.390797
261.606700,-4.390797
262.815100,-4.390797
264.023500,-4.390797
265.231900,-4.390797
266.440300,-4.390797
267.648700,-4.390797
268.857100,-4.390797
270.065500,-4.390797
271.273900,-4.390797
272.482300,-4.390797
273.690700,-4.390797
274.899100,-4.390797
276.107500,-4.390797
277.315900,-4.390797
278.524400,-4.390797
279.732800,-4.390797
280.941200,-4.390797
282.149600,-4.390797
283.358000,-4.390797
284.566400,-4.390797
285.774800,-4.390797
286.983200,-4.390797
288.191600,-4.390797
289.400000,-4.390797
290.608400,-4.390797
291.816800,-4.390797
293.025200,-4.390797
294.233600,-4.390797
295.442000,-4.390797
296.650500,-4.390797
297.858900,-4.390797
299.067300,-4.390797
300.275700,-4.390797
301.484100,-4.390797
302.692500,-4.390797
303.900900,-4.390797
305.109300,-4.390797
306.317700,-4.390797
307.526100,-4.390797
308.734500,-4.390797
309.942900,-4.390797
311.151300,-4.390797
312.359700,-4.390797
313.568100,-4.390797
0.591150,-3.136283
1.799555,-3.136283
3.007961,-3.136283
4.216366,-3.136283
5.424771,-3.136283
6.633176,-3.136283
7.841581,-3.136283
9.049987,-3.136283
10.258390,-3.136283
11.466800,-3.136283
12.675200,-3.136283
13.883610,-3.136283
15.092010,-3.136283
16.300420,-3.136283
17.508820,-3.136283
18.717230,-3.136283
19.925630,-3.136283
21.134040,-3.136283
22.342450,-3.136283
23.550850,-3.136283
24.759250,-3.136283
25.967660,-3.136283
27.176070,-3.136283
28.384470,-3.136283
29.592880,-3.136283
30.801280,-3.136283
32.009690,-3.136283
33.218090,-3.136283
34.426500,-3.136283
35.634900,-3.136283
36.843310,-3.136283
38.051710,-3.136283
39.260120,-3.136283
40.468520,-3.136283
41.676930,-3.136283
42.885330,-3.136283
44.093740,-3.136283
45.302140,-3.136283
46.510550,-3.136283
47.718960,-3.136283
48.927360,-3.136283
50.135770,-3.136283
51.344170,-3.136283
52.552570,-3.136283
53.760980,-3.136283
54.969390,-3.136283
56.177790,-3.136283
57.386200,-3.136283
58.594600,-3.136283
59.803010,-3.136283
61.011410,-3.136283
62.219820,-3.136283
63.428220,-3.136283
64.636630,-3.136283
65.845030,-3.136283
67.053440,-3.136283
68.261840,-3.136283
69.470250,-3.136283
70.678660,-3.136283
71.887060,-3.136283
73.095470,-3.136283
74.303870,-3.136283
75.512280,-3.136283
76.720680,-3.136283
77.929080,-3.136283
79.137490,-3.136283
80.345890,-3.136283
81.554310,-3.136283
82.762710,-3.136283
83.971120,-3.136283
85.179520,-3.136283
86.387920,-3.136283
87.596330,-3.136283
88.804730,-3.136283
90.013140,-3.136283
91.221540,-3.136283
92.429950,-3.136283
93.638350,-3.136283
94.846760,-3.136283
96.055170,-3.136283
97.263570,-3.136283
98.471980,-3.136283
99.680380,-3.136283
100.888800,-3.136283
102.097200,-3.136283
103.305600,-3.136283
104.514000,-3.136283
105.722400,-3.136283
106.930800,-3.136283
108.139200,-3.136283
109.347600,-3.136283
110.556000,-3.136283
111.764400,-3.136283
112.972800,-3.136283
114.181200,-3.136283
115.389600,-3.136283
116.598100,-3.136283
117.806500,-3.136283
119.014900,-3.136283
120.223300,-3.136283
121.431700,-3.136283
122.640100,-3.136283
123.848500,-3.136283
125.056900,-3.136283
126.265300,-3.136283
127.473700,-3.136283
128.682100,-3.136283
129.890500,-3.136283
131.098900,-3.136283
132.307300,-3.136283
133.515700,-3.136283
134.724100,-3.136283
135.932500,-3.136283
137.140900,-3.136283
138.349300,-3.136283
139.557800,-3.136283
140.766200,-3.136283
141.974600,-3.136283
143.183000,-3.136283
144.391400,-3.136283
145.599800,-3.136283
146.808200,-3.136283
148.016600,-3.136283
149.225000,-3.136283
150.433400,-3.136283
151.641800,-3.136283
152.850200,-3.136283
154.058600,-3.136283
155.267000,-3.136283
156.475400,-3.136283
157.683800,-3.136283
158.892200,-3.136283
160.100600,-3.136283
161.309100,-3.136283
162.517500,-3.136283
163.725900,-3.136283
164.934300,-3.136283
166.142700,-3.136283
167.351100,-3.136283
168.559500,-3.136283
169.767900,-3.136283
170.976300,-3.136283
172.184700,-3.136283
173.393100,-3.136283
174.601500,-3.136283
175.809900,-3.136283
177.018300,-3.136283
178.226700,-3.136283
179.435100,-3.136283
180.643500,-3.136283
181.851900,-3.136283
183.060300,-3.136283
184.268800,-3.136283
185.477200,-3.136283
186.685600,-3.136283
187.894000,-3.136283
189.102400,-3.136283
190.310800,-3.136283
191.519200,-3.136283
192.727600,-3.136283
193.936000,-3.136283
195.144400,-3.136283
196.352800,-3.136283
197.561200,-3.136283
198.769600,-3.136283
199.978000,-3.136283
201.186400,-3.136283
202.394800,-3.136283
203.603200,-3.136283
204.811600,-3.136283
206.020100,-3.136283
207.228500,-3.136283
208.436900,-3.136283
209.645300,-3.136283
210.853700,-3.136283
212.062100,-3.136283
213.270500,-3.136283
214.478900,-3.136283
215.687300,-3.136283
216.895700,-3.136283
218.104100,-3.136283
219.312500,-3.136283
220.520900,-3.136283
221.729300,-3.136283
222.937700,-3.136283
224.146100,-3.136283
225.354500,-3.136283
226.562900,-3.136283
227.771300,-3.136283
228.979700,-3.136283
230.188200,-3.136283
231.396600,-3.136283
232.605000,-3.136283
233.813400,-3.136283
235.021800,-3.136283
236.230200,-3.136283
237.438600,-3.136283
238.647000,-3.136283
239.855400,-3.136283
241.063800,-3.136283
242.272200,-3.136283
243.480600,-3.136283
244.689000,-3.136283
245.897400,-3.136283
247.105800,-3.136283
248.314200,-3.136283
249.522600,-3.136283
250.731000,-3.136283
251.939400,-3.136283
253.147800,-3.136283
254.356200,-3.136283
255.564700,-3.136283
256.773100,-3.136283
257.981500,-3.136283
259.189900,-3.136283
260.398300,-3.136283
261.606700,-3.136283
262.815100,-3.136283
264.023500,-3.136283
265.231900,-3.136283
266.440300,-3.136283
267.648700,-3.136283
268.857100,-3.136283
270.065500,-3.136283
271.273900,-3.136283
272.482300,-3.136283
273.690700,-3.136283
274.899100,-3.136283
276.107500,-3.136283
277.315900,-3.136283
278.524400,-3.136283
279.732800,-3.136283
280.941200,-3.136283
282.149600,-3.136283
283.358000,-3.136283
284.566400,-3.136283
285.774800,-3.136283
286.983200,-3.136283
288.191600,-3.136283
289.400000,-3.136283
290.608400,-3.136283
291.816800,-3.136283
293.025200,-3.136283
294.233600,-3.136283
295.442000,-3.136283
296.650500,-3.136283
297.858900,-3.136283
299.067300,-3.136283
300.275700,-3.136283
301.484100,-3.136283
302.692500,-3.136283
303.900900,-3.136283
305.109300,-3.136283
306.317700,-3.136283
307.526100,-3.136283
308.734500,-3.136283
309.942900,-3.136283
311.151300,-3.136283
312.359700,-3.136283
313.568100,-3.136283
0.591150,-1.881770
1.799555,-1.881770
3.007961,-1.881770
4.216366,-1.881770
5.424771,-1.881770
6.633176,-1.881770
7.841581,-1.881770
9.049987,-1.881770
10.258390,-1.881770
11.466800,-1.881770
12.675200,-1.881770
13.883610,-1.881770
15.092010,-1.881770
16.300420,-1.881770
17.508820,-1.881770
18.717230,-1.881770
19.925630,-1.881770
21.134040,-1.881770
22.342450,-1.881770
23.550850,-1.881770
24.759250,-1.881770
25.967660,-1.881770
27.176070,-1.881770
28.384470,-1.881770
29.592880,-1.881770
30.801280,-1.881770
32.009690,-1.881770
33.218090,-1.881770
34.426500,-1.881770
35.634900,-1.881770
36.843310,-1.881770
38.051710,-1.881770
39.260120,-1.881770
40.468520,-1.881770
41.676930,-1.881770
42.885330,-1.881770
44.093740,-1.881770
45.302140,-1.881770
46.510550,-1.881770
47.718960,-1.881770
48.927360,-1.881770
50.135770,-1.881770
51.344170,-1.881770
52.552570,-1.881770
53.760980,-1.881770
54.969390,-1.881770
56.177790,-1.881770
57.386200,-1.881770
58.594600,-1.881770
59.803010,-1.881770
61.011410,-1.881770
62.219820,-1.881770
63.428220,-1.881770
64.636630,-1.881770
65.845030,-1.881770
67.053440,-1.881770
68.261840,-1.881770
69.470250,-1.881770
70.678660,-1.881770
71.887060,-1.881770
73.095470,-1.881770
74.303870,-1.881770
75.512280,-1.881770
76.720680,-1.881770
77.929080,-1.881770
79.137490,-1.881770
80.345890,-1.881770
81.554310,-1.881770
82.762710,-1.881770
83.971120,-1.881770
85.179520,-1.881770
86.387920,-1.881770
87.596330,-1.881770
88.804730,-1.881770
90.013140,-1.881770
91.221540,-1.881770
92.429950,-1.881770
93.638350,-1.881770
94.846760,-1.881770
96.055170,-1.881770
97.263570,-1.881770
98.471980,-1.881770
99.680380,-1.881770
100.888800,-1.881770
102.097200,-1.881770
103.305600,-1.881770
104.514000,-1.881770
105.722400,-1.881770
106.930800,-1.881770
108.139200,-1.881770
109.347600,-1.881770
110.556000,-1.881770
111.764400,-1.881770
112.972800,-1.881770
114.181200,-1.881770
115.389600,-1.881770
116.598100,-1.881770
117.806500,-1.881770
119.014900,-1.881770
120.223300,-1.881770
121.431700,-1.881770
122.640100,-1.881770
123.848500,-1.881770
125.056900,-1.881770
126.265300,-1.881770
127.473700,-1.881770
128.682100,-1.881770
129.890500,-1.881770
131.098900,-1.881770
132.307300,-1.881770
133.515700,-1.881770
134.724100,-1.881770
135.932500,-1.881770
137.140900,-1.881770
138.349300,-1.881770
139.557800,-1.881770
140.766200,-1.881770
141.974600,-1.881770
143.183000,-1.881770
144.391400,-1.881770
145.599800,-1.881770
146.808200,-1.881770
148.016600,-1.881770
149.225000,-1.881770
150.433400,-1.881770
151.641800,-1.881770
152.850200,-1.881770
154.058600,-1.881770
155.267000,-1.881770
156.475400,-1.881770
157.683800,-1.881770
158.892200,-1.881770
160.100600,-1.881770
161.309100,-1.881770
162.517500,-1.881770
163.725900,-1.881770
164.934300,-1.881770
166.142700,-1.881770
167.351100,-1.881770
168.559500,-1.881770
169.767900,-1.881770
170.976300,-1.881770
172.184700,-1.881770
173.393100,-1.881770
174.601500,-1.881770
175.809900,-1.881770
177.018300,-1.881770
178.226700,-1.881770
179.435100,-1.881770
180.643500,-1.881770
181.851900,-1.881770
183.060300,-1.881770
184.268800,-1.881770
185.477200,-1.881770
186.685600,-1.881770
187.894000,-1.881770
189.102400,-1.881770
190.310800,-1.881770
191.519200,-1.881770
192.727600,-1.881770
193.936000,-1.881770
195.144400,-1.881770
196.352800,-1.881770
197.561200,-1.881770
198.769600,-1.881770
199.978000,-1.881770
201.186400,-1.881770
202.394800,-1.881770
203.603200,-1.881770
204.811600,-1.881770
206.020100,-1.881770
207.228500,-1.881770
208.436900,-1.881770
209.645300,-1.881770
210.853700,-1.881770
212.062100,-1.881770
213.270500,-1.881770
214.478900,-1.881770
215.687300,-1.881770
216.895700,-1.881770
218.104100,-1.881770
219.312500,-1.881770
220.520900,-1.881770
221.729300,-1.881770
222.937700,-1.881770
224.146100,-1.881770
225.354500,-1.881770
226.562900,-1.881770
227.771300,-1.881770
228.979700,-1.881770
230.188200,-1.881770
231.396600,-1.881770
232.605000,-1.881770
233.813400,-1.881770
235.021800,-1.881770
236.230200,-1.881770
237.438600,-1.881770
238.647000,-1.881770
239.855400,-1.881770
241.063800,-1.881770
242.272200,-1.881770
243.480600,-1.881770
244.689000,-1.881770
245.897400,-1.881770
247.105800,-1.881770
248.314200,-1.881770
249.522600,-1.881770
250.731000,-1.881770
251.939400,-1.881770
253.147800,-1.881770
254.356200,-1.881770
255.564700,-1.881770
256.773100,-1.881770
257.981500,-1.881770
259.189900,-1.881770
260.398300,-1.881770
261.606700,-1.881770
262.815100,-1.881770
264.023500,-1.881770
265.231900,-1.881770
266.440300,-1.881770
267.648700,-1.881770
268.857100,-1.881770
270.065500,-1.881770
271.273900,-1.881770
272.482300,-1.881770
273.690700,-1.881770
274.899100,-1.881770
276.107500,-1.881770
277.315900,-1.881770
278.524400,-1.881770
279.732800,-1.881770
280.941200,-1.881770
282.149600,-1.881770
283.358000,-1.881770
284.566400,-1.881770
285.774800,-1.881770
286.983200,-1.881770
288.191600,-1.881770
289.400000,-1.881770
290.608400,-1.881770
291.816800,-1.881770
293.025200,-1.881770
294.233600,-1.881770
295.442000,-1.881770
296.650500,-1.881770
297.858900,-1.881770
299.067300,-1.881770
300.275700,-1.881770
301.484100,-1.881770
302.692500,-1.881770
303.900900,-1.881770
305.109300,-1.881770
306.317700,-1.881770
307.526100,-1.881770
308.734500,-1.881770
309.942900,-1.881770
311.151300,-1.881770
312.359700,-1.881770
313.568100,-1.881770
0.591150,-0.627257
1.799555,-0.627257
3.007961,-0.627257
4.216366,-0.627257
5.424771,-0.627257
6.633176,-0.627257
7.841581,-0.627257
9.049987,-0.627257
10.258390,-0.627257
11.466800,-0.627257
12.675200,-0.627257
13.883610,-0.627257
15.092010,-0.627257
16.300420,-0.627257
17.508820,-0.627257
18.717230,-0.627257
19.925630,-0.627257
21.134040,-0.627257
22.342450,-0.627257
23.550850,-0.627257
24.759250,-0.627257
25.967660,-0.627257
27.176070,-0.627257
28.384470,-0.627257
29.592880,-0.627257
30.801280,-0.627257
32.009690,-0.627257
33.218090,-0.627257
34.426500,-0.627257
35.634900,-0.627257
36.843310,-0.627257
38.051710,-0.627257
39.260120,-0.627257
40.468520,-0.627257
41.676930,-0.627257
42.885330,-0.627257
44.093740,-0.627257
45.302140,-0.627257
46.510550,-0.627257
47.718960,-0.627257
48.927360,-0.627257
50.135770,-0.627257
51.344170,-0.627257
52.552570,-0.627257
53.760980,-0.627257
54.969390,-0.627257
56.177790,-0.627257
57.386200,-0.627257
58.594600,-0.627257
59.803010,-0.627257
61.011410,-0.627257
62.219820,-0.627257
63.428220,-0.627257
64.636630,-0.627257
65.845030,-0.627257
67.053440,-0.627257
68.261840,-0.627257
69.470250,-0.627257
70.678660,-0.627257
71.887060,-0.627257
73.095470,-0.627257
74.303870,-0.627257
75.512280,-0.627257
76.720680,-0.627257
77.929080,-0.627257
79.137490,-0.627257
80.345890,-0.627257
81.554310,-0.627257
82.762710,-0.627257
83.971120,-0.627257
85.179520,-0.627257
86.387920,-0.627257
87.596330,-0.627257
88.804730,-0.627257
90.013140,-0.627257
91.221540,-0.627257
92.429950,-0.627257
93.638350,-0.627257
94.846760,-0.627257
96.055170,-0.627257
97.263570,-0.627257
98.471980,-0.627257
99.680380,-0.627257
100.888800,-0.627257
102.097200,-0.627257
103.305600,-0.627257
104.514000,-0.627257
105.722400,-0.627257
106.930800,-0.627257
108.139200,-0.627257
109.347600,-0.627257
110.556000,-0.627257
111.764400,-0.627257
112.972800,-0.627257
114.181200,-0.627257
115.389600,-0.627257
116.598100,-0.627257
117.806500,-0.627257
119.014900,-0.627257
120.223300,-0.627257
121.431700,-0.627257
122.640100,-0.627257
123.848500,-0.627257
125.056900,-0.627257
126.265300,-0.627257
127.473700,-0.627257
128.682100,-0.627257
129.890500,-0.627257
131.098900,-0.627257
132.307300,-0.627257
133.515700,-0.627257
134.724100,-0.627257
135.932500,-0.627257
137.140900,-0.627257
138.349300,-0.627257
139.557800,-0.627257
140.766200,-0.627257
141.974600,-0.627257
143.183000,-0.627257
144.391400,-0.627257
145.599800,-0.627257
146.808200,-0.627257
148.016600,-0.627257
149.225000,-0.627257
150.433400,-0.627257
151.641800,-0.627257
152.850200,-0.627257
154.058600,-0.627257
155.267000,-0.627257
156.475400,-0.627257
157.683800,-0.627257
158.892200,-0.627257
160.100600,-0.627257
161.309100,-0.627257
162.517500,-0.627257
163.725900,-0.627257
164.934300,-0.627257
166.142700,-0.627257
167.351100,-0.627257
168.559500,-0.627257
169.767900,-0.627257
170.976300,-0.627257
172.184700,-0.627257
173.393100,-0.627257
174.601500,-0.627257
175.809900,-0.627257
177.018300,-0.627257
178.226700,-0.627257
179.435100,-0.627257
180.643500,-0.627257
181.851900,-0.627257
183.060300,-0.627257
184.268800,-0.627257
185.477200,-0.627257
186.685600,-0.627257
187.894000,-0.627257
189.102400,-0.627257
190.310800,-0.627257
191.519200,-0.627257
192.727600,-0.627257
193.936000,-0.627257
195.144400,-0.627257
196.352800,-0.627257
197.561200,-0.627257
198.769600,-0.627257
199.978000,-0.627257
201.186400,-0.627257
202.394800,-0.627257
203.603200,-0.627257
204.811600,-0.627257
206.020100,-0.627257
207.228500,-0.627257
208.436900,-0.627257
209.645300,-0.627257
210.853700,-0.627257
212.062100,-0.627257
213.270500,-0.627257
214.478900,-0.627257
215.687300,-0.627257
216.895700,-0.627257
218.104100,-0.627257
219.312500,-0.627257
220.520900,-0.627257
221.729300,-0.627257
222.937700,-0.627257
224.146100,-0.627257
225.354500,-0.627257
226.562900,-0.627257
227.771300,-0.627257
228.979700,-0.627257
230.188200,-0.627257
231.396600,-0.627257
232.605000,-0.627257
233.813400,-0.627257
235.021800,-0.627257
236.230200,-0.627257
237.438600,-0.627257
238.647000,-0.627257
239.855400,-0.627257
241.063800,-0.627257
242.272200,-0.627257
243.480600,-0.627257
244.689000,-0.627257
245.897400,-0.627257
247.105800,-0.627257
248.314200,-0.627257
249.522600,-0.627257
250.731000,-0.627257
251.939400,-0.627257
253.147800,-0.627257
254.356200,-0.627257
255.564700,-0.627257
256.773100,-0.627257
257.981500,-0.627257
259.189900,-0.627257
260.398300,-0.627257
261.606700,-0.627257
262.815100,-0.627257
264.023500,-0.627257
265.231900,-0.627257
266.440300,-0.627257
267.648700,-0.627257
268.857100,-0.627257
270.065500,-0.627257
271.273900,-0.627257
272.482300,-0.627257
273.690700,-0.627257
274.899100,-0.627257
276.107500,-0.627257
277.315900,-0.627257
278.524400,-0.627257
279.732800,-0.627257
280.941200,-0.627257
282.149600,-0.627257
283.358000,-0.627257
284.566400,-0.627257
285.774800,-0.627257
286.983200,-0.627257
288.191600,-0.627257
289.400000,-0.627257
290.608400,-0.627257
291.816800,-0.627257
293.025200,-0.627257
294.233600,-0.627257
295.442000,-0.627257
296.650500,-0.627257
297.858900,-0.627257
299.067300,-0.627257
300.275700,-0.627257
301.484100,-0.627257
302.692500,-0.627257
303.900900,-0.627257
305.109300,-0.627257
306.317700,-0.627257
307.526100,-0.627257
308.734500,-0.627257
309.942900,-0.627257
311.151300,-0.627257
312.359700,-0.627257
313.568100,-0.627257
0.591150,0.627256
1.799555,0.627256
3.007961,0.627256
4.216366,0.627256
5.424771,0.627256
6.633176,0.627256
7.841581,0.627256
9.049987,0.627256
10.258390,0.627256
11.466800,0.627256
12.675200,0.627256
13.883610,0.627256
15.092010,0.627256
16.300420,0.627256
17.508820,0.627256
18.717230,0.627256
19.925630,0.627256
21.134040,0.627256
22.342450,0.627256
23.550850,0.627256
24.759250,0.627256
25.967660,0.627256
27.176070,0.627256
28.384470,0.627256
29.592880,0.627256
30.801280,0.627256
32.009690,0.627256
33.218090,0.627256
34.426500,0.627256
35.634900,0.627256
36.843310,0.627256
38.051710,0.627256
39.260120,0.627256
40.468520,0.627256
41.676930,0.627256
42.885330,0.627256
44.093740,0.627256
45.302140,0.627256
46.510550,0.627256
47.718960,0.627256
48.927360,0.627256
50.135770,0.627256
51.344170,0.627256
52.552570,0.627256
53.760980,0.627256
54.969390,0.627256
56.177790,0.627256
57.386200,0.627256
58.594600,0.627256
59.803010,0.627256
61.011410,0.627256
62.219820,0.627256
63.428220,0.627256
64.636630,0.627256
65.845030,0.627256
67.053440,0.627256
68.261840,0.627256
69.470250,0.627256
70.678660,0.627256
71.887060,0.627256
73.095470,0.627256
74.303870,0.627256
75.512280,0.627256
76.720680,0.627256
77.929080,0.627256
79.137490,0.627256
80.345890,0.627256
81.554310,0.627256
82.762710,0.627256
83.971120,0.627256
85.179520,0.627256
86.387920,0.627256
87.596330,0.627256
88.804730,0.627256
90.013140,0.627256
91.221540,0.627256
92.429950,0.627256
93.638350,0.627256
94.846760,0.627256
96.055170,0.627256
97.263570,0.627256
98.471980,0.627256
99.680380,0.627256
100.888800,0.627256
102.097200,0.627256
103.305600,0.627256
104.514000,0.627256
105.722400,0.627256
106.930800,0.627256
108.139200,0.627256
109.347600,0.627256
110.556000,0.627256
111.764400,0.627256
112.972800,0.627256
114.181200,0.627256
115.389600,0.627256
116.598100,0.627256
117.806500,0.627256
119.014900,0.627256
120.223300,0.627256
121.431700,0.627256
122.640100,0.627256
123.848500,0.627256
125.056900,0.627256
126.265300,0.627256
127.473700,0.627256
128.682100,0.627256
129.890500,0.627256
131.098900,0.627256
132.307300,0.627256
133.515700,0.627256
134.724100,0.627256
135.932500,0.627256
137.140900,0.627256
138.349300,0.627256
139.557800,0.627256
140.766200,0.627256
141.974600,0.627256
143.183000,0.627256
144.391400,0.627256
145.599800,0.627256
146.808200,0.627256
148.016600,0.627256
149.225000,0.627256
150.433400,0.627256
151.641800,0.627256
152.850200,0.627256
154.058600,0.627256
155.267000,0.627256
156.475400,0.627256
157.683800,0.627256
158.892200,0.627256
160.100600,0.627256
161.309100,0.627256
162.517500,0.627256
163.725900,0.627256
164.934300,0.627256
166.142700,0.627256
167.351100,0.627256
168.559500,0.627256
169.767900,0.627256
170.976300,0.627256
172.184700,0.627256
173.393100,0.627256
174.601500,0.627256
175.809900,0.627256
177.018300,0.627256
178.226700,0.627256
179.435100,0.627256
180.643500,0.627256
181.851900,0.627256
183.060300,0.627256
184.268800,0.627256
185.477200,0.627256
186.685600,0.627256
187.894000,0.627256
189.102400,0.627256
190.310800,0.627256
191.519200,0.627256
192.727600,0.627256
193.936000,0.627256
195.144400,0.627256
196.352800,0.627256
197.561200,0.627256
198.769600,0.627256
199.978000,0.627256
201.186400,0.627256
202.394800,0.627256
203.603200,0.627256
204.811600,0.627256
206.020100,0.627256
207.228500,0.627256
208.436900,0.627256
209.645300,0.627256
210.853700,0.627256
212.062100,0.627256
213.270500,0.627256
214.478900,0.627256
215.687300,0.627256
216.895700,0.627256
218.104100,0.627256
219.312500,0.627256
220.520900,0.627256
221.729300,0.627256
222.937700,0.627256
224.146100,0.627256
225.354500,0.627256
226.562900,0.627256
227.771300,0.627256
228.979700,0.627256
230.188200,0.627256
231.396600,0.627256
232.605000,0.627256
233.813400,0.627256
235.021800,0.627256
236.230200,0.627256
237.438600,0.627256
238.647000,0.627256
239.855400,0.627256
241.063800,0.627256
242.272200,0.627256
243.480600,0.627256
244.689000,0.627256
245.897400,0.627256
247.105800,0.627256
248.314200,0.627256
249.522600,0.627256
250.731000,0.627256
251.939400,0.627256
253.147800,0.627256
254.356200,0.627256
255.564700,0.627256
256.773100,0.627256
257.981500,0.627256
259.189900,0.627256
260.398300,0.627256
261.606700,0.627256
262.815100,0.627256
264.023500,0.627256
265.231900,0.627256
266.440300,0.627256
267.648700,0.627256
268.857100,0.627256
270.065500,0.627256
271.273900,0.627256
272.482300,0.627256
273.690700,0.627256
274.899100,0.627256
276.107500,0.627256
277.315900,0.627256
278.524400,0.627256
279.732800,0.627256
280.941200,0.627256
282.149600,0.627256
283.358000,0.627256
284.566400,0.627256
285.774800,0.627256
286.983200,0.627256
288.191600,0.627256
289.400000,0.627256
290.608400,0.627256
291.816800,0.627256
293.025200,0.627256
294.233600,0.627256
295.442000,0.627256
296.650500,0.627256
297.858900,0.627256
299.067300,0.627256
300.275700,0.627256
301.484100,0.627256
302.692500,0.627256
303.900900,0.627256
305.109300,0.627256
306.317700,0.627256
307.526100,0.627256
308.734500,0.627256
309.942900,0.627256
311.151300,0.627256
312.359700,0.627256
313.568100,0.627256
0.591150,1.881770
1.799555,1.881770
3.007961,1.881770
4.216366,1.881770
5.424771,1.881770
6.633176,1.881770
7.841581,1.881770
9.049987,1.881770
10.258390,1.881770
11.466800,1.881770
12.675200,1.881770
13.883610,1.881770
15.092010,1.881770
16.300420,1.881770
17.508820,1.881770
18.717230,1.881770
19.925630,1.881770
21.134040,1.881770
22.342450,1.881770
23.550850,1.881770
24.759250,1.881770
25.967660,1.881770
27.176070,1.881770
28.384470,1.881770
29.592880,1.881770
30.801280,1.881770
32.009690,1.881770
33.218090,1.881770
34.426500,1.881770
35.634900,1.881770
36.843310,1.881770
38.051710,1.881770
39.260120,1.881770
40.468520,1.881770
41.676930,1.881770
42.885330,1.881770
44.093740,1.881770
45.302140,1.881770
46.510550,1.881770
47.718960,1.881770
48.927360,1.881770
50.135770,1.881770
51.344170,1.881770
52.552570,1.881770
53.760980,1.881770
54.969390,1.881770
56.177790,1.881770
57.386200,1.881770
58.594600,1.881770
59.803010,1.881770
61.011410,1.881770
62.219820,1.881770
63.428220,1.881770
64.636630,1.881770
65.845030,1.881770
67.053440,1.881770
68.261840,1.881770
69.470250,1.881770
70.678660,1.881770
71.887060,1.881770
73.095470,1.881770
74.303870,1.881770
75.512280,1.881770
76.720680,1.881770
77.929080,1.881770
79.137490,1.881770
80.345890,1.881770
81.554310,1.881770
82.762710,1.881770
83.971120,1.881770
85.179520,1.881770
86.387920,1.881770
87.596330,1.881770
88.804730,1.881770
90.013140,1.881770
91.221540,1.881770
92.429950,1.881770
93.638350,1.881770
94.846760,1.881770
96.055170,1.881770
97.263570,1.881770
98.471980,1.881770
99.680380,1.881770
100.888800,1.881770
102.097200,1.881770
103.305600,1.881770
104.514000,1.881770
105.722400,1.881770
106.930800,1.881770
108.139200,1.881770
109.347600,1.881770
110.556000,1.881770
111.764400,1.881770
112.972800,1.881770
114.181200,1.881770
115.389600,1.881770
116.598100,1.881770
117.806500,1.881770
119.014900,1.881770
120.223300,1.881770
121.431700,1.881770
122.640100,1.881770
123.848500,1.881770
125.056900,1.881770
126.265300,1.881770
127.473700,1.881770
128.682100,1.881770
129.890500,1.881770
131.098900,1.881770
132.307300,1.881770
133.515700,1.881770
134.724100,1.881770
135.932500,1.881770
137.140900,1.881770
138.349300,1.881770
139.557800,1.881770
140.766200,1.881770
141.974600,1.881770
143.183000,1.881770
144.391400,1.881770
145.599800,1.881770
146.808200,1.881770
148.016600,1.881770
149.225000,1.881770
150.433400,1.881770
151.641800,1.881770
152.850200,1.881770
154.058600,1.881770
155.267000,1.881770
156.475400,1.881770
157.683800,1.881770
158.892200,1.881770
160.100600,1.881770
161.309100,1.881770
162.517500,1.881770
163.725900,1.881770
164.934300,1.881770
166.142700,1.881770
167.351100,1.881770
168.559500,1.881770
169.767900,1.881770
170.976300,1.881770
172.184700,1.881770
173.393100,1.881770
174.601500,1.881770
175.809900,1.881770
177.018300,1.881770
178.226700,1.881770
179.435100,1.881770
180.643500,1.881770
181.851900,1.881770
183.060300,1.881770
184.268800,1.881770
185.477200,1.881770
186.685600,1.881770
187.894000,1.881770
189.102400,1.881770
190.310800,1.881770
191.519200,1.881770
192.727600,1.881770
193.936000,1.881770
195.144400,1.881770
196.352800,1.881770
197.561200,1.881770
198.769600,1.881770
199.978000,1.881770
201.186400,1.881770
202.394800,1.881770
203.603200,1.881770
204.811600,1.881770
206.020100,1.881770
207.228500,1.881770
208.436900,1.881770
209.645300,1.881770
210.853700,1.881770
212.062100,1.881770
213.270500,1.881770
214.478900,1.881770
215.687300,1.881770
216.895700,1.881770
218.104100,1.881770
219.312500,1.881770
220.520900,1.881770
221.729300,1.881770
222.937700,1.881770
224.146100,1.881770
225.354500,1.881770
226.562900,1.881770
227.771300,1.881770
228.979700,1.881770
230.188200,1.881770
231.396600,1.881770
232.605000,1.881770
233.813400,1.881770
235.021800,1.881770
236.230200,1.881770
237.438600,1.881770
238.647000,1.881770
239.855400,1.881770
241.063800,1.881770
242.272200,1.881770
243.480600,1.881770
244.689000,1.881770
245.897400,1.881770
247.105800,1.881770
248.314200,1.881770
249.522600,1.881770
250.731000,1.881770
251.939400,1.881770
253.147800,1.881770
254.356200,1.881770
255.564700,1.881770
256.773100,1.881770
257.981500,1.881770
259.189900,1.881770
260.398300,1.881770
261.606700,1.881770
262.815100,1.881770
264.023500,1.881770
265.231900,1.881770
266.440300,1.881770
267.648700,1.881770
268.857100,1.881770
270.065500,1.881770
271.273900,1.881770
272.482300,1.881770
273.690700,1.881770
274.899100,1.881770
276.107500,1.881770
277.315900,1.881770
278.524400,1.881770
279.732800,1.881770
280.941200,1.881770
282.149600,1.881770
283.358000,1.881770
284.566400,1.881770
285.774800,1.881770
286.983200,1.881770
288.191600,1.881770
289.400000,1.881770
290.608400,1.881770
291.816800,1.881770
293.025200,1.881770
294.233600,1.881770
295.442000,1.881770
296.650500,1.881770
297.858900,1.881770
299.067300,1.881770
300.275700,1.881770
301.484100,1.881770
302.692500,1.881770
303.900900,1.881770
305.109300,1.881770
306.317700,1.881770
307.526100,1.881770
308.734500,1.881770
309.942900,1.881770
311.151300,1.881770
312.359700,1.881770
313.568100,1.881770
0.591150,3.136283
1.799555,3.136283
3.007961,3.136283
4.216366,3.136283
5.424771,3.136283
6.633176,3.136283
7.841581,3.136283
9.049987,3.136283
10.258390,3.136283
11.466800,3.136283
12.675200,3.136283
13.883610,3.136283
15.092010,3.136283
16.300420,3.136283
17.508820,3.136283
18.717230,3.136283
19.925630,3.136283
21.134040,3.136283
22.342450,3.136283
23.550850,3.136283
24.759250,3.136283
25.967660,3.136283
27.176070,3.136283
28.384470,3.136283
29.592880,3.136283
30.801280,3.136283
32.009690,3.136283
33.218090,3.136283
34.426500,3.136283
35.634900,3.136283
36.843310,3.136283
38.051710,3.136283
39.260120,3.136283
40.468520,3.136283
41.676930,3.136283
42.885330,3.136283
44.093740,3.136283
45.302140,3.136283
46.510550,3.136283
47.718960,3.136283
48.927360,3.136283
50.135770,3.136283
51.344170,3.136283
52.552570,3.136283
53.760980,3.136283
54.969390,3.136283
56.177790,3.136283
57.386200,3.136283
58.594600,3.136283
59.803010,3.136283
61.011410,3.136283
62.219820,3.136283
63.428220,3.136283
64.636630,3.136283
65.845030,3.136283
67.053440,3.136283
68.261840,3.136283
69.470250,3.136283
70.678660,3.136283
71.887060,3.136283
73.095470,3.136283
74.303870,3.136283
75.512280,3.136283
76.720680,3.136283
77.929080,3.136283
79.137490,3.136283
80.345890,3.136283
81.554310,3.136283
82.762710,3.136283
83.971120,3.136283
85.179520,3.136283
86.387920,3.136283
87.596330,3.136283
88.804730,3.136283
90.013140,3.136283
91.221540,3.136283
92.429950,3.136283
93.638350,3.136283
94.846760,3.136283
96.055170,3.136283
97.263570,3.136283
98.471980,3.136283
99.680380,3.136283
100.888800,3.136283
102.097200,3.136283
103.305600,3.136283
104.514000,3.136283
105.722400,3.136283
106.930800,3.136283
108.139200,3.136283
109.347600,3.136283
110.556000,3.136283
111.764400,3.136283
112.972800,3.136283
114.181200,3.136283
115.389600,3.136283
116.598100,3.136283
117.806500,3.136283
119.014900,3.136283
120.223300,3.136283
121.431700,3.136283
122.640100,3.136283
123.848500,3.136283
125.056900,3.136283
126.265300,3.136283
127.473700,3.136283
128.682100,3.136283
129.890500,3.136283
131.098900,3.136283
132.307300,3.136283
133.515700,3.136283
134.724100,3.136283
135.932500,3.136283
137.140900,3.136283
138.349300,3.136283
139.557800,3.136283
140.766200,3.136283
141.974600,3.136283
143.183000,3.136283
144.391400,3.136283
145.599800,3.136283
146.808200,3.136283
148.016600,3.136283
149.225000,3.136283
150.433400,3.136283
151.641800,3.136283
152.850200,3.136283
154.058600,3.136283
155.267000,3.136283
156.475400,3.136283
157.683800,3.136283
158.892200,3.136283
160.100600,3.136283
161.309100,3.136283
162.517500,3.136283
163.725900,3.136283
164.934300,3.136283
166.142700,3.136283
167.351100,3.136283
168.559500,3.136283
169.767900,3.136283
170.976300,3.136283
172.184700,3.136283
173.393100,3.136283
174.601500,3.136283
175.809900,3.136283
177.018300,3.136283
178.226700,3.136283
179.435100,3.136283
180.643500,3.136283
181.851900,3.136283
183.060300,3.136283
184.268800,3.136283
185.477200,3.136283
186.685600,3.136283
187.894000,3.136283
189.102400,3.136283
190.310800,3.136283
191.519200,3.136283
192.727600,3.136283
193.936000,3.136283
195.144400,3.136283
196.352800,3.136283
197.561200,3.136283
198.769600,3.136283
199.978000,3.136283
201.186400,3.136283
202.394800,3.136283
203.603200,3.136283
204.811600,3.136283
206.020100,3.136283
207.228500,3.136283
208.436900,3.136283
209.645300,3.136283
210.853700,3.136283
212.062100,3.136283
213.270500,3.136283
214.478900,3.136283
215.687300,3.136283
216.895700,3.136283
218.104100,3.136283
219.312500,3.136283
220.520900,3.136283
221.729300,3.136283
222.937700,3.136283
224.146100,3.136283
225.354500,3.136283
226.562900,3.136283
227.771300,3.136283
228.979700,3.136283
230.188200,3.136283
231.396600,3.136283
232.605000,3.136283
233.813400,3.136283
235.021800,3.136283
236.230200,3.136283
237.438600,3.136283
238.647000,3.136283
239.855400,3.136283
241.063800,3.136283
242.272200,3.136283
243.480600,3.136283
244.689000,3.136283
245.897400,3.136283
247.105800,3.136283
248.314200,3.136283
249.522600,3.136283
250.731000,3.136283
251.939400,3.136283
253.147800,3.136283
254.356200,3.136283
255.564700,3.136283
256.773100,3.136283
257.981500,3.136283
259.189900,3.136283
260.398300,3.136283
261.606700,3.136283
262.815100,3.136283
264.023500,3.136283
265.231900,3.136283
266.440300,3.136283
267.648700,3.136283
268.857100,3.136283
270.065500,3.136283
271.273900,3.136283
272.482300,3.136283
273.690700,3.136283
274.899100,3.136283
276.107500,3.136283
277.315900,3.136283
278.524400,3.136283
279.732800,3.136283
280.941200,3.136283
282.149600,3.136283
283.358000,3.136283
284.566400,3.136283
285.774800,3.136283
286.983200,3.136283
288.191600,3.136283
289.400000,3.136283
290.608400,3.136283
291.816800,3.136283
293.025200,3.136283
294.233600,3.136283
295.442000,3.136283
296.650500,3.136283
297.858900,3.136283
299.067300,3.136283
300.275700,3.136283
301.484100,3.136283
302.692500,3.136283
303.900900,3.136283
305.109300,3.136283
306.317700,3.136283
307.526100,3.136283
308.734500,3.136283
309.942900,3.136283
311.151300,3.136283
312.359700,3.136283
313.568100,3.136283
0.591150,4.390796
1.799555,4.390796
3.007961,4.390796
4.216366,4.390796
5.424771,4.390796
6.633176,4.390796
7.841581,4.390796
9.049987,4.390796
10.258390,4.390796
11.466800,4.390796
12.675200,4.390796
13.883610,4.390796
15.092010,4.390796
16.300420,4.390796
17.508820,4.390796
18.717230,4.390796
19.925630,4.390796
21.134040,4.390796
22.342450,4.390796
23.550850,4.390796
24.759250,4.390796
25.967660,4.390796
27.176070,4.390796
28.384470,4.390796
29.592880,4.390796
30.801280,4.390796
32.009690,4.390796
33.218090,4.390796
34.426500,4.390796
35.634900,4.390796
36.843310,4.390796
38.051710,4.390796
39.260120,4.390796
40.468520,4.390796
41.676930,4.390796
42.885330,4.390796
44.093740,4.390796
45.302140,4.390796
46.510550,4.390796
47.718960,4.390796
48.927360,4.390796
50.135770,4.390796
51.344170,4.390796
52.552570,4.390796
53.760980,4.390796
54.969390,4.390796
56.177790,4.390796
57.386200,4.390796
58.594600,4.390796
59.803010,4.390796
61.011410,4.390796
62.219820,4.390796
63.428220,4.390796
64.636630,4.390796
65.845030,4.390796
67.053440,4.390796
68.261840,4.390796
69.470250,4.390796
70.678660,4.390796
71.887060,4.390796
73.095470,4.390796
74.303870,4.390796
75.512280,4.390796
76.720680,4.390796
77.929080,4.390796
79.137490,4.390796
80.345890,4.390796
81.554310,4.390796
82.762710,4.390796
83.971120,4.390796
85.179520,4.390796
86.387920,4.390796
87.596330,4.390796
88.804730,4.390796
90.013140,4.390796
91.221540,4.390796
92.429950,4.390796
93.638350,4.390796
94.846760,4.390796
96.055170,4.390796
97.263570,4.390796
98.471980,4.390796
99.680380,4.390796
100.888800,4.390796
102.097200,4.390796
103.305600,4.390796
104.514000,4.390796
105.722400,4.390796
106.930800,4.390796
108.139200,4.390796
109.347600,4.390796
110.556000,4.390796
111.764400,4.390796
112.972800,4.390796
114.181200,4.390796
115.389600,4.390796
116.598100,4.390796
117.806500,4.390796
119.014900,4.390796
120.223300,4.390796
121.431700,4.390796
122.640100,4.390796
123.848500,4.390796
125.056900,4.390796
126.265300,4.390796
127.473700,4.390796
128.682100,4.390796
129.890500,4.390796
131.098900,4.390796
132.307300,4.390796
133.515700,4.390796
134.724100,4.390796
135.932500,4.390796
137.140900,4.390796
138.349300,4.390796
139.557800,4.390796
140.766200,4.390796
141.974600,4.390796
143.183000,4.390796
144.391400,4.390796
145.599800,4.390796
146.808200,4.390796
148.016600,4.390796
149.225000,4.390796
150.433400,4.390796
151.641800,4.390796
152.850200,4.390796
154.058600,4.390796
155.267000,4.390796
156.475400,4.390796
157.683800,4.390796
158.892200,4.390796
160.100600,4.390796
161.309100,4.390796
162.517500,4.390796
163.725900,4.390796
164.934300,4.390796
166.142700,4.390796
167.351100,4.390796
168.559500,4.390796
169.767900,4.390796
170.976300,4.390796
172.184700,4.390796
173.393100,4.390796
174.601500,4.390796
175.809900,4.390796
177.018300,4.390796
178.226700,4.390796
179.435100,4.390796
180.643500,4.390796
181.851900,4.390796
183.060300,4.390796
184.268800,4.390796
185.477200,4.390796
186.685600,4.390796
187.894000,4.390796
189.102400,4.390796
190.310800,4.390796
191.519200,4.390796
192.727600,4.390796
193.936000,4.390796
195.144400,4.390796
196.352800,4.390796
197.561200,4.390796
198.769600,4.390796
199.978000,4.390796
201.186400,4.390796
202.394800,4.390796
203.603200,4.390796
204.811600,4.390796
206.020100,4.390796
207.228500,4.390796
208.436900,4.390796
209.645300,4.390796
210.853700,4.390796
212.062100,4.390796
213.270500,4.390796
214.478900,4.390796
215.687300,4.390796
216.895700,4.390796
218.104100,4.390796
219.312500,4.390796
220.520900,4.390796
221.729300,4.390796
222.937700,4.390796
224.146100,4.390796
225.354500,4.390796
226.562900,4.390796
227.771300,4.390796
228.979700,4.390796
230.188200,4.390796
231.396600,4.390796
232.605000,4.390796
233.813400,4.390796
235.021800,4.390796
236.230200,4.390796
237.438600,4.390796
238.647000,4.390796
239.855400,4.390796
241.063800,4.390796
242.272200,4.390796
243.480600,4.390796
244.689000,4.390796
245.897400,4.390796
247.105800,4.390796
248.314200,4.390796
249.522600,4.390796
250.731000,4.390796
251.939400,4.390796
253.147800,4.390796
254.356200,4.390796
255.564700,4.390796
256.773100,4.390796
257.981500,4.390796
259.189900,4.390796
260.398300,4.390796
261.606700,4.390796
262.815100,4.390796
264.023500,4.390796
265.231900,4.390796
266.440300,4.390796
267.648700,4.390796
268.857100,4.390796
270.065500,4.390796
271.273900,4.390796
272.482300,4.390796
273.690700,4.390796
274.899100,4.390796
276.107500,4.390796
277.315900,4.390796
278.524400,4.390796
279.732800,4.390796
280.941200,4.390796
282.149600,4.390796
283.358000,4.390796
284.566400,4.390796
285.774800,4.390796
286.983200,4.390796
288.191600,4.390796
289.400000,4.390796
290.608400,4.390796
291.816800,4.390796
293.025200,4.390796
294.233600,4.390796
295.442000,4.390796
296.650500,4.390796
297.858900,4.390796
299.067300,4.390796
300.275700,4.390796
301.484100,4.390796
302.692500,4.390796
303.900900,4.390796
305.109300,4.390796
306.317700,4.390796
307.526100,4.390796
308.734500,4.390796
309.942900,4.390796
311.151300,4.390796
312.359700,4.390796
313.568100,4.390796
0.591150,5.645309
1.799555,5.645309
3.007961,5.645309
4.216366,5.645309
5.424771,5.645309
6.633176,5.645309
7.841581,5.645309
9.049987,5.645309
10.258390,5.645309
11.466800,5.645309
12.675200,5.645309
13.883610,5.645309
15.092010,5.645309
16.300420,5.645309
17.508820,5.645309
18.717230,5.645309
19.925630,5.645309
21.134040,5.645309
22.342450,5.645309
23.550850,5.645309
24.759250,5.645309
25.967660,5.645309
27.176070,5.645309
28.384470,5.645309
29.592880,5.645309
30.801280,5.645309
32.009690,5.645309
33.218090,5.645309
34.426500,5.645309
35.634900,5.645309
36.843310,5.645309
38.051710,5.645309
39.260120,5.645309
40.468520,5.645309
41.676930,5.645309
42.885330,5.645309
44.093740,5.645309
45.302140,5.645309
46.510550,5.645309
47.718960,5.645309
48.927360,5.645309
50.135770,5.645309
51.344170,5.645309
52.552570,5.645309
53.760980,5.645309
54.969390,5.645309
56.177790,5.645309
57.386200,5.645309
58.594600,5.645309
59.803010,5.645309
61.011410,5.645309
62.219820,5.645309
63.428220,5.645309
64.636630,5.645309
65.845030,5.645309
67.053440,5.645309
68.261840,5.645309
69.470250,5.645309
70.678660,5.645309
71.887060,5.645309
73.095470,5.645309
74.303870,5.645309
75.512280,5.645309
76.720680,5.645309
77.929080,5.645309
79.137490,5.645309
80.345890,5.645309
81.554310,5.645309
82.762710,5.645309
83.971120,5.645309
85.179520,5.645309
86.387920,5.645309
87.596330,5.645309
88.804730,5.645309
90.013140,5.645309
91.221540,5.645309
92.429950,5.645309
93.638350,5.645309
94.846760,5.645309
96.055170,5.645309
97.263570,5.645309
98.471980,5.645309
99.680380,5.645309
100.888800,5.645309
102.097200,5.645309
103.305600,5.645309
104.514000,5.645309
105.722400,5.645309
106.930800,5.645309
108.139200,5.645309
109.347600,5.645309
110.556000,5.645309
111.764400,5.645309
112.972800,5.645309
114.181200,5.645309
115.389600,5.645309
116.598100,5.645309
117.806500,5.645309
119.014900,5.645309
120.223300,5.645309
121.431700,5.645309
122.640100,5.645309
123.848500,5.645309
125.056900,5.645309
126.265300,5.645309
127.473700,5.645309
128.682100,5.645309
129.890500,5.645309
131.098900,5.645309
132.307300,5.645309
133.515700,5.645309
134.724100,5.645309
135.932500,5.645309
137.140900,5.645309
138.349300,5.645309
139.557800,5.645309
140.766200,5.645309
141.974600,5.645309
143.183000,5.645309
144.391400,5.645309
145.599800,5.645309
146.808200,5.645309
148.016600,5.645309
149.225000,5.645309
150.433400,5.645309
151.641800,5.645309
152.850200,5.645309
154.058600,5.645309
155.267000,5.645309
156.475400,5.645309
157.683800,5.645309
158.892200,5.645309
160.100600,5.645309
161.309100,5.645309
162.517500,5.645309
163.725900,5.645309
164.934300,5.645309
166.142700,5.645309
167.351100,5.645309
168.559500,5.645309
169.767900,5.645309
170.976300,5.645309
172.184700,5.645309
173.393100,5.645309
174.601500,5.645309
175.809900,5.645309
177.018300,5.645309
178.226700,5.645309
179.435100,5.645309
180.643500,5.645309
181.851900,5.645309
183.060300,5.645309
184.268800,5.645309
185.477200,5.645309
186.685600,5.645309
187.894000,5.645309
189.102400,5.645309
190.310800,5.645309
191.519200,5.645309
192.727600,5.645309
193.936000,5.645309
195.144400,5.645309
196.352800,5.645309
197.561200,5.645309
198.769600,5.645309
199.978000,5.645309
201.186400,5.645309
202.394800,5.645309
203.603200,5.645309
204.811600,5.645309
206.020100,5.645309
207.228500,5.645309
208.436900,5.645309
209.645300,5.645309
210.853700,5.645309
212.062100,5.645309
213.270500,5.645309
214.478900,5.645309
215.687300,5.645309
216.895700,5.645309
218.104100,5.645309
219.312500,5.645309
220.520900,5.645309
221.729300,5.645309
222.937700,5.645309
224.146100,5.645309
225.354500,5.645309
226.562900,5.645309
227.771300,5.645309
228.979700,5.645309
230.188200,5.645309
231.396600,5.645309
232.605000,5.645309
233.813400,5.645309
235.021800,5.645309
236.230200,5.645309
237.438600,5.645309
238.647000,5.645309
239.855400,5.645309
241.063800,5.645309
242.272200,5.645309
243.480600,5.645309
244.689000,5.645309
245.897400,5.645309
247.105800,5.645309
248.314200,5.645309
249.522600,5.645309
250.731000,5.645309
251.939400,5.645309
253.147800,5.645309
254.356200,5.645309
255.564700,5.645309
256.773100,5.645309
257.981500,5.645309
259.189900,5.645309
260.398300,5.645309
261.606700,5.645309
262.815100,5.645309
264.023500,5.645309
265.231900,5.645309
266.440300,5.645309
267.648700,5.645309
268.857100,5.645309
270.065500,5.645309
271.273900,5.645309
272.482300,5.645309
273.690700,5.645309
274.899100,5.645309
276.107500,5.645309
277.315900,5.645309
278.524400,5.645309
279.732800,5.645309
280.941200,5.645309
282.149600,5.645309
283.358000,5.645309
284.566400,5.645309
285.774800,5.645309
286.983200,5.645309
288.191600,5.645309
289.400000,5.645309
290.608400,5.645309
291.816800,5.645309
293.025200,5.645309
294.233600,5.645309
295.442000,5.645309
296.650500,5.645309
297.858900,5.645309
299.067300,5.645309
300.275700,5.645309
301.484100,5.645309
302.692500,5.645309
303.900900,5.645309
305.109300,5.645309
306.317700,5.645309
307.526100,5.645309
308.734500,5.645309
309.942900,5.645309
311.151300,5.645309
312.359700,5.645309
313.568100,5.645309
0.591150,6.899823
1.799555,6.899823
3.007961,6.899823
4.216366,6.899823
5.424771,6.899823
6.633176,6.899823
7.841581,6.899823
9.049987,6.899823
10.258390,6.899823
11.466800,6.899823
12.675200,6.899823
13.883610,6.899823
15.092010,6.899823
16.300420,6.899823
17.508820,6.899823
18.717230,6.899823
19.925630,6.899823
21.134040,6.899823
22.342450,6.899823
23.550850,6.899823
24.759250,6.899823
25.967660,6.899823
27.176070,6.899823
28.384470,6.899823
29.592880,6.899823
30.801280,6.899823
32.009690,6.899823
33.218090,6.899823
34.426500,6.899823
35.634900,6.899823
36.843310,6.899823
38.051710,6.899823
39.260120,6.899823
40.468520,6.899823
41.676930,6.899823
42.885330,6.899823
44.093740,6.899823
45.302140,6.899823
46.510550,6.899823
47.718960,6.899823
48.927360,6.899823
50.135770,6.899823
51.344170,6.899823
52.552570,6.899823
53.760980,6.899823
54.969390,6.899823
56.177790,6.899823
57.386200,6.899823
58.594600,6.899823
59.803010,6.899823
61.011410,6.899823
62.219820,6.899823
63.428220,6.899823
64.636630,6.899823
65.845030,6.899823
67.053440,6.899823
68.261840,6.899823
69.470250,6.899823
70.678660,6.899823
71.887060,6.899823
73.095470,6.899823
74.303870,6.899823
75.512280,6.899823
76.720680,6.899823
77.929080,6.899823
79.137490,6.899823
80.345890,6.899823
81.554310,6.899823
82.762710,6.899823
83.971120,6.899823
85.179520,6.899823
86.387920,6.899823
87.596330,6.899823
88.804730,6.899823
90.013140,6.899823
91.221540,6.899823
92.429950,6.899823
93.638350,6.899823
94.846760,6.899823
96.055170,6.899823
97.263570,6.899823
98.471980,6.899823
99.680380,6.899823
100.888800,6.899823
102.097200,6.899823
103.305600,6.899823
104.514000,6.899823
105.722400,6.899823
106.930800,6.899823
108.139200,6.899823
109.347600,6.899823
110.556000,6.899823
111.764400,6.899823
112.972800,6.899823
114.181200,6.899823
115.389600,6.899823
116.598100,6.899823
117.806500,6.899823
119.014900,6.899823
120.223300,6.899823
121.431700,6.899823
122.640100,6.899823
123.848500,6.899823
125.056900,6.899823
126.265300,6.899823
127.473700,6.899823
128.682100,6.899823
129.890500,6.899823
131.098900,6.899823
132.307300,6.899823
133.515700,6.899823
134.724100,6.899823
135.932500,6.899823
137.140900,6.899823
138.349300,6.899823
139.557800,6.899823
140.766200,6.899823
141.974600,6.899823
143.183000,6.899823
144.391400,6.899823
145.599800,6.899823
146.808200,6.899823
148.016600,6.899823
149.225000,6.899823
150.433400,6.899823
151.641800,6.899823
152.850200,6.899823
154.058600,6.899823
155.267000,6.899823
156.475400,6.899823
157.683800,6.899823
158.892200,6.899823
160.100600,6.899823
161.309100,6.899823
162.517500,6.899823
163.725900,6.899823
164.934300,6.899823
166.142700,6.899823
167.351100,6.899823
168.559500,6.899823
169.767900,6.899823
170.976300,6.899823
172.184700,6.899823
173.393100,6.899823
174.601500,6.899823
175.809900,6.899823
177.018300,6.899823
178.226700,6.899823
179.435100,6.899823
180.643500,6.899823
181.851900,6.899823
183.060300,6.899823
184.268800,6.899823
185.477200,6.899823
186.685600,6.899823
187.894000,6.899823
189.102400,6.899823
190.310800,6.899823
191.519200,6.899823
192.727600,6.899823
193.936000,6.899823
195.144400,6.899823
196.352800,6.899823
197.561200,6.899823
198.769600,6.899823
199.978000,6.899823
201.186400,6.899823
202.394800,6.899823
203.603200,6.899823
204.811600,6.899823
206.020100,6.899823
207.228500,6.899823
208.436900,6.899823
209.645300,6.899823
210.853700,6.899823
212.062100,6.899823
213.270500,6.899823
214.478900,6.899823
215.687300,6.899823
216.895700,6.899823
218.104100,6.899823
219.312500,6.899823
220.520900,6.899823
221.729300,6.899823
222.937700,6.899823
224.146100,6.899823
225.354500,6.899823
226.562900,6.899823
227.771300,6.899823
228.979700,6.899823
230.188200,6.899823
231.396600,6.899823
232.605000,6.899823
233.813400,6.899823
235.021800,6.899823
236.230200,6.899823
237.438600,6.899823
238.647000,6.899823
239.855400,6.899823
241.063800,6.899823
242.272200,6.899823
243.480600,6.899823
244.689000,6.899823
245.897400,6.899823
247.105800,6.899823
248.314200,6.899823
249.522600,6.899823
250.731000,6.899823
251.939400,6.899823
253.147800,6.899823
254.356200,6.899823
255.564700,6.899823
256.773100,6.899823
257.981500,6.899823
259.189900,6.899823
260.398300,6.899823
261.606700,6.899823
262.815100,6.899823
264.023500,6.899823
265.231900,6.899823
266.440300,6.899823
267.648700,6.899823
268.857100,6.899823
270.065500,6.899823
271.273900,6.899823
272.482300,6.899823
273.690700,6.899823
274.899100,6.899823
276.107500,6.899823
277.315900,6.899823
278.524400,6.899823
279.732800,6.899823
280.941200,6.899823
282.149600,6.899823
283.358000,6.899823
284.566400,6.899823
285.774800,6.899823
286.983200,6.899823
288.191600,6.899823
289.400000,6.899823
290.608400,6.899823
291.816800,6.899823
293.025200,6.899823
294.233600,6.899823
295.442000,6.899823
296.650500,6.899823
297.858900,6.899823
299.067300,6.899823
300.275700,6.899823
301.484100,6.899823
302.692500,6.899823
303.900900,6.899823
305.109300,6.899823
306.317700,6.899823
307.526100,6.899823
308.734500,6.899823
309.942900,6.899823
311.151300,6.899823
312.359700,6.899823
313.568100,6.899823
0.591150,8.154336
1.799555,8.154336
3.007961,8.154336
4.216366,8.154336
5.424771,8.154336
6.633176,8.154336
7.841581,8.154336
9.049987,8.154336
10.258390,8.154336
11.466800,8.154336
12.675200,8.154336
13.883610,8.154336
15.092010,8.154336
16.300420,8.154336
17.508820,8.154336
18.717230,8.154336
19.925630,8.154336
21.134040,8.154336
22.342450,8.154336
23.550850,8.154336
24.759250,8.154336
25.967660,8.154336
27.176070,8.154336
28.384470,8.154336
29.592880,8.154336
30.801280,8.154336
32.009690,8.154336
33.218090,8.154336
34.426500,8.154336
35.634900,8.154336
36.843310,8.154336
38.051710,8.154336
39.260120,8.154336
40.468520,8.154336
41.676930,8.154336
42.885330,8.154336
44.093740,8.154336
45.302140,8.154336
46.510550,8.154336
47.718960,8.154336
48.927360,8.154336
50.135770,8.154336
51.344170,8.154336
52.552570,8.154336
53.760980,8.154336
54.969390,8.154336
56.177790,8.154336
57.386200,8.154336
58.594600,8.154336
59.803010,8.154336
61.011410,8.154336
62.219820,8.154336
63.428220,8.154336
64.636630,8.154336
65.845030,8.154336
67.053440,8.154336
68.261840,8.154336
69.470250,8.154336
70.678660,8.154336
71.887060,8.154336
73.095470,8.154336
74.303870,8.154336
75.512280,8.154336
76.720680,8.154336
77.929080,8.154336
79.137490,8.154336
80.345890,8.154336
81.554310,8.154336
82.762710,8.154336
83.971120,8.154336
85.179520,8.154336
86.387920,8.154336
87.596330,8.154336
88.804730,8.154336
90.013140,8.154336
91.221540,8.154336
92.429950,8.154336
93.638350,8.154336
94.846760,8.154336
96.055170,8.154336
97.263570,8.154336
98.471980,8.154336
99.680380,8.154336
100.888800,8.154336
102.097200,8.154336
103.305600,8.154336
104.514000,8.154336
105.722400,8.154336
106.930800,8.154336
108.139200,8.154336
109.347600,8.154336
110.556000,8.154336
111.764400,8.154336
112.972800,8.154336
114.181200,8.154336
115.389600,8.154336
116.598100,8.154336
117.806500,8.154336
119.014900,8.154336
120.223300,8.154336
121.431700,8.154336
122.640100,8.154336
123.848500,8.154336
125.056900,8.154336
126.265300,8.154336
127.473700,8.154336
128.682100,8.154336
129.890500,8.154336
131.098900,8.154336
132.307300,8.154336
133.515700,8.154336
134.724100,8.154336
135.932500,8.154336
137.140900,8.154336
138.349300,8.154336
139.557800,8.154336
140.766200,8.154336
141.974600,8.154336
143.183000,8.154336
144.391400,8.154336
145.599800,8.154336
146.808200,8.154336
148.016600,8.154336
149.225000,8.154336
150.433400,8.154336
151.641800,8.154336
152.850200,8.154336
154.058600,8.154336
155.267000,8.154336
156.475400,8.154336
157.683800,8.154336
158.892200,8.154336
160.100600,8.154336
161.309100,8.154336
162.517500,8.154336
163.725900,8.154336
164.934300,8.154336
166.142700,8.154336
167.351100,8.154336
168.559500,8.154336
169.767900,8.154336
170.976300,8.154336
172.184700,8.154336
173.393100,8.154336
174.601500,8.154336
175.809900,8.154336
177.018300,8.154336
178.226700,8.154336
179.435100,8.154336
180.643500,8.154336
181.851900,8.154336
183.060300,8.154336
184.268800,8.154336
185.477200,8.154336
186.685600,8.154336
187.894000,8.154336
189.102400,8.154336
190.310800,8.154336
191.519200,8.154336
192.727600,8.154336
193.936000,8.154336
195.144400,8.154336
196.352800,8.154336
197.561200,8.154336
198.769600,8.154336
199.978000,8.154336
201.186400,8.154336
202.394800,8.154336
203.603200,8.154336
204.811600,8.154336
206.020100,8.154336
207.228500,8.154336
208.436900,8.154336
209.645300,8.154336
210.853700,8.154336
212.062100,8.154336
213.270500,8.154336
214.478900,8.154336
215.687300,8.154336
216.895700,8.154336
218.104100,8.154336
219.312500,8.154336
220.520900,8.154336
221.729300,8.154336
222.937700,8.154336
224.146100,8.154336
225.354500,8.154336
226.562900,8.154336
227.771300,8.154336
228.979700,8.154336
230.188200,8.154336
231.396600,8.154336
232.605000,8.154336
233.813400,8.154336
235.021800,8.154336
236.230200,8.154336
237.438600,8.154336
238.647000,8.154336
239.855400,8.154336
241.063800,8.154336
242.272200,8.154336
243.480600,8.154336
244.689000,8.154336
245.897400,8.154336
247.105800,8.154336
248.314200,8.154336
249.522600,8.154336
250.731000,8.154336
251.939400,8.154336
253.147800,8.154336
254.356200,8.154336
255.564700,8.154336
256.773100,8.154336
257.981500,8.154336
259.189900,8.154336
260.398300,8.154336
261.606700,8.154336
262.815100,8.154336
264.023500,8.154336
265.231900,8.154336
266.440300,8.154336
267.648700,8.154336
268.857100,8.154336
270.065500,8.154336
271.273900,8.154336
272.482300,8.154336
273.690700,8.154336
274.899100,8.154336
276.107500,8.154336
277.315900,8.154336
278.524400,8.154336
279.732800,8.154336
280.941200,8.154336
282.149600,8.154336
283.358000,8.154336
284.566400,8.154336
285.774800,8.154336
286.983200,8.154336
288.191600,8.154336
289.400000,8.154336
290.608400,8.154336
291.816800,8.154336
293.025200,8.154336
294.233600,8.154336
295.442000,8.154336
296.650500,8.154336
297.858900,8.154336
299.067300,8.154336
300.275700,8.154336
301.484100,8.154336
302.692500,8.154336
303.900900,8.154336
305.109300,8.154336
306.317700,8.154336
307.526100,8.154336
308.734500,8.154336
309.942900,8.154336
311.151300,8.154336
312.359700,8.154336
313.568100,8.154336
0.591150,9.403868
1.799555,9.404169
3.007961,9.404169
4.216366,9.404169
5.424771,9.403872
6.633176,9.403872
7.841581,9.403872
9.049987,9.403872
10.258390,9.403872
11.466800,9.403872
12.675200,9.403872
13.883610,9.403872
15.092010,9.403872
16.300420,9.403872
17.508820,9.403872
18.717230,9.403872
19.925630,9.403872
21.134040,9.403872
22.342450,9.403872
23.550850,9.403872
24.759250,9.403872
25.967660,9.403872
27.176070,9.403872
28.384470,9.403872
29.592880,9.403872
30.801280,9.403872
32.009690,9.403872
33.218090,9.403872
34.426500,9.403872
35.634900,9.403872
36.843310,9.403872
38.051710,9.403872
39.260120,9.403872
40.468520,9.403872
41.676930,9.403872
42.885330,9.403872
44.093740,9.403872
45.302140,9.403872
46.510550,9.403872
47.718960,9.403872
48.927360,9.403872
50.135770,9.403872
51.344170,9.403872
52.552570,9.403872
53.760980,9.403872
54.969390,9.403872
56.177790,9.403872
57.386200,9.403872
58.594600,9.403872
59.803010,9.403872
61.011410,9.403872
62.219820,9.403872
63.428220,9.403872
64.636630,9.403872
65.845030,9.403872
67.053440,9.403872
68.261840,9.403872
69.470250,9.403872
70.678660,9.403872
71.887060,9.403872
73.095470,9.403872
74.303870,9.403872
75.512280,9.403872
76.720680,9.403872
77.929080,9.403872
79.137490,9.403872
80.345890,9.403872
81.554310,9.403872
82.762710,9.403872
83.971120,9.403872
85.179520,9.403872
86.387920,9.403872
87.596330,9.403872
88.804730,9.403872
90.013140,9.403872
91.221540,9.403872
92.429950,9.403872
93.638350,9.403872
94.846760,9.403872
96.055170,9.403872
97.263570,9.403872
98.471980,9.403872
99.680380,9.403872
100.888800,9.403872
102.097200,9.403872
103.305600,9.403872
104.514000,9.403872
105.722400,9.403872
106.930800,9.403872
108.139200,9.403872
109.347600,9.403872
110.556000,9.403872
111.764400,9.403872
112.972800,9.403872
114.181200,9.403872
115.389600,9.403872
116.598100,9.403872
117.806500,9.403872
119.014900,9.403872
120.223300,9.403872
121.431700,9.403872
122.640100,9.403872
123.848500,9.403872
125.056900,9.403872
126.265300,9.403872
127.473700,9.403872
128.682100,9.403872
129.890500,9.403872
131.098900,9.403872
132.307300,9.403872
133.515700,9.403872
134.724100,9.403872
135.932500,9.403872
137.140900,9.403872
138.349300,9.403872
139.557800,9.403872
140.766200,9.403872
141.974600,9.403872
143.183000,9.403872
144.391400,9.403872
145.599800,9.403872
146.808200,9.403872
148.016600,9.403872
149.225000,9.403872
150.433400,9.403872
151.641800,9.403872
152.850200,9.403872
154.058600,9.403872
155.267000,9.403872
156.475400,9.403872
157.683800,9.403872
158.892200,9.403872
160.100600,9.403872
161.309100,9.403872
162.517500,9.403872
163.725900,9.403872
164.934300,9.403872
166.142700,9.403872
167.351100,9.403872
168.559500,9.403872
169.767900,9.403872
170.976300,9.403872
172.184700,9.403872
173.393100,9.403872
174.601500,9.403872
175.809900,9.403872
177.018300,9.403872
178.226700,9.403872
179.435100,9.403872
180.643500,9.403872
181.851900,9.403872
183.060300,9.403872
184.268800,9.403872
185.477200,9.403872
186.685600,9.403872
187.894000,9.403872
189.102400,9.403872
190.310800,9.403872
191.519200,9.403872
192.727600,9.403872
193.936000,9.403872
195.144400,9.403872
196.352800,9.403872
197.561200,9.403872
198.769600,9.403872
199.978000,9.403872
201.186400,9.403872
202.394800,9.403872
203.603200,9.403872
204.811600,9.403872
206.020100,9.403872
207.228500,9.403872
208.436900,9.403872
209.645300,9.403872
210.853700,9.403872
212.062100,9.403872
213.270500,9.403872
214.478900,9.403872
215.687300,9.403872
216.895700,9.403872
218.104100,9.403872
219.312500,9.403872
220.520900,9.403872
221.729300,9.403872
222.937700,9.403872
224.146100,9.403872
225.354500,9.403872
226.562900,9.403872
227.771300,9.403872
228.979700,9.403872
230.188200,9.403872
231.396600,9.403872
232.605000,9.403872
233.813400,9.403872
235.021800,9.403872
236.230200,9.403872
237.438600,9.403872
238.647000,9.403872
239.855400,9.403872
241.063800,9.403872
242.272200,9.403872
243.480600,9.403872
244.689000,9.403872
245.897400,9.403872
247.105800,9.403872
248.314200,9.403872
249.522600,9.403872
250.731000,9.403872
251.939400,9.403872
253.147800,9.403872
254.356200,9.403872
255.564700,9.403872
256.773100,9.403872
257.981500,9.403872
259.189900,9.403872
260.398300,9.403872
261.606700,9.403872
262.815100,9.403872
264.023500,9.403872
265.231900,9.403872
266.440300,9.403872
267.648700,9.403872
268.857100,9.403872
270.065500,9.403872
271.273900,9.403872
272.482300,9.403872
273.690700,9.403872
274.899100,9.403872
276.107500,9.403872
277.315900,9.403872
278.524400,9.403872
279.732800,9.403872
280.941200,9.403872
282.149600,9.403872
283.358000,9.403872
284.566400,9.403872
285.774800,9.403872
286.983200,9.403872
288.191600,9.403872
289.400000,9.403872
290.608400,9.403872
291.816800,9.403872
293.025200,9.403872
294.233600,9.403872
295.442000,9.403872
296.650500,9.403872
297.858900,9.403872
299.067300,9.403872
300.275700,9.403872
301.484100,9.403872
302.692500,9.403872
303.900900,9.403872
305.109300,9.403872
306.317700,9.403872
307.526100,9.403872
308.734500,9.403872
309.942900,9.404169
311.151300,9.404169
312.359700,9.404169
313.568100,9.403868
