4.994667,-9.438797
21.185040,-9.433008
26.785370,-9.434690
27.907660,-9.432695
44.424690,-9.432981
60.885290,-9.436121
274.902300,-9.433958
267.927400,-9.436034
20.068550,-9.433876
57.892000,-9.432492
77.320370,-9.432840
53.977340,-9.432937
73.661000,-9.432485
52.122000,-9.413000
67.691000,-9.384000
75.522000,-9.427000
105.625000,-9.387000
140.785700,-9.396048
144.614000,-9.400000
235.792000,-9.394000
10.535000,-9.315000
13.964020,-9.322149
35.612000,-9.340000
40.649000,-9.313000
48.942000,-9.331000
63.467000,-9.360000
66.169000,-9.311000
79.027000,-9.372000
95.665000,-9.328000
98.303000,-9.351000
108.174000,-9.347000
109.313000,-9.371000
119.257000,-9.342000
125.021000,-9.308000
126.495000,-9.314000
133.969000,-9.313000
135.316000,-9.288000
139.423000,-9.364000
149.410000,-9.306000
155.779000,-9.328000
164.927000,-9.302000
9.239565,-9.166499
11.831070,-9.249805
16.665000,-9.272000
33.007000,-9.220000
64.765000,-9.276000
68.955000,-9.274000
71.731000,-9.222000
86.523120,-9.226092
89.064000,-9.240000
94.493000,-9.293000
99.659000,-9.247000
102.706000,-9.240000
110.664000,-9.240000
112.364000,-9.285879
113.484000,-9.293121
115.467000,-9.256000
137.831000,-9.227000
141.901300,-9.296952
143.417000,-9.222000
146.946400,-9.228196
157.219000,-9.280000
158.451000,-9.222000
160.495000,-9.234000
200.291000,-9.266000
216.343000,-9.262000
282.514000,-9.254000
285.557000,-9.255000
303.732000,-9.209000
307.201600,-9.255795
311.522000,-9.240000
22.244200,-9.078023
30.744000,-9.152000
39.313890,-9.170172
50.936000,-9.195000
56.703000,-9.191000
87.777860,-9.257295
91.878010,-9.182041
97.187000,-9.127000
106.948200,-9.225488
116.862000,-9.182000
120.600000,-9.234000
123.051000,-9.162000
128.998600,-9.139275
148.083800,-9.187257
151.833200,-9.172830
161.792000,-9.206000
166.056000,-9.152000
167.312000,-9.174151
169.186000,-9.113000
171.629000,-9.160000
185.411000,-9.163172
187.724000,-9.160000
188.959200,-9.185348
191.088000,-9.146000
192.533000,-9.200000
205.640000,-9.195000
212.151000,-9.152000
213.386000,-9.135000
220.263000,-9.180000
230.684000,-9.189000
278.591000,-9.166000
286.785000,-9.140000
293.278500,-9.237476
310.074000,-9.189000
312.762000,-9.220000
1.044348,-9.160772
7.132000,-9.126000
34.461000,-9.075000
36.979470,-9.087028
45.398870,-8.881959
47.443040,-9.112611
82.707000,-9.130000
93.122000,-9.133000
101.444000,-9.090000
104.003000,-9.111000
118.057000,-9.120000
121.752000,-9.120000
127.881000,-9.064505
130.307000,-9.148099
131.640000,-9.074000
132.761000,-9.088000
136.450300,-9.162979
145.813100,-9.161191
150.717100,-9.078853
174.011500,-9.088791
179.489000,-9.102000
181.197000,-9.105000
193.804500,-9.065008
194.924500,-9.061992
196.341000,-9.087000
197.565700,-9.054702
201.556700,-9.117705
203.122000,-9.080000
204.364000,-9.098000
209.808000,-9.059000
214.612000,-9.107000
217.751000,-9.106000
219.124000,-9.102000
222.995000,-9.130000
228.119000,-9.107000
240.798000,-9.087000
256.806000,-9.120000
263.022300,-9.161922
269.181000,-9.080000
270.571000,-9.095000
271.774000,-9.087000
273.178000,-9.098000
283.768000,-9.096000
290.607000,-9.063000
291.843800,-9.052359
294.476000,-9.150000
299.829200,-9.098642
306.093400,-9.094206
308.703000,-9.131000
6.000534,-8.950083
29.604030,-9.045128
38.099540,-9.079972
80.198000,-9.025000
84.041000,-9.024000
153.422900,-9.106560
170.477000,-9.008000
172.889700,-9.071552
184.182000,-9.033000
198.779000,-9.046000
206.960000,-9.109771
208.379000,-9.007000
221.524000,-9.064000
226.318000,-9.022000
232.190000,-9.040000
236.989000,-8.992000
238.398000,-9.034000
243.411000,-8.988000
247.221800,-9.021867
250.587000,-8.930000
252.520000,-9.029000
253.905000,-9.068000
255.537000,-9.011000
258.453000,-9.050000
259.811000,-9.064000
261.488000,-9.006000
276.733000,-9.048000
281.070000,-9.029000
289.243000,-8.977000
296.305000,-9.054000
297.503000,-8.961000
304.933000,-9.023000
2.340958,-9.412367
61.771350,-8.757751
70.550000,-8.954000
85.451880,-8.898908
90.189000,-8.949000
154.601900,-9.080963
163.472000,-8.968453
178.303000,-8.973000
182.861100,-8.948153
211.008000,-8.992000
224.394600,-8.906113
229.289000,-8.971000
233.333000,-8.974000
234.467800,-8.976787
245.820200,-8.964946
248.338400,-8.934404
264.254900,-8.979465
265.564000,-8.952000
302.269000,-8.943000
313.892000,-8.918000
12.999980,-8.751850
15.196000,-8.870000
24.262740,-8.843775
28.598560,-8.551591
55.413000,-8.845000
175.300700,-8.922830
186.570000,-8.891000
275.630700,-8.586385
298.729400,-8.886971
19.254210,-8.669634
27.110940,-8.367949
42.508000,-8.800000
59.145000,-8.789000
239.655000,-8.791000
244.714800,-8.784054
3.619486,-8.755945
76.455380,-8.722239
279.848000,-8.704000
17.638000,-8.664000
176.856000,-8.680000
242.057000,-8.629000
288.000000,-8.640000
53.201870,-8.626174
114.400000,-8.560000
159.406000,-8.526000
268.124500,-8.341690
4.687809,-8.366903
25.645000,-8.462000
77.981000,-8.440000
249.467000,-8.470000
300.918000,-8.490000
8.400435,-8.424501
20.588000,-8.369000
60.618330,-8.352976
62.825030,-8.383845
73.110550,-8.402673
81.503140,-8.418636
152.739100,-8.219440
156.571200,-8.360293
266.895000,-8.388000
292.671600,-8.296165
41.200000,-8.300000
49.960000,-8.309000
88.266300,-8.250102
109.790000,-8.290000
111.352000,-8.320000
138.694000,-8.258000
140.081900,-8.272547
142.577700,-8.280353
307.861000,-8.298000
10.658630,-8.198976
23.366260,-8.172225
31.889000,-8.262000
39.945110,-8.244828
48.725000,-8.232000
91.222790,-8.274150
124.229500,-8.310429
125.867000,-8.208000
130.887000,-8.189901
136.000600,-8.137377
143.989000,-8.208816
149.762100,-8.208218
151.359600,-8.149318
155.296600,-8.203803
188.464200,-8.172776
199.718000,-8.216000
215.564000,-8.215000
284.629200,-8.286749
0.816116,-8.064818
11.776140,-8.131003
35.110000,-8.152000
57.769000,-8.147000
64.342000,-8.192000
65.693000,-8.115000
67.103250,-8.121293
74.765400,-8.143859
86.933000,-8.160000
94.860000,-8.140350
96.265000,-8.128000
99.029000,-8.165000
105.045400,-8.113011
107.050800,-8.110502
108.393000,-8.127000
120.135300,-8.128754
129.401500,-8.094221
134.880800,-8.160145
141.196100,-8.158453
146.418500,-8.220586
147.535900,-8.210147
148.647800,-8.112509
154.100500,-8.065816
157.850000,-8.173000
168.481200,-8.170964
173.461800,-8.108657
182.209900,-8.036846
184.936100,-8.146288
201.115300,-8.088295
205.026000,-8.154000
216.952000,-8.160000
225.368100,-8.263434
231.200000,-8.136000
235.242500,-8.169351
274.283100,-8.116815
281.927000,-8.166000
14.243000,-8.078000
16.684000,-8.047000
47.535960,-7.996390
51.903000,-8.093000
100.324600,-8.058575
113.008000,-8.016000
116.391000,-8.084000
119.015300,-8.132276
132.160000,-8.048000
133.638000,-8.080000
145.102700,-8.090081
180.308700,-8.115973
189.574100,-8.021783
192.054000,-8.054000
197.099300,-8.036298
206.891200,-7.991967
222.709000,-8.033000
227.352000,-8.080000
251.529100,-8.100331
256.267000,-8.040000
257.584900,-8.135143
260.706000,-8.098000
263.165700,-8.051079
295.077900,-8.115288
303.130600,-8.035686
309.087000,-8.058000
2.587988,-8.320700
33.429000,-7.996000
56.533000,-7.991000
89.448000,-8.000000
97.481950,-7.956020
102.497700,-7.981869
117.638000,-8.004913
121.482400,-7.973042
123.060000,-7.942000
128.251000,-7.929000
137.507000,-8.013000
164.648000,-8.000000
167.307100,-8.054026
174.763300,-7.940168
175.925600,-7.916634
193.345200,-8.026740
195.579000,-8.026000
236.336500,-7.932000
246.779800,-7.992729
264.533100,-7.894540
269.902300,-8.041749
277.557000,-8.000000
304.249500,-7.985315
306.744500,-7.993911
310.773000,-7.960000
311.951500,-8.062647
30.270000,-7.930000
44.944440,-7.858269
54.478000,-7.880000
68.495000,-7.872000
83.202000,-7.929000
92.990000,-7.902000
160.589000,-7.931000
163.123500,-7.904886
171.144800,-7.920091
172.343000,-7.920000
187.364000,-7.952652
190.687400,-7.897692
202.476000,-7.920000
203.726000,-7.863000
212.915700,-7.924397
214.324000,-7.920000
218.340700,-7.878141
219.665000,-7.898000
228.610000,-7.896000
238.699000,-7.924000
253.277000,-7.922000
254.664000,-7.920000
273.176000,-7.947850
283.098100,-7.926951
285.675800,-7.887751
286.836000,-7.865000
290.408000,-7.894000
293.945300,-7.969044
305.571600,-7.919578
6.933000,-7.824000
22.049000,-7.800000
37.744000,-7.800000
69.848000,-7.857000
71.221000,-7.862000
77.026260,-7.758620
79.255000,-7.853000
177.865000,-7.792000
179.086000,-7.840000
183.716800,-7.852567
186.004000,-7.808537
194.451000,-7.848702
211.797600,-7.871440
220.874000,-7.866000
224.051400,-7.839886
232.703000,-7.853000
243.932900,-7.899779
245.469000,-7.827000
259.466200,-7.827985
278.666000,-7.806000
288.984000,-7.767000
298.529000,-7.785152
5.794000,-7.697000
9.616321,-7.791738
18.420000,-7.739000
36.493000,-7.766000
43.668000,-7.726000
80.474000,-7.773000
101.401700,-7.753558
103.844000,-7.784000
161.962300,-7.769927
165.981000,-7.800000
170.020000,-7.844332
198.384000,-7.696000
209.063600,-7.774750
210.242000,-7.778000
229.890100,-7.831594
233.867000,-7.784000
271.884000,-7.788000
297.410300,-7.731236
84.419000,-7.680000
240.990000,-7.705000
248.117400,-7.685796
280.762000,-7.620000
296.152000,-7.680000
300.008400,-7.661047
301.894000,-7.653000
15.338000,-7.564000
38.933000,-7.593000
42.318000,-7.600000
53.047790,-7.517276
59.693200,-7.609496
73.823040,-7.538471
106.047800,-7.614406
207.952500,-7.634675
226.327000,-7.554000
242.805000,-7.608000
265.939200,-7.609899
276.433000,-7.540000
291.650000,-7.528000
313.723000,-7.642386
3.517854,-7.455589
19.695000,-7.544000
29.012000,-7.462000
75.714000,-7.503000
82.135860,-7.494366
85.841000,-7.480000
205.910900,-7.450534
237.411500,-7.579753
250.362000,-7.488000
261.718000,-7.529000
275.238000,-7.520000
13.046000,-7.462000
27.733530,-7.439571
46.435100,-7.468778
62.086000,-7.395000
72.267000,-7.416000
115.293000,-7.453000
126.835000,-7.423000
268.756700,-7.424056
8.635315,-7.252738
24.648000,-7.333000
50.840000,-7.349000
63.428000,-7.338000
94.160150,-7.266476
114.020000,-7.326000
155.999300,-7.333182
252.301900,-7.289672
270.687900,-7.243267
287.941000,-7.347000
4.741791,-7.250308
25.890000,-7.264000
31.273000,-7.252000
91.419200,-7.171809
110.684000,-7.262000
124.013800,-7.211721
142.146400,-7.246649
147.901500,-7.149610
150.590000,-7.280000
152.075500,-7.240764
181.105000,-7.286000
239.865000,-7.289000
284.248300,-7.234167
55.709000,-7.138000
58.620000,-7.153000
66.499750,-7.177705
88.496840,-7.154604
112.051600,-7.220833
130.114100,-7.189170
135.510300,-7.130498
136.648000,-7.136000
139.313000,-7.183000
146.376600,-7.102593
157.110600,-7.197943
158.375000,-7.142000
159.512000,-7.192000
225.085400,-7.180993
257.121600,-7.115635
267.357000,-7.183000
294.628800,-7.081670
309.867000,-7.160000
2.312258,-7.237254
32.630000,-7.109000
49.587330,-7.135520
65.164000,-7.107000
78.199580,-7.128617
120.295500,-7.020203
125.553000,-7.062000
132.999200,-7.110378
140.679000,-7.149176
149.198000,-7.138240
153.391900,-7.144948
168.163200,-7.095076
176.788000,-7.203381
184.511800,-7.063535
217.582300,-7.053859
221.787500,-7.126937
235.125300,-7.056252
258.629800,-7.083015
312.686800,-7.218075
1.214989,-7.019526
10.523190,-7.040963
21.070000,-7.022000
109.257000,-7.040000
118.742200,-7.046099
129.005900,-7.026830
131.360000,-7.008000
163.781400,-7.000173
167.053200,-6.959134
169.277500,-7.007123
179.977300,-7.046029
182.913500,-7.072208
211.085300,-7.008204
244.417600,-6.890772
263.723000,-7.048000
293.277000,-6.993000
308.507000,-6.977000
34.020000,-6.888000
40.251800,-6.943570
48.189000,-6.949000
57.289590,-6.922200
60.832740,-6.965529
67.714000,-6.942000
87.388000,-6.986000
90.154000,-6.949000
96.740000,-6.978000
97.966050,-6.945980
99.449000,-6.935000
102.946400,-6.891380
134.174000,-6.993000
145.059300,-6.971564
154.898700,-7.011982
186.827100,-6.969703
193.556400,-6.926757
199.424000,-6.936000
204.797200,-6.916105
213.570500,-7.016942
216.047000,-6.990122
227.872300,-6.992836
231.704300,-6.987768
255.846000,-6.957980
272.771900,-6.903337
277.976000,-6.914000
279.665000,-6.979000
306.210700,-6.999954
14.286000,-6.904000
16.455000,-6.865000
35.259000,-6.867000
52.094000,-6.869000
79.725230,-6.805099
107.943500,-6.897079
116.282500,-6.773943
117.634000,-6.885106
121.624700,-6.862494
170.763900,-6.861331
171.883700,-6.868414
188.297200,-6.885363
190.040100,-6.983860
192.436400,-6.891808
195.918000,-6.878852
200.607000,-6.913000
223.030000,-6.856000
229.426900,-6.812335
249.069800,-6.911733
260.118000,-6.876000
283.211700,-6.811809
304.897000,-6.893000
311.446000,-6.869000
11.752000,-6.817000
70.516000,-6.768000
95.581000,-6.800000
137.966900,-6.786751
143.606000,-6.796000
162.636200,-6.875473
172.999000,-6.767102
174.146300,-6.897697
197.032500,-6.772965
214.865500,-6.848742
265.030000,-6.782000
274.019000,-6.790000
285.269000,-6.774571
303.429000,-6.800000
7.456437,-6.701576
17.638000,-6.720000
23.536000,-6.724000
29.926000,-6.733000
83.717000,-6.741000
92.952000,-6.720000
100.726000,-6.714000
106.835500,-6.732920
123.004700,-6.726434
161.429000,-6.659000
175.529300,-6.762317
191.221000,-6.742000
202.745000,-6.639000
209.517000,-6.680000
219.752000,-6.703000
232.968000,-6.701000
238.790000,-6.657000
253.480900,-6.719097
269.563900,-6.653059
281.869300,-6.712725
289.846000,-6.733000
299.309400,-6.786408
300.948900,-6.717556
307.282300,-6.674557
22.240000,-6.632000
27.007910,-6.586718
37.197650,-6.599618
38.317350,-6.629382
41.602000,-6.634000
54.459000,-6.627000
74.554000,-6.672000
105.530800,-6.621591
164.827100,-6.601486
194.836500,-6.590183
207.388000,-6.667656
212.457000,-6.616000
236.229100,-6.636440
241.836300,-6.664179
247.745600,-6.629204
254.721000,-6.655000
262.552000,-6.593000
286.513000,-6.583000
2.884384,-6.277449
9.534809,-6.514037
42.928740,-6.546463
47.033890,-6.522222
59.579610,-6.495890
68.969000,-6.573000
77.251430,-6.532383
80.857000,-6.543000
84.936000,-6.583000
177.685800,-6.535548
185.617000,-6.573000
246.453800,-6.573923
266.339400,-6.564030
296.800000,-6.560000
298.225300,-6.506639
44.247000,-6.486000
45.583000,-6.424000
127.607500,-6.480984
165.981000,-6.480000
178.804700,-6.572870
181.992000,-6.435689
218.554200,-6.490044
226.906300,-6.426393
230.723500,-6.446880
237.352500,-6.461247
251.276000,-6.480000
302.268000,-6.491000
6.193000,-6.349000
64.213000,-6.378000
73.164000,-6.389000
75.941000,-6.345000
112.823400,-6.409167
206.300600,-6.400474
220.937900,-6.323225
234.248800,-6.359608
240.555000,-6.370000
250.120000,-6.346000
261.241000,-6.360000
275.373000,-6.339000
276.914400,-6.400631
295.512000,-6.352000
12.838000,-6.360000
28.403000,-6.263000
53.080000,-6.280000
132.304800,-6.231622
147.136400,-6.280279
148.542100,-6.230519
149.886700,-6.255662
152.672600,-6.286288
189.208300,-6.233847
198.143900,-6.392383
203.830800,-6.349895
224.542500,-6.202574
243.406000,-6.310000
245.368400,-6.300181
292.287000,-6.301000
15.313590,-6.290575
18.873000,-6.204000
20.267000,-6.220000
24.766000,-6.207000
65.871000,-6.194000
94.258850,-6.151175
102.042700,-6.229620
104.115000,-6.274000
140.083300,-6.200838
151.306000,-6.182000
169.938400,-6.104256
176.456100,-6.132981
183.734000,-6.234000
225.814700,-6.176142
288.610000,-6.280000
8.434089,-6.151165
36.136000,-6.118000
39.444200,-6.167430
50.474600,-6.193024
56.516410,-6.111800
61.605260,-6.154470
62.815000,-6.188000
72.059000,-6.147000
78.812520,-6.155483
86.194000,-6.150000
115.347500,-6.157056
124.699300,-6.112828
126.341000,-6.173000
134.987600,-6.108500
145.771600,-6.108555
201.666000,-6.126000
208.387200,-6.162171
222.155500,-6.069063
228.557400,-6.106743
256.596400,-6.126478
257.715900,-6.158455
270.860200,-6.136469
290.998400,-6.180924
25.887000,-6.089000
49.247160,-6.069352
58.294790,-6.048959
111.407800,-6.057772
138.909000,-6.078167
141.600000,-6.080000
155.336400,-5.981041
157.807000,-6.067000
158.933000,-6.071000
160.303000,-6.071000
187.421800,-6.020788
210.505200,-6.050714
214.025600,-5.994633
267.326400,-6.035071
280.631000,-6.088000
300.097000,-5.990351
312.460800,-6.121953
2.225715,-5.375956
3.965092,-5.992476
31.962000,-5.976000
33.339210,-5.958997
91.924000,-6.000000
98.762000,-6.018000
109.905000,-6.000000
114.183200,-5.996924
117.111800,-5.894657
119.522000,-5.989000
136.101700,-5.999642
144.446000,-5.960000
167.726000,-5.992000
174.740700,-5.948338
180.733500,-5.998772
190.388500,-5.919331
310.243700,-6.001293
1.214737,-5.901562
82.057000,-5.900000
87.926000,-5.848000
121.149900,-5.848464
137.219900,-5.953588
142.744900,-5.953139
153.954900,-5.956680
163.064400,-5.840600
216.277900,-5.895021
229.832100,-5.768278
235.409900,-5.872560
252.695100,-5.920903
258.807000,-5.906306
268.655000,-5.880000
287.509800,-5.981401
293.958500,-5.935480
5.074790,-5.853034
30.693980,-5.863976
34.625000,-5.779000
51.547400,-5.870976
55.321000,-5.813000
96.928000,-5.822000
108.691900,-5.880254
129.806000,-5.830000
133.422500,-5.856498
156.538000,-5.876140
172.333000,-5.806000
215.165000,-5.770536
232.017900,-5.781211
264.248000,-5.822000
271.977400,-5.861762
284.495000,-5.840000
304.121000,-5.800000
305.629900,-5.875719
10.555000,-5.765000
13.941000,-5.754000
67.107000,-5.747000
80.012260,-5.722419
89.503000,-5.749000
122.303000,-5.738000
123.494900,-5.720041
131.086000,-5.800000
179.646300,-5.730394
184.784000,-5.791335
211.637000,-5.741000
217.711700,-5.741099
244.395300,-5.746346
248.911300,-5.803360
265.380000,-5.715000
308.874500,-5.806498
29.358100,-5.652365
47.981500,-5.666388
83.232000,-5.612000
99.956000,-5.627000
128.610000,-5.680000
171.157100,-5.691101
199.370000,-5.701000
200.496700,-5.683949
204.764000,-5.616000
242.248700,-5.622820
253.965000,-5.610000
255.486000,-5.697000
269.884200,-5.581558
311.318300,-5.685707
16.182930,-5.586875
40.778000,-5.560000
43.504260,-5.585537
60.437920,-5.587248
68.360000,-5.578000
69.712000,-5.606000
90.629000,-5.624000
178.555100,-5.479116
191.691100,-5.609130
193.230500,-5.597574
195.442000,-5.546000
196.576900,-5.739567
278.779200,-5.604317
282.003000,-5.600748
283.352000,-5.600000
301.544000,-5.560000
11.640000,-5.471000
17.300920,-5.565783
46.278000,-5.505000
73.926000,-5.503000
107.499000,-5.480000
168.926000,-5.519599
182.801500,-5.510449
186.381000,-5.480000
188.373100,-5.429857
209.399000,-5.487000
220.171100,-5.506775
223.636000,-5.507000
237.969000,-5.487000
259.983000,-5.533000
273.257000,-5.520000
276.268600,-5.485369
286.026600,-5.547430
289.492000,-5.501000
296.322000,-5.532000
297.486000,-5.520000
302.966000,-5.432000
7.221000,-5.452000
21.505000,-5.458000
37.948060,-5.402291
59.322270,-5.406366
75.141000,-5.427000
104.861800,-5.379054
118.210000,-5.416000
127.199200,-5.438672
162.020000,-5.394000
164.193000,-5.455000
207.230800,-5.389641
212.914000,-5.480000
218.910100,-5.428102
227.544400,-5.443116
233.174000,-5.488413
246.667000,-5.450000
247.889500,-5.344846
262.819000,-5.416000
313.304200,-5.388605
27.136000,-5.298000
42.258000,-5.379000
44.861000,-5.315000
53.982000,-5.392000
71.053000,-5.384000
84.435000,-5.356000
95.619000,-5.360000
140.690800,-5.259986
150.561000,-5.294000
173.812000,-5.312000
175.670600,-5.324036
177.355700,-5.375559
194.329500,-5.381426
298.741000,-5.348000
306.820400,-5.383219
23.950490,-5.314158
65.030000,-5.275000
76.457000,-5.304000
77.714000,-5.280000
93.347000,-5.252000
112.762000,-5.280000
181.594000,-5.281917
197.917400,-5.295574
236.665000,-5.293000
239.771000,-5.261000
274.933000,-5.304000
294.973000,-5.312000
22.636000,-5.166000
57.578210,-5.188041
81.153000,-5.154000
98.003000,-5.139000
105.960200,-5.159946
125.355700,-5.205172
139.472000,-5.109832
143.556600,-5.181321
146.408400,-5.187980
147.789000,-5.211000
153.190100,-5.138320
166.799000,-5.196000
225.199500,-5.203003
230.930600,-5.256163
234.359700,-5.212057
277.545000,-5.187000
307.927200,-5.209379
9.293000,-5.105000
14.973000,-5.088000
63.768630,-5.073287
103.488700,-5.154613
114.844800,-5.093076
116.097000,-5.107000
134.213500,-5.063502
142.077500,-5.053539
149.102800,-5.131197
154.704900,-5.055977
159.578000,-5.109000
165.362000,-5.114537
203.567000,-5.130000
221.409900,-5.140050
226.318800,-5.176650
241.055000,-5.092000
250.010000,-5.080000
251.886000,-5.120000
280.028000,-5.048000
290.676600,-5.108076
291.830000,-5.131000
293.165500,-5.144520
18.270280,-5.006894
52.668000,-5.051000
85.752000,-5.057000
135.536000,-5.006016
136.655800,-4.986503
138.056200,-5.041101
152.017000,-5.053000
183.865000,-5.028000
205.866200,-5.056270
243.408000,-5.029000
245.597000,-5.053000
266.576600,-5.103047
6.134000,-4.966000
24.991510,-4.900842
33.810790,-4.943003
36.927940,-4.939709
39.578900,-4.981785
49.344100,-4.954899
50.461900,-4.986608
72.680530,-4.980924
79.145000,-4.973000
101.673000,-4.965000
109.235100,-4.900746
110.443600,-5.001164
111.605200,-4.955228
120.238700,-4.973495
145.281000,-5.030396
157.134000,-4.927860
169.899800,-4.966341
214.205200,-4.889671
261.450000,-4.960000
271.117000,-4.947000
287.058600,-4.957489
288.343000,-4.960000
305.067100,-4.907281
12.904780,-4.911561
20.438860,-4.916921
30.165760,-4.876230
56.381000,-4.848000
62.665360,-4.879713
86.950000,-4.893000
124.173200,-4.829377
155.950200,-4.873697
201.499000,-4.859000
216.680800,-4.850772
222.498100,-4.874950
256.440000,-4.868000
267.812000,-4.895000
272.343600,-4.803238
0.180129,-4.972971
61.274000,-4.813000
88.667000,-4.762000
131.793000,-4.787000
133.034900,-4.760218
158.288800,-4.831051
168.089200,-4.775060
185.203100,-4.752718
189.642100,-4.792713
190.933000,-4.760000
208.236900,-4.832355
210.747000,-4.779000
228.762000,-4.800000
257.861000,-4.818000
35.731000,-4.705000
47.370500,-4.727612
82.475000,-4.742000
91.789000,-4.731000
113.799000,-4.641000
119.159300,-4.674506
121.656000,-4.697000
129.410000,-4.720000
171.614900,-4.668899
192.308900,-4.674870
196.783500,-4.638653
215.308300,-4.661350
218.061300,-4.676901
232.315500,-4.701715
248.836300,-4.686061
253.032700,-4.690419
269.086000,-4.737000
285.335500,-4.665890
310.476000,-4.690000
312.379000,-4.673000
3.814908,-4.734530
8.173000,-4.629000
90.029000,-4.644000
99.153920,-4.655824
123.010000,-4.640000
163.124000,-4.646000
187.352000,-4.640000
200.033200,-4.664237
230.014000,-4.612229
254.817000,-4.610000
263.845000,-4.634000
300.366000,-4.630000
303.943000,-4.657000
28.568790,-4.586648
66.326350,-4.548873
96.990000,-4.489000
100.402000,-4.573000
179.288300,-4.532184
198.832100,-4.650026
212.281000,-4.498000
281.487600,-4.606464
4.899276,-4.454102
16.002610,-4.482134
17.120680,-4.407740
31.562000,-4.498000
32.705000,-4.505000
54.876340,-4.490388
67.636000,-4.469000
68.970000,-4.453000
94.874000,-4.493000
102.654300,-4.407387
106.912400,-4.520870
160.970000,-4.472000
172.908000,-4.473000
174.593800,-4.444971
176.729900,-4.447491
219.442700,-4.442854
227.109300,-4.385276
233.391300,-4.388936
238.799000,-4.471000
242.345000,-4.440000
259.085000,-4.454000
278.791100,-4.484622
284.120300,-4.529191
38.619120,-4.405998
41.096280,-4.367664
51.422760,-4.413246
60.091000,-4.364000
80.192000,-4.391000
83.562000,-4.413000
117.314000,-4.425000
126.814400,-4.387344
128.000000,-4.430000
130.514000,-4.360000
180.550000,-4.418000
182.704500,-4.394551
193.699800,-4.347409
197.805700,-4.180834
235.713000,-4.411000
265.143000,-4.440000
282.837700,-4.457859
297.717000,-4.331000
301.699000,-4.323000
1.278171,-4.785729
11.542000,-4.272000
13.859230,-4.325438
19.255000,-4.331000
21.351140,-4.267079
43.547000,-4.292000
144.451800,-4.277359
164.628000,-4.268464
178.074000,-4.333000
204.618000,-4.280000
207.268200,-4.270004
223.660000,-4.292000
237.469000,-4.297000
244.469000,-4.295000
260.220000,-4.295000
262.554800,-4.247247
273.733000,-4.288000
276.618000,-4.266000
289.860700,-4.214845
296.364000,-4.333000
307.223500,-4.338518
1.786696,-3.795264
10.341000,-4.251000
46.210000,-4.219000
48.538060,-4.179601
58.629000,-4.240000
73.983000,-4.214000
148.518200,-4.175803
150.136000,-4.255960
186.161900,-4.173947
188.661400,-4.251143
195.048000,-4.240000
209.410000,-4.280000
220.650000,-4.200000
231.312300,-4.203092
286.314400,-4.121790
299.113000,-4.158000
309.177400,-4.280592
2.749729,-4.387081
26.152000,-4.187000
34.659000,-4.109000
53.626000,-4.126000
70.359000,-4.186000
75.297000,-4.126000
78.176120,-4.177541
104.489600,-4.169083
108.076000,-4.184000
138.722800,-4.140900
143.106000,-4.107000
202.895000,-4.089000
234.484300,-4.098943
294.017000,-4.154000
306.122200,-4.137658
313.541000,-4.147000
42.360000,-4.071000
44.952000,-4.040000
76.800000,-4.072000
93.600000,-4.080000
112.381000,-4.080000
145.878200,-4.083670
151.352000,-4.056000
153.766000,-4.047000
247.792900,-4.065860
266.471400,-3.987954
275.332000,-4.055000
292.665000,-4.086032
7.101534,-3.971356
29.504230,-3.971627
65.035000,-3.982000
84.872510,-4.025706
110.735600,-3.920596
137.584000,-3.943000
146.990200,-3.957924
155.297800,-3.963303
167.314000,-3.920000
175.674500,-4.078160
205.924800,-3.937731
240.037000,-4.006000
250.909200,-4.031303
270.230000,-4.022000
291.079000,-3.960000
295.244000,-3.958889
22.815000,-3.902000
24.231000,-3.946000
57.269470,-3.915856
72.864470,-3.876076
81.258000,-3.887000
98.057000,-3.920000
116.190000,-3.849000
125.638000,-3.950000
135.286900,-3.908079
140.509600,-3.897400
159.275000,-3.927000
162.092100,-3.897903
213.333000,-3.920000
225.239000,-3.866000
228.109600,-3.883195
246.669000,-3.925000
249.793800,-3.929699
257.089400,-3.875325
277.890600,-3.819060
287.808000,-3.888000
3.389940,-3.468726
18.168000,-3.771000
27.255000,-3.829000
36.521000,-3.782000
49.946000,-3.783000
87.270550,-3.817554
91.029000,-3.800000
114.934100,-3.884809
134.172100,-3.809901
152.550300,-3.908569
157.816700,-3.815587
169.425300,-3.861114
170.590000,-3.840000
183.715900,-3.843239
221.869000,-3.807000
308.183700,-3.763939
311.220600,-3.831583
0.672527,-3.677934
5.735615,-3.708149
9.238001,-3.743012
15.069000,-3.773000
63.750000,-3.765000
71.545000,-3.789000
86.151320,-3.777001
105.827200,-3.720547
120.195600,-3.766001
156.698400,-3.755361
190.099100,-3.771281
215.914400,-3.720456
217.134000,-3.743000
241.159000,-3.821268
253.637300,-3.747582
255.852000,-3.760000
268.190000,-3.737000
279.979000,-3.696000
30.587140,-3.688157
40.232720,-3.654335
56.178530,-3.662144
62.243000,-3.640000
79.314000,-3.680000
96.210000,-3.675000
99.663090,-3.658176
101.452500,-3.693522
103.510900,-3.625992
109.295000,-3.674000
118.324000,-3.627000
133.065700,-3.640407
141.790000,-3.660000
165.790000,-3.710000
173.780600,-3.674675
181.523000,-3.675000
191.664100,-3.740011
192.814200,-3.661591
245.371000,-3.616000
252.097000,-3.667000
283.532500,-3.576618
304.970000,-3.691000
37.857980,-3.585216
66.852650,-3.560127
128.762000,-3.600000
131.818000,-3.551000
136.358500,-3.584396
196.328900,-3.578898
199.010500,-3.545409
200.130100,-3.548282
210.381800,-3.589114
229.336000,-3.606000
232.445000,-3.589853
236.627000,-3.539000
243.276000,-3.567000
272.760000,-3.547000
303.275000,-3.568000
12.629000,-3.525000
47.522000,-3.531000
89.656000,-3.494000
92.403000,-3.461000
113.467000,-3.480000
122.628500,-3.488810
124.490500,-3.519936
171.983000,-3.495000
178.918700,-3.474815
218.588200,-3.529969
271.351000,-3.488000
281.236100,-3.515063
288.985300,-3.516156
4.507935,-3.404599
32.045140,-3.458421
33.545000,-3.451000
52.588000,-3.427000
82.611610,-3.403623
88.309150,-3.398688
121.431700,-3.435862
145.050300,-3.331652
149.474200,-3.352521
163.599000,-3.449000
168.372500,-3.481089
201.585700,-3.451025
208.364000,-3.459044
211.496900,-3.484612
226.303000,-3.453000
238.326000,-3.394000
258.116500,-3.428675
300.724000,-3.460000
310.139200,-3.426570
312.504000,-3.386000
28.419000,-3.360000
51.176690,-3.320775
54.989970,-3.376442
60.914000,-3.360000
94.765000,-3.303000
106.900700,-3.400862
139.560400,-3.302600
160.418000,-3.354000
184.929800,-3.410829
204.000000,-3.320000
222.954000,-3.371000
230.629000,-3.296000
242.116100,-3.239235
248.614100,-3.304140
254.781000,-3.360000
269.257000,-3.360000
284.781000,-3.377000
2.415310,-2.874392
20.571000,-3.280000
59.488000,-3.293000
68.004000,-3.270000
69.359870,-3.303047
83.918690,-3.276391
111.570800,-3.175241
126.611000,-3.258000
129.867000,-3.280000
177.257000,-3.256000
259.449500,-3.287978
261.640000,-3.274000
264.168000,-3.279000
265.579000,-3.269000
296.931200,-3.267056
298.201000,-3.208000
39.027690,-3.219722
150.665000,-3.152000
174.932100,-3.243714
182.781000,-3.170000
187.833000,-3.156000
189.148100,-3.179936
194.119000,-3.182000
214.248000,-3.200000
262.935200,-3.193754
274.494000,-3.211000
306.895000,-3.192000
16.074030,-3.088203
44.132870,-3.054637
77.861880,-3.102459
117.227000,-3.072000
143.869000,-3.103000
147.924000,-3.120000
180.142900,-3.140178
197.389000,-3.131000
235.363000,-3.095000
290.230200,-3.099257
58.189000,-3.051000
102.556500,-3.040924
176.088900,-2.980503
205.143100,-3.122647
207.217000,-3.051000
219.580800,-3.011032
224.373000,-3.008000
244.267000,-3.040000
292.666000,-2.965967
295.840800,-3.011055
309.073600,-3.084998
6.818466,-2.887644
8.085904,-2.969227
10.234890,-2.992469
11.372490,-2.987088
14.002670,-2.895947
17.278000,-2.938000
19.439650,-2.944651
75.050000,-2.913000
76.229000,-3.000000
84.980800,-2.910904
100.661500,-2.900478
104.840000,-2.915000
119.428400,-2.949999
146.438000,-2.960000
151.970000,-2.951226
154.514000,-2.960000
164.661100,-2.959220
186.116000,-2.938000
190.816600,-2.912432
202.743000,-2.920000
212.500100,-2.986468
227.448900,-2.970790
233.439800,-3.005206
250.590200,-2.940217
260.511600,-2.932377
278.803000,-2.941000
282.593500,-2.967333
285.905000,-2.950000
301.839000,-2.952000
23.390000,-2.860000
34.554000,-2.832000
41.104000,-2.852000
46.381000,-2.901000
49.088000,-2.863000
53.896000,-2.826000
73.872000,-2.862000
108.174000,-2.893000
110.286000,-2.840000
138.061000,-2.833000
153.160000,-2.867000
155.722100,-2.856857
162.534900,-2.869097
209.367200,-2.892660
220.878000,-2.913000
239.467000,-2.859000
276.611000,-2.912000
291.446000,-2.867000
25.999000,-2.796000
64.265000,-2.704000
80.402000,-2.811000
81.670390,-2.796377
97.755580,-2.800835
114.876900,-2.766191
127.847000,-2.827391
173.087300,-2.794873
184.015300,-2.763932
195.479400,-2.826371
240.837000,-2.748498
287.278000,-2.768000
294.612000,-2.743000
299.584000,-2.809000
21.735000,-2.709000
24.740110,-2.690817
29.694000,-2.695000
35.830050,-2.714715
45.180130,-2.657363
56.934000,-2.659000
65.724000,-2.706000
86.561000,-2.734584
93.676000,-2.720000
98.867920,-2.671450
116.114000,-2.720000
133.783800,-2.658071
157.928600,-2.666015
167.604500,-2.666750
169.176800,-2.699900
191.981900,-2.665989
231.798500,-2.676543
256.668000,-2.711000
266.823000,-2.687000
304.112000,-2.658000
311.314400,-2.715416
313.659000,-2.719852
9.150095,-2.619761
62.971000,-2.623000
72.552000,-2.650000
91.530240,-2.600528
96.662330,-2.557176
125.270000,-2.669000
141.031000,-2.641000
156.810300,-2.592705
159.048400,-2.639985
161.371000,-2.680000
170.294900,-2.633147
181.540000,-2.553000
216.306000,-2.615000
228.627000,-2.651000
237.464200,-2.617534
270.459000,-2.627000
305.792000,-2.583000
5.338028,-2.650596
31.166000,-2.501000
105.953700,-2.537118
132.667200,-2.570930
134.979900,-2.606626
142.517000,-2.547000
166.417000,-2.573000
193.172000,-2.452000
198.500800,-2.549731
210.773000,-2.512000
222.151000,-2.535000
225.552000,-2.498000
246.476000,-2.560000
252.973000,-2.571000
275.392000,-2.528000
288.476000,-2.505000
1.147224,-2.664741
15.071310,-2.560655
27.598000,-2.493000
32.488500,-2.430197
37.165360,-2.450880
42.627000,-2.496000
55.602700,-2.439171
70.014130,-2.393953
71.316000,-2.450000
87.653980,-2.490174
90.415760,-2.488472
124.084500,-2.476064
131.366000,-2.434000
136.863700,-2.500829
148.827800,-2.437968
171.440800,-2.498171
199.823500,-2.470468
206.181500,-2.566022
247.827000,-2.469000
251.731800,-2.447637
277.789000,-2.428000
284.000000,-2.480000
308.149100,-2.454058
3.283801,-2.173153
38.283070,-2.384099
61.600000,-2.356000
107.076800,-2.294719
121.060300,-2.379138
122.420500,-2.388191
128.860000,-2.349608
178.014900,-2.414711
196.497700,-2.359731
201.285300,-2.371974
208.360000,-2.338957
217.541800,-2.467829
229.788700,-2.405950
234.387200,-2.407794
245.333000,-2.400000
271.864000,-2.343000
12.531710,-2.348760
18.443050,-2.375228
50.345000,-2.333000
79.331000,-2.307000
103.688000,-2.298000
118.561100,-2.230835
144.820400,-2.237760
174.233700,-2.373650
213.473300,-2.321684
254.133000,-2.320000
300.878000,-2.286000
39.512920,-2.208968
47.692170,-2.251652
52.837000,-2.192000
68.724000,-2.240000
95.467000,-2.176000
160.173000,-2.200000
179.117900,-2.219925
187.010000,-2.216000
189.925700,-2.233494
218.638200,-2.199949
236.398000,-2.251000
243.238000,-2.264000
264.854600,-2.257609
280.135000,-2.249000
281.259000,-2.221000
289.562800,-2.199744
67.156000,-2.160000
88.818000,-2.099000
139.086000,-2.160000
163.936900,-2.104780
188.402000,-2.173000
203.705900,-2.161398
204.820400,-2.050002
230.857100,-2.071436
258.091000,-2.170000
259.411900,-2.159645
273.244400,-2.198098
293.564000,-2.088000
59.014280,-2.092231
60.223640,-2.092355
82.932000,-2.058000
92.792000,-2.032000
113.410000,-2.080000
126.744000,-2.048000
130.116000,-2.067000
165.355000,-2.063000
180.436000,-2.059629
211.852200,-2.072805
215.121000,-2.058000
223.393000,-2.054000
226.593000,-2.067000
232.762000,-2.080000
238.402500,-2.005104
241.868000,-2.067000
249.794800,-2.151716
255.523000,-2.065000
269.206600,-2.081957
298.618000,-2.101934
302.841000,-2.023000
312.575000,-2.075192
10.590190,-1.930673
28.702000,-2.017000
33.523350,-2.002382
51.417460,-2.003465
101.578000,-2.001000
112.038000,-2.000000
147.542300,-1.979694
149.872000,-2.032357
151.369700,-2.006206
175.359000,-2.041684
194.634800,-2.057049
197.579000,-1.915561
262.328000,-2.000000
263.579000,-2.029000
285.046000,-1.987000
310.155900,-2.012394
4.393770,-2.051945
15.966990,-1.888196
20.699990,-1.905031
57.766000,-1.894000
76.859000,-1.933000
84.058000,-1.928000
99.782950,-2.026668
108.908200,-1.905895
172.396400,-1.913182
182.613900,-1.945076
220.047000,-1.901000
268.018000,-1.916000
297.399000,-1.928000
8.144000,-1.745000
13.600000,-1.840000
19.396300,-1.787121
24.060890,-1.800183
78.038000,-1.857000
85.826000,-1.853000
110.921300,-1.848718
135.992300,-1.797176
153.809200,-1.853210
155.156300,-1.892621
176.864500,-1.891138
185.103000,-1.833000
209.677700,-1.817240
261.073000,-1.812000
266.011000,-1.823449
282.383000,-1.851000
286.256000,-1.809000
290.781000,-1.864000
306.687000,-1.851000
35.275510,-1.741637
40.524070,-1.727032
75.683900,-1.769294
105.100700,-1.813033
117.334500,-1.737396
152.513000,-1.771000
191.183500,-1.757513
202.656600,-1.769442
224.495000,-1.736000
250.832400,-1.726086
304.952000,-1.736000
309.078100,-1.708213
5.899811,-1.681542
7.019216,-1.643677
11.669720,-1.634010
22.648000,-1.675000
25.334150,-1.674242
43.770000,-1.702000
45.951830,-1.698683
49.412000,-1.640000
54.284000,-1.640000
127.940000,-1.623000
141.599800,-1.660422
146.154000,-1.626000
227.745900,-1.668420
279.010000,-1.680000
299.641000,-1.646066
17.048000,-1.583000
30.446000,-1.528000
63.621000,-1.567000
74.400000,-1.600000
81.333000,-1.583000
94.460000,-1.577000
119.687600,-1.625165
134.624500,-1.546365
157.393000,-1.613000
170.888500,-1.523678
192.397200,-1.500300
207.278000,-1.607000
240.610000,-1.560000
257.064000,-1.539439
276.507000,-1.603000
292.196000,-1.554000
296.170000,-1.578000
313.589900,-1.602044
9.486000,-1.496000
41.792000,-1.552000
64.838000,-1.520000
86.971000,-1.492000
114.493000,-1.537000
115.928800,-1.534722
140.190000,-1.500000
143.560000,-1.533070
156.203200,-1.486432
162.669300,-1.563026
166.951000,-1.508000
168.288000,-1.533000
183.735000,-1.480000
205.932500,-1.473977
212.793700,-1.431315
237.331200,-1.505362
274.458000,-1.480000
294.938000,-1.473000
26.527900,-1.432038
36.371370,-1.520342
44.867170,-1.419317
97.562000,-1.440000
107.901500,-1.414901
158.749600,-1.502471
169.460100,-1.419562
173.583800,-1.467644
195.716000,-1.453000
235.126300,-1.404388
253.322100,-1.472562
270.108900,-1.419532
283.467000,-1.440000
301.661600,-1.435396
311.504200,-1.469093
1.224754,-1.549431
31.849230,-1.361525
96.228810,-1.322490
98.752100,-1.412911
102.664600,-1.446340
123.087000,-1.384000
133.481800,-1.435131
137.628100,-1.357419
181.311100,-1.361192
193.510400,-1.376479
198.642300,-1.334890
210.675900,-1.311927
216.095300,-1.339884
217.588300,-1.348755
221.254200,-1.410927
244.229000,-1.336000
247.124000,-1.336000
251.907200,-1.341363
2.340501,-1.573906
47.122490,-1.287214
48.240350,-1.216134
62.420000,-1.305000
80.190000,-1.240000
91.612870,-1.240023
100.588600,-1.249550
104.146900,-1.227704
121.637000,-1.223000
148.802000,-1.252000
161.143000,-1.320000
178.008300,-1.294780
186.127900,-1.260574
200.346800,-1.294410
214.099000,-1.324242
228.803800,-1.300971
229.923500,-1.278069
231.712000,-1.293000
233.777100,-1.192789
248.648000,-1.320000
287.617000,-1.254000
288.867000,-1.262000
303.810000,-1.280000
38.493150,-1.286059
50.574000,-1.213000
59.619080,-1.149412
66.136040,-1.208000
71.903000,-1.211000
90.493130,-1.210977
132.187800,-1.196849
145.017000,-1.136237
187.587900,-1.230285
201.530200,-1.132577
222.514000,-1.200000
225.526000,-1.179000
242.880000,-1.127000
245.506000,-1.211000
254.684000,-1.189000
260.056000,-1.185000
265.030300,-1.151391
271.203500,-1.184511
0.311285,-0.911293
14.667000,-1.120000
21.488010,-1.108969
27.753000,-1.145000
34.344240,-1.120978
37.396680,-1.077020
56.000000,-1.127000
68.095000,-1.103000
69.446000,-1.088000
70.621000,-1.048000
78.971000,-1.096000
109.850000,-1.133000
118.323900,-1.136166
124.361000,-1.130000
125.638000,-1.150000
130.878700,-1.118775
164.610000,-1.120000
174.662100,-1.164835
176.080700,-1.090906
179.109900,-1.099913
208.538200,-1.139115
249.838200,-1.032661
273.062500,-1.092902
2.987333,-0.660792
12.817000,-0.982000
18.210000,-1.070000
51.782540,-0.944536
60.859000,-1.027000
73.182350,-1.126011
106.778600,-1.053509
129.486000,-1.040000
138.716400,-1.093802
142.538200,-1.049135
160.003500,-1.067703
188.942800,-1.044652
190.250000,-1.014000
218.936000,-1.016000
258.702000,-1.035000
298.286000,-0.976000
4.059381,-0.983272
5.168951,-0.832992
150.107100,-0.937192
171.841700,-0.936376
194.548200,-0.940308
197.027600,-0.941326
203.762000,-0.868000
236.162700,-0.979613
255.962000,-0.984000
262.514000,-0.880000
281.488000,-0.909000
289.998000,-0.948000
307.847600,-0.959090
42.809000,-0.801000
53.051000,-0.890000
57.181000,-0.856000
58.421000,-0.902000
89.122060,-0.876330
92.932000,-0.891000
101.745300,-0.805393
105.676500,-0.853617
147.581700,-0.860307
151.390000,-0.880000
153.275400,-0.868637
154.858400,-0.816246
165.943000,-0.880000
180.213100,-0.921171
182.419200,-0.842394
226.747000,-0.845000
241.603000,-0.904000
263.695000,-0.910000
266.489000,-0.810551
269.058000,-0.840000
277.778000,-0.876056
280.088400,-0.886354
293.314000,-0.897000
19.962000,-0.800000
29.274000,-0.787000
33.105000,-0.771000
75.229100,-0.745706
76.457000,-0.776000
82.226000,-0.760000
111.215400,-0.768301
136.620100,-0.869640
204.973000,-0.789000
211.668200,-0.794172
223.790000,-0.760000
238.779000,-0.794000
284.822600,-0.754654
297.093500,-0.816038
306.019000,-0.776000
312.385900,-0.779402
24.739850,-0.724758
77.802410,-0.738684
84.914000,-0.720000
95.293320,-0.706478
113.436900,-0.785686
117.067500,-0.649604
120.291400,-0.681835
126.929000,-0.707000
172.903800,-0.584074
202.548900,-0.654512
215.163700,-0.718117
220.133000,-0.738000
300.400200,-0.703090
310.264100,-0.723943
10.379000,-0.591000
39.417030,-0.660891
83.705000,-0.594000
99.553290,-0.630226
112.327500,-0.649449
134.149200,-0.534647
162.091100,-0.603809
170.237800,-0.612043
191.514500,-0.687399
199.504200,-0.556590
232.766200,-0.697396
261.320100,-0.630182
302.688000,-0.652000
6.290000,-0.560000
8.498000,-0.555000
23.543000,-0.534000
35.322140,-0.555047
108.616200,-0.552204
135.374000,-0.573000
141.304400,-0.556149
158.205100,-0.523715
177.105000,-0.560000
184.886800,-0.571863
216.902200,-0.463448
239.975800,-0.573513
252.763900,-0.501438
275.412000,-0.573000
286.136100,-0.615220
291.218000,-0.582000
299.299700,-0.494910
15.924000,-0.480000
25.960030,-0.466457
31.143770,-0.491475
40.513760,-0.449839
66.949680,-0.439012
103.138000,-0.431267
115.592800,-0.466592
168.837200,-0.488579
207.620000,-0.499219
209.635000,-0.501200
230.933000,-0.480000
234.607000,-0.408000
250.792400,-0.446320
257.354000,-0.457561
267.810000,-0.500000
282.611000,-0.491000
308.817400,-0.398910
313.454400,-0.447996
46.265150,-0.411044
49.579000,-0.389000
96.827870,-0.376033
114.477700,-0.377903
139.695800,-0.460642
143.560000,-0.412930
163.575800,-0.395631
167.506000,-0.393000
175.326100,-0.262853
186.801900,-0.358492
198.097700,-0.356110
221.536800,-0.327073
279.090600,-0.377646
1.922571,-0.313654
11.613000,-0.302000
13.807000,-0.307000
41.625890,-0.331308
54.287910,-0.355377
87.697460,-0.363010
128.408900,-0.392942
146.542000,-0.368187
157.091300,-0.408409
183.467000,-0.360000
192.601800,-0.387620
243.748500,-0.273606
247.734000,-0.269000
295.754000,-0.333000
301.465400,-0.332604
17.110000,-0.216000
22.324000,-0.270000
27.048070,-0.200505
36.742600,-0.168954
43.863000,-0.200000
62.959000,-0.200000
65.518940,-0.272627
81.143000,-0.240000
85.950000,-0.273000
89.999950,-0.180670
132.743200,-0.224151
137.518900,-0.200322
152.357400,-0.227153
173.946900,-0.136774
188.144300,-0.259500
193.706200,-0.201748
195.563900,-0.261495
200.831500,-0.257087
213.998000,-0.208758
218.004500,-0.234019
228.076000,-0.240000
271.910000,-0.152000
274.306000,-0.225000
311.270600,-0.232669
47.383000,-0.152000
64.187000,-0.177000
74.193470,-0.174551
91.334000,-0.135000
98.116000,-0.147000
100.688600,-0.134321
122.399000,-0.165000
130.384800,-0.113458
159.404500,-0.121297
210.691000,-0.127800
224.903900,-0.176973
229.350000,-0.147000
246.268000,-0.171000
253.943000,-0.160000
276.533000,-0.160000
283.863400,-0.176346
288.133200,-0.130972
294.438000,-0.160000
37.943000,-0.080000
45.181000,-0.086000
71.483000,-0.057000
73.078720,-0.010714
94.051090,-0.091517
119.221000,-0.093000
123.649000,-0.070807
148.532000,-0.032000
156.010700,-0.074827
180.939200,-0.071008
212.876000,-0.080000
222.687000,-0.089000
236.969000,-0.067000
245.067000,-0.080000
249.122000,-0.055000
270.459000,-0.067000
292.362000,-0.062000
304.935000,-0.091000
3.858047,0.121995
18.860000,0.040000
28.402000,0.012000
55.619000,0.007000
61.600000,0.000000
78.637590,0.007684
107.629900,0.015359
138.616900,0.021145
142.373000,0.058556
165.019400,-0.004771
178.244800,0.003054
206.285900,-0.000428
255.297000,0.013000
287.030600,0.057279
289.244100,0.002913
303.769000,0.013000
9.492000,0.120000
30.057000,0.080000
50.819000,0.040000
59.488000,0.093000
69.099580,0.100554
79.877000,0.120000
106.260700,0.100981
110.278000,0.088000
126.113000,0.102000
136.324400,0.210499
144.578000,0.097000
161.026000,0.054000
171.170000,0.088000
179.560000,0.091000
185.781200,0.102082
233.529700,0.122185
240.882200,0.084513
264.322000,0.067000
7.434000,0.218000
14.993000,0.147000
21.130930,0.112075
34.321000,0.200000
104.860000,0.143000
117.931800,0.151796
121.150800,0.101856
124.736900,0.195455
131.456500,0.212233
182.023600,0.204976
190.721900,0.104003
204.084000,0.208000
219.294000,0.169000
235.694000,0.153000
260.130800,0.139521
263.049000,0.192000
277.781600,0.243556
280.701000,0.194000
307.038700,0.166458
0.219007,0.202961
12.755470,0.201249
32.076000,0.280000
48.560500,0.224828
56.779000,0.253000
57.997000,0.297000
67.854350,0.220639
70.212430,0.227446
151.010000,0.240000
196.818400,0.244485
208.532600,0.191782
215.946000,0.250000
232.018900,0.250873
251.854700,0.211693
259.014300,0.217451
297.046500,0.303038
5.064000,0.354000
53.068000,0.352000
102.291000,0.338000
147.416200,0.331867
154.612800,0.273333
162.717800,0.324466
189.625000,0.330251
191.802800,0.397161
223.953100,0.414973
226.167700,0.262578
239.276000,0.360000
242.264700,0.315478
256.457000,0.320000
261.848900,0.357182
265.733000,0.295000
290.443000,0.320000
298.400000,0.320000
312.814200,0.469361
39.041650,0.393547
76.138300,0.406544
88.873000,0.405000
92.594610,0.358785
95.983000,0.387000
99.692600,0.481136
172.530600,0.467737
202.949600,0.498083
205.198000,0.387000
267.010000,0.376000
42.667000,0.533000
77.448000,0.480000
84.923840,0.478352
86.989530,0.505009
113.798700,0.512371
127.672600,0.451052
133.737200,0.505358
134.858700,0.464274
141.035600,0.531149
169.362900,0.500528
176.224200,0.411009
201.658300,0.498664
220.662600,0.507795
238.019000,0.492000
268.343000,0.500000
269.471700,0.509979
273.257000,0.440000
285.143000,0.504000
293.350000,0.467000
309.712100,0.426341
1.267586,0.594747
23.712000,0.606000
108.868200,0.554197
116.902000,0.590954
129.388000,0.617000
149.905000,0.536000
153.160000,0.582000
194.667000,0.560000
253.088000,0.573000
282.098000,0.582000
300.692200,0.605743
302.535000,0.573000
308.114000,0.569000
10.705000,0.640000
25.103000,0.670000
60.610970,0.638131
75.040860,0.627244
82.397000,0.635000
83.819170,0.663648
112.437000,0.659000
156.854900,0.685407
166.028500,0.480131
227.203300,0.689422
230.200900,0.622511
250.210000,0.600000
257.976900,0.638028
299.572800,0.640257
20.262070,0.818925
35.542000,0.752000
46.398850,0.701044
51.868410,0.700190
54.706860,0.681864
97.264000,0.734000
103.504200,0.726453
139.665100,0.657994
146.038000,0.768000
163.995000,0.731000
184.381000,0.690000
188.388900,0.832437
193.136600,0.762706
195.856600,0.819626
199.340200,0.653382
207.348800,0.585255
217.126000,0.707000
244.258500,0.723606
279.654400,0.704905
311.739900,0.784342
17.910350,0.790837
33.273000,0.810000
40.078620,0.817065
41.383940,0.762238
62.372100,0.843600
115.802100,0.801470
158.286000,0.800000
174.691000,0.818000
177.472200,0.814065
187.200000,0.800000
209.774700,0.840444
214.764000,0.813000
228.744000,0.819000
247.053000,0.782000
275.597000,0.850000
306.173300,0.877542
8.626000,0.867000
14.073000,0.863000
16.411000,0.893000
30.931130,0.879033
66.561000,0.904000
73.964300,0.934488
90.455000,0.893000
93.565290,0.917732
101.292000,0.888000
121.889100,0.944144
123.178100,0.945352
143.627000,0.913169
155.518200,0.931996
168.327100,0.926919
198.211000,0.912000
254.476000,0.920000
271.238000,0.880000
6.040000,0.964000
26.228000,0.975000
27.543000,0.960000
47.775180,1.022897
49.735000,0.951000
120.051500,0.930305
160.291300,0.950243
167.160000,0.966000
173.504800,1.018179
178.857000,1.000000
211.916000,0.977227
221.676400,0.984205
248.551000,0.951000
283.182000,0.938000
286.400000,0.990000
2.250945,1.130281
22.573000,1.029000
36.893000,1.027000
63.630000,1.054000
65.026000,1.035000
85.926000,1.024000
107.240700,1.064662
110.993000,1.053000
130.552000,1.080000
138.632200,1.140543
180.837000,1.112000
182.781000,1.040000
206.351500,1.132190
213.257000,1.040000
218.203000,1.047000
231.268100,1.082127
234.306000,1.059000
243.088300,1.074522
260.932000,1.051000
277.111400,1.140500
278.596600,1.073094
291.287200,1.066220
295.778000,1.040000
310.610900,1.094659
313.794000,1.156581
11.750000,1.107000
43.856800,1.104090
44.973200,1.194910
56.027210,1.126539
81.181000,1.096000
88.060000,1.177000
94.802000,1.131000
118.407100,1.165549
126.654000,1.178000
151.962000,1.096000
165.058000,1.142218
185.453300,1.172846
200.345800,1.150277
222.973000,1.126000
225.098100,1.089512
232.914000,1.120000
274.360000,1.126000
288.381000,1.090000
303.714000,1.190000
304.899600,1.085503
38.057000,1.200000
50.871950,1.211317
79.543000,1.200000
91.585000,1.200000
132.865000,1.240000
135.699700,1.204139
136.962600,1.200804
142.559200,1.251553
148.280800,1.185867
154.165700,1.298507
161.674000,1.174000
190.724100,1.224512
240.229000,1.206000
241.393000,1.218000
245.541000,1.189000
289.635000,1.205000
4.178336,1.283294
12.941530,1.305751
19.104000,1.341000
29.640000,1.254000
68.876000,1.260000
71.325000,1.288000
98.551000,1.312000
106.019000,1.304000
114.760000,1.267000
171.776500,1.290458
197.134100,1.320385
208.551800,1.311100
236.611200,1.299931
272.415000,1.298000
284.282600,1.256850
292.402000,1.293000
294.569000,1.293000
15.184020,1.367457
31.925870,1.393967
34.227050,1.413439
53.834860,1.385546
58.687000,1.371000
72.782000,1.358000
78.286350,1.401520
104.616100,1.273991
124.252000,1.360795
128.320200,1.364338
147.096800,1.405320
170.658600,1.340430
210.745300,1.399556
219.721500,1.330349
251.599100,1.301255
255.867000,1.392000
259.484800,1.339310
264.800000,1.360000
270.168300,1.387021
280.879200,1.395923
21.231000,1.421000
57.402000,1.488000
61.419910,1.433400
96.275000,1.487000
108.373800,1.559078
109.875000,1.462177
125.516800,1.398572
150.667000,1.440000
159.305100,1.480605
189.501100,1.443183
204.229000,1.426000
238.813600,1.492002
257.046000,1.451000
263.352000,1.440000
52.661190,1.489897
67.585000,1.499000
70.133000,1.520000
77.008000,1.531000
100.038000,1.550000
113.314000,1.560000
144.641300,1.496677
149.336200,1.561133
166.092400,1.596823
176.091300,1.523157
191.805300,1.517162
226.226000,1.533000
266.019000,1.520000
307.446000,1.507000
9.739823,1.593732
39.246000,1.672000
60.096030,1.632869
89.333000,1.576000
120.990000,1.620000
131.598000,1.613000
139.991200,1.728648
157.453400,1.630211
194.057000,1.600000
202.784400,1.605917
205.350700,1.670485
229.744700,1.645374
235.540500,1.638177
262.019000,1.600000
267.542000,1.568000
301.354000,1.589000
309.257000,1.648000
7.552000,1.715000
28.446050,1.651058
55.087100,1.733771
84.662510,1.648562
102.230000,1.695000
116.884900,1.710448
129.498000,1.738000
134.286000,1.680000
162.782000,1.686000
207.368400,1.702032
215.792000,1.691000
224.076000,1.687000
237.716400,1.716998
249.480700,1.711532
252.639800,1.713042
268.992000,1.751000
297.445000,1.686000
298.608000,1.689000
312.864200,1.779364
0.876000,1.760000
17.345650,1.758163
83.335660,1.804792
97.549100,1.835672
111.876800,1.821376
141.298000,1.755000
156.325400,1.747084
184.496000,1.831000
186.514000,1.800000
199.390000,1.772341
250.596600,1.797477
285.333300,1.733536
287.293000,1.818000
293.423000,1.807000
5.126330,1.879413
24.528000,1.833000
41.497690,1.876231
42.719810,1.812069
75.865000,1.851000
82.216100,1.823903
92.909000,1.958000
103.640600,1.838248
169.332000,1.834000
177.150700,1.886999
179.886000,1.768468
182.003000,1.898000
187.674000,1.853000
214.131900,1.800690
220.700500,1.876628
227.352000,1.840000
247.598000,1.880000
258.513700,1.897233
300.246000,1.831158
302.667000,1.816000
10.851310,1.936841
23.257000,1.975000
74.729000,1.978000
80.397000,1.977000
86.862000,1.880000
119.582000,1.946228
122.570000,1.941000
152.817000,1.931000
163.925000,1.952000
173.972600,2.035330
201.484000,1.880835
212.506800,1.928090
217.146400,1.876374
253.829000,1.944000
276.036000,1.967000
279.886800,1.915077
290.578800,1.933780
32.897880,2.032799
66.135000,2.047000
137.727400,2.019196
168.152000,2.048000
175.092500,2.029628
192.787000,2.056352
232.135000,1.987000
233.659000,2.013000
273.418500,1.998098
311.762400,1.977660
46.365000,2.040000
47.751170,2.142367
90.550000,2.120000
107.141200,2.179489
115.731100,2.075001
143.708800,2.116708
145.981600,2.040028
178.590000,2.120000
183.217000,2.091000
198.154000,2.067000
244.038000,2.080000
246.398000,2.054000
282.099000,2.052000
305.252400,2.148498
8.703000,2.147000
14.431980,2.197542
27.133000,2.126000
35.637000,2.214000
40.395370,2.073993
64.946000,2.203000
110.817200,2.184624
127.221000,2.173000
158.429300,2.177974
167.035600,2.199606
172.861900,2.179808
195.335000,2.209000
218.458000,2.175000
225.241800,2.199275
228.610000,2.184000
260.217500,2.186458
271.276500,2.135977
278.054400,2.164758
283.336200,2.091853
306.459000,2.149000
12.146340,2.240101
15.963740,2.197977
19.882790,2.267271
36.818330,2.219651
48.868150,2.225908
73.563000,2.208000
99.162000,2.280000
160.918700,2.196244
209.105600,2.284117
230.639400,2.319114
239.794000,2.252768
242.362000,2.240000
296.152000,2.273000
30.682000,2.330000
50.267670,2.331804
51.387050,2.307658
85.607000,2.331000
88.134600,2.372367
94.020010,2.285349
104.743800,2.386715
118.450100,2.284362
123.727000,2.350205
130.667000,2.320000
142.617900,2.370153
154.971000,2.320000
165.305800,2.391706
171.616100,2.397072
190.221400,2.300353
206.282400,2.291009
240.912000,2.322232
255.141000,2.360000
284.418600,2.379700
308.305000,2.296000
25.840000,2.446000
44.130000,2.396000
45.255000,2.426000
53.245570,2.443446
56.398000,2.387000
62.254000,2.466000
63.550000,2.360000
68.343000,2.400000
77.901650,2.453480
101.185000,2.467000
124.933000,2.405000
126.061200,2.377429
128.488600,2.471040
133.117400,2.406511
138.905000,2.440000
151.657000,2.400000
170.491900,2.447973
188.977800,2.433497
219.738500,2.449948
221.932100,2.416389
264.136000,2.423000
274.469500,2.384902
288.541500,2.371361
291.640000,2.387000
303.962000,2.400000
313.926000,2.411000
1.943000,2.480000
29.185950,2.491942
33.920070,2.490762
37.903680,2.496349
54.355340,2.579179
60.878560,2.446396
79.200000,2.480000
91.810000,2.520000
109.418000,2.484824
136.457000,2.480000
148.290900,2.477858
196.884400,2.481388
211.505000,2.480000
223.128900,2.394296
265.402800,2.500174
286.286200,2.527524
310.323700,2.460541
31.924000,2.590000
69.595000,2.594000
72.184000,2.600000
81.392230,2.582306
162.065700,2.565755
185.431000,2.573000
204.114000,2.553000
234.697400,2.591516
236.075800,2.619584
238.474000,2.573000
251.788000,2.614000
256.360000,2.549000
262.607000,2.607000
268.002200,2.598764
277.011500,2.573242
299.314000,2.560000
4.042000,2.680000
9.968177,2.690268
13.379000,2.648000
18.476000,2.640000
22.078000,2.653000
84.367190,2.728325
95.678000,2.627000
96.846900,2.708327
105.843600,2.598225
108.154100,2.657214
117.410000,2.699421
135.062100,2.618806
150.263900,2.645831
181.098400,2.616364
191.289300,2.636140
200.457000,2.660000
210.226000,2.627000
216.383600,2.696626
257.524000,2.673000
266.610000,2.623000
270.266400,2.621815
281.009000,2.630000
289.613500,2.695639
57.812000,2.707000
67.068000,2.709000
70.926320,2.692728
102.622000,2.767000
113.598200,2.760555
121.676000,2.715000
157.408900,2.748921
159.948300,2.755755
207.964900,2.645376
215.191000,2.760000
226.362000,2.720000
248.817000,2.731000
261.410000,2.720000
294.631000,2.714000
6.249000,2.771000
39.572200,2.833253
76.817000,2.787000
114.741000,2.806000
147.029000,2.754367
153.736500,2.756536
176.000000,2.800000
213.904100,2.897309
237.206400,2.739375
245.111200,2.812180
249.960000,2.811000
300.689000,2.859843
301.830000,2.833000
7.431000,2.858000
11.293350,2.966058
16.897000,2.893000
20.833850,2.858900
41.700160,2.977571
42.851760,2.924299
82.665000,2.875000
140.116000,2.913000
144.670000,2.895000
177.520900,2.944126
179.886000,2.888532
194.346700,2.877852
202.821000,2.875000
205.300300,2.869792
232.952000,2.904000
253.238700,2.910520
269.088800,2.870235
272.180500,2.863612
279.049000,2.886000
292.838000,2.908000
309.278300,2.862445
27.943000,2.964000
55.411590,2.948630
89.489000,2.938000
119.450500,3.057667
129.600000,2.920000
131.810000,2.930000
164.386300,3.029288
199.010000,3.008000
201.677000,2.984165
212.670200,3.035682
220.962200,2.975696
229.676000,2.960000
297.109400,2.941617
312.836000,2.975000
15.233640,3.047059
52.213100,3.063668
97.966860,2.995830
112.229000,3.040000
116.123900,3.123998
134.030500,3.054683
145.965400,3.159972
163.096500,3.003288
166.231000,3.027000
183.799100,3.049459
186.654200,3.018620
224.097700,2.987903
259.315000,3.018000
302.964600,3.079273
0.722076,3.078853
47.098700,3.116117
58.933000,3.096000
75.560000,3.131000
86.991030,3.150259
93.105000,3.090000
94.628180,3.225369
100.207800,3.133903
182.079600,3.156636
187.767800,3.138380
193.245800,3.082464
197.777100,3.157907
217.591100,3.048352
247.678000,3.133000
283.231300,3.207061
290.622000,3.193000
307.314000,3.120000
40.613040,3.247166
49.672930,3.280617
80.229000,3.200000
141.340700,3.138011
143.525700,3.221407
149.235000,3.217000
155.938800,3.118450
168.746000,3.223000
195.827900,3.222621
225.266100,3.318213
273.249900,3.196324
285.411300,3.226421
287.504000,3.247000
5.163000,3.271000
32.947040,3.324658
34.852430,3.283144
74.364000,3.274000
152.565700,3.276453
167.550000,3.248000
174.861900,3.210498
192.157100,3.343275
206.895800,3.227094
231.640000,3.269000
243.276000,3.280000
254.287300,3.304480
271.142100,3.320208
275.790000,3.312000
311.606700,3.281519
8.738000,3.394000
23.030000,3.349000
24.419000,3.343000
61.521440,3.363604
104.066800,3.359535
122.907300,3.321707
124.318000,3.394000
137.448000,3.330000
171.179600,3.427615
172.304500,3.359385
173.749800,3.331730
240.133000,3.418000
241.474000,3.378000
282.024000,3.396000
19.429000,3.440000
29.906000,3.511000
38.707490,3.544965
46.027300,3.442883
62.785000,3.499000
64.090190,3.426743
65.209810,3.457257
88.458400,3.444633
90.784000,3.462000
99.146220,3.491097
120.717700,3.435830
125.552000,3.480000
126.984200,3.422684
128.099800,3.521017
147.855100,3.510775
154.611400,3.456768
189.327500,3.497583
223.045800,3.510618
228.497500,3.428853
246.345000,3.451000
295.744000,3.502000
306.133000,3.400000
12.427000,3.528000
14.253620,3.588964
37.274000,3.533000
43.795660,3.527098
44.913770,3.592534
48.533000,3.520000
50.782250,3.480254
56.914000,3.480000
60.062590,3.505754
72.978350,3.512820
83.597300,3.541113
85.938210,3.526441
118.432000,3.522800
158.752500,3.418970
178.721800,3.479836
190.621000,3.568000
211.048000,3.520000
219.535600,3.551075
227.382800,3.552019
265.779900,3.554042
278.019000,3.520000
284.339500,3.551055
304.684000,3.571000
1.695955,3.632147
26.659530,3.595628
36.054000,3.657000
106.287700,3.626368
107.446000,3.587000
111.103000,3.613000
130.748200,3.590905
138.552000,3.664000
161.166000,3.653000
209.448000,3.606000
234.037100,3.495800
236.536400,3.636972
250.952000,3.640000
255.602000,3.587000
260.609600,3.564235
264.589000,3.611000
267.459000,3.608000
298.471100,3.576547
308.402000,3.613000
310.307000,3.587014
68.907000,3.712000
70.494670,3.726273
101.770000,3.676000
133.061000,3.672423
136.000000,3.680000
142.502200,3.676065
170.034400,3.636577
204.315200,3.722414
235.391000,3.646000
238.911000,3.707000
244.412800,3.687820
263.314000,3.680000
274.364000,3.686000
291.961200,3.688680
313.714000,3.680000
17.921710,3.770560
25.550550,3.753038
71.897660,3.807180
77.790000,3.760000
79.066380,3.768347
150.342100,3.763169
153.524400,3.855829
176.713500,3.763464
181.105000,3.780000
184.857000,3.765000
200.299000,3.806000
208.015500,3.759401
221.954100,3.760634
237.698000,3.783000
252.360000,3.773000
262.188000,3.773000
276.857000,3.743000
280.610000,3.760000
299.716000,3.768000
10.400000,3.840000
20.457360,3.913829
33.912530,3.892198
42.315300,3.913462
81.752000,3.811000
105.044200,3.906465
109.865000,3.852078
113.868800,3.847445
162.325000,3.886000
196.902500,3.857706
270.019000,3.840000
293.531000,3.894000
21.617000,3.931000
31.543000,3.920000
53.143000,3.920000
54.573000,3.945000
66.331000,3.886000
67.615000,3.948000
91.925670,3.941103
96.742000,3.981000
108.747000,3.920922
151.638900,3.960783
156.716500,3.923995
157.826900,4.047364
163.708800,3.940957
183.148900,3.961542
205.492700,3.973209
216.229000,3.960000
230.590000,3.953356
256.744000,3.898000
286.397500,3.939143
288.432400,3.906495
301.213000,3.950000
28.876000,4.000000
76.465000,4.054000
95.375660,4.059083
102.855000,4.033000
115.179000,3.989000
117.374600,3.968232
145.042100,3.968141
146.763400,3.983819
165.390000,4.018000
175.625500,4.029116
193.905700,3.987517
195.025600,4.004256
214.571900,3.987524
218.089900,4.051187
220.724700,4.069915
226.265000,3.989000
248.457000,4.000000
258.032000,4.008000
272.121800,3.983152
296.850600,4.031384
303.568400,4.022725
4.364000,4.093000
55.924000,4.040000
84.945400,4.039234
97.864140,4.111171
134.552000,4.120000
140.061000,4.141000
159.924100,4.068040
186.000000,4.075000
212.058000,4.099000
224.095600,4.107876
249.638500,4.022585
268.724000,4.080000
6.791460,4.127447
15.771000,4.142000
58.035810,4.125464
87.495000,4.185000
94.066150,4.194197
129.021700,4.156812
155.633000,4.194804
166.633200,4.190804
179.848900,4.198483
198.911000,4.140102
201.590100,4.142497
213.430000,4.149000
232.460000,4.150178
242.402000,4.228000
289.531600,4.121504
302.324000,4.190000
11.535000,4.288000
47.069000,4.253000
51.884000,4.280000
59.182000,4.262000
116.291500,4.252559
119.337700,4.225828
123.530700,4.252295
131.771000,4.216000
141.523200,4.242797
173.076200,4.223742
187.200000,4.220000
188.549200,4.303092
202.827000,4.270000
206.917100,4.346412
229.324400,4.232242
259.430000,4.264000
273.191000,4.314683
311.171300,4.313478
312.400000,4.235000
0.686000,4.320000
5.684541,4.298553
16.969000,4.367000
27.619000,4.296000
40.988000,4.353000
60.830410,4.321246
89.650020,4.287842
122.281000,4.391000
191.638000,4.335378
192.763900,4.321932
245.465000,4.309000
247.143100,4.267076
266.573300,4.343786
279.429000,4.337000
309.316000,4.307000
75.050000,4.367000
80.208790,4.411194
100.762500,4.406628
112.041500,4.415646
136.935000,4.411000
143.525200,4.426497
177.709200,4.365561
182.115000,4.425000
233.526900,4.492260
285.382500,4.412858
291.143800,4.454321
306.979000,4.387170
7.962000,4.480000
9.330000,4.446000
13.285850,4.484684
22.726000,4.527000
45.677000,4.553000
49.785000,4.462000
63.410000,4.520000
73.826020,4.445288
120.796300,4.553170
124.690200,4.458260
127.507900,4.474045
168.550000,4.493000
172.004000,4.539267
210.286000,4.520000
225.144700,4.500223
228.242200,4.520885
241.164000,4.520000
253.371000,4.480000
254.646000,4.493000
271.126200,4.495568
294.744000,4.512000
297.905900,4.543453
23.913180,4.547086
30.569210,4.499403
39.695240,4.566880
126.021000,4.593000
130.186800,4.560094
149.063800,4.537655
158.839900,4.586383
178.804100,4.602119
189.864600,4.532661
239.812000,4.582000
265.175700,4.598396
275.354000,4.606000
282.876000,4.543000
14.615000,4.658000
26.345910,4.680334
44.287000,4.695000
57.088190,4.722536
72.727360,4.663114
82.624000,4.664000
84.003360,4.642066
88.597980,4.672158
90.847000,4.665000
104.043000,4.668000
145.896200,4.692703
147.893000,4.648000
169.660600,4.692424
197.891100,4.659686
217.153900,4.666460
219.503000,4.687000
222.915600,4.622588
234.660700,4.663379
236.984700,4.659965
260.580300,4.683894
305.556400,4.658278
19.438420,4.718931
33.036000,4.746000
38.340270,4.689065
48.612000,4.694000
62.190000,4.715000
65.027000,4.748000
78.550630,4.762654
133.500100,4.702833
142.479000,4.825961
170.889600,4.633647
174.497400,4.754107
209.118200,4.676809
243.738000,4.753000
250.483700,4.757574
281.682800,4.738515
287.545000,4.767000
308.026000,4.784830
37.049420,4.780069
43.065000,4.788000
69.752000,4.800000
71.297000,4.787000
118.099200,4.821608
152.994900,4.842292
160.721500,4.853895
183.949000,4.796000
204.419800,4.837587
207.915100,4.869907
227.141000,4.787000
255.812000,4.840000
284.190000,4.800000
292.510900,4.826367
304.445000,4.797462
18.057290,4.882440
24.979820,4.888914
34.574000,4.867000
86.160140,4.831414
92.477330,4.915897
99.010000,4.904000
102.138000,4.920000
105.787000,4.938000
106.971000,4.840000
108.207000,4.937000
154.118100,4.893122
181.064000,4.902000
199.752600,4.879100
221.823700,4.872375
231.543000,4.860000
235.883400,4.862938
251.713000,4.869000
261.684100,4.873858
263.002600,4.849255
267.813500,4.879786
274.163900,4.867379
276.571000,4.888000
299.081000,4.856000
31.875000,5.022000
35.740000,4.989000
77.396310,4.956814
81.184210,4.961806
110.779900,4.915784
112.990000,5.011454
137.998000,4.947000
144.606300,5.001338
161.831400,5.002065
164.497000,4.966000
185.238000,4.978000
195.715100,4.886913
200.866300,4.997301
215.077400,4.986413
249.232800,5.066841
264.116700,4.962348
269.579000,4.973000
278.186800,4.930431
280.587300,4.971851
295.870300,4.908849
313.619000,4.990144
20.887970,5.079954
50.840000,5.029000
52.813320,5.040002
55.256020,5.023855
66.113000,5.080000
109.514000,5.058000
139.142600,5.089887
150.051800,5.066120
151.601100,5.080217
162.991000,5.036000
176.332800,5.059702
211.359700,5.028737
230.263000,5.024644
246.400900,5.105924
300.311000,5.020000
12.369150,5.128316
53.928960,5.139985
68.499940,5.102477
96.503010,5.142909
135.941500,5.082860
190.817400,5.188619
205.823000,5.120000
257.181000,5.120000
310.161100,5.115747
1.793686,5.198651
4.895000,5.221000
10.704000,5.248000
67.383460,5.190890
85.046000,5.191000
93.743000,5.277000
97.752000,5.232000
114.400000,5.176000
132.504900,5.216743
155.209000,5.227180
156.756500,5.133784
166.166800,5.209195
167.515000,5.262000
187.856000,5.240000
193.294800,5.308290
194.628500,5.183548
212.525900,5.219432
238.810300,5.202878
258.469300,5.175522
301.884000,5.258000
131.276000,5.310000
140.862000,5.326000
173.212100,5.334921
189.064400,5.316339
220.550000,5.298000
244.843800,5.256950
247.973900,5.260502
286.454000,5.263000
303.314000,5.280000
47.407000,5.373000
100.265500,5.410372
117.176800,5.457457
119.407300,5.342724
146.897100,5.288120
159.683200,5.323190
179.678100,5.357431
186.336500,5.361346
196.991100,5.324392
201.995200,5.326016
225.981000,5.360000
232.830700,5.369244
22.019000,5.480000
29.429000,5.458000
41.960000,5.495000
60.055000,5.453000
75.849000,5.408000
79.467000,5.440000
95.423420,5.441486
123.294000,5.431000
127.007100,5.475955
128.846600,5.401979
158.024100,5.457705
203.281000,5.471000
206.987800,5.496480
213.922000,5.429000
218.395700,5.438226
224.307000,5.434000
237.729300,5.494179
242.243000,5.464000
272.059000,5.427000
293.845000,5.423000
306.477000,5.462000
309.008900,5.428377
312.582900,5.415289
7.081403,5.533787
16.114000,5.520000
23.275880,5.512393
28.288130,5.501421
30.886240,5.573350
58.504880,5.516946
61.257000,5.520000
87.278000,5.552000
89.826000,5.514000
115.522000,5.507000
124.566500,5.571513
134.857000,5.520000
170.343300,5.610507
191.941000,5.507000
198.782500,5.482555
229.198000,5.507000
288.477800,5.484841
289.773000,5.531000
0.740314,5.579349
3.542000,5.607000
5.967597,5.652213
8.498000,5.622000
13.720000,5.579000
40.686080,5.599994
72.131620,5.611598
103.179000,5.609000
111.867700,5.593719
121.846000,5.591000
136.927200,5.614163
143.470800,5.576068
183.127000,5.634000
215.997700,5.624063
234.081300,5.621891
252.669800,5.649910
254.902600,5.599264
259.691000,5.643000
270.781000,5.648000
273.175000,5.600000
285.183000,5.647000
291.293000,5.613000
296.738700,5.616151
311.191800,5.553529
18.844090,5.728519
19.963520,5.711596
27.179870,5.663579
33.730000,5.741000
38.455570,5.803216
39.568840,5.679844
44.837350,5.702974
56.126980,5.728145
64.016000,5.707000
70.493000,5.667000
73.388000,5.667000
74.573550,5.660713
120.669000,5.693000
175.405200,5.686108
177.430000,5.658000
209.398800,5.761190
253.788000,5.704990
260.985000,5.754012
268.583500,5.693214
274.759300,5.815417
298.038000,5.720000
14.895000,5.760000
25.784200,5.775232
36.554580,5.784931
46.189000,5.745000
101.447000,5.806000
208.236400,5.939246
210.563300,5.816263
228.043200,5.733681
277.314000,5.742000
278.898200,5.795568
17.271410,5.776597
51.908000,5.850000
57.368090,5.837304
62.705000,5.840000
69.285590,5.900633
82.156000,5.858000
91.140000,5.863000
125.672300,5.749696
130.057000,5.810000
147.980000,5.895000
149.268600,5.866146
169.125800,5.813587
171.682400,5.794439
174.299900,5.855954
217.164000,5.851000
219.430300,5.867534
235.215000,5.807154
236.533000,5.867000
241.103000,5.814000
265.890000,5.846000
275.878400,5.855865
283.010000,5.816000
304.286600,5.906260
9.620000,5.924000
24.304120,5.956606
32.611890,5.940280
35.041000,5.927000
76.882690,5.952186
83.721370,5.863724
118.249900,5.931144
133.638000,5.920000
156.031000,5.987285
163.733000,5.920000
178.531000,5.907000
181.867000,5.900000
221.949100,5.984612
223.064600,5.896535
239.885000,5.967000
250.341000,5.909000
256.246000,5.933000
267.314000,5.920000
292.553100,5.945633
295.145000,5.907000
299.542000,5.926000
307.826000,5.907000
43.356000,6.000000
48.796950,6.013102
49.915620,5.969293
78.231000,6.023000
86.191090,5.949723
88.465440,5.960391
110.838400,6.035497
139.834100,5.970408
150.819000,5.976000
165.240000,6.013000
195.522900,5.990370
199.846000,6.046000
201.166800,6.079984
243.344400,5.980441
245.749000,6.050000
251.567300,6.036377
280.171400,6.014810
281.291400,6.008823
301.009000,6.025000
11.657000,6.089000
65.219000,6.080000
80.565610,6.049803
112.859500,6.123929
138.269000,6.067000
142.210000,6.080000
153.393200,6.045247
154.510300,6.097432
162.476000,6.080000
180.497900,6.120569
184.876000,6.080000
204.821000,6.083000
211.880200,6.134008
262.224100,6.044563
263.446400,6.055974
284.114000,6.080000
53.007710,6.149013
54.419000,6.178000
66.874260,6.209781
92.800000,6.127000
96.764950,6.231892
104.473000,6.210000
107.124000,6.160000
108.457000,6.160000
109.678000,6.192000
128.029400,6.168020
135.924400,6.215195
146.182300,6.149895
161.363700,6.228395
194.186100,6.211371
227.007800,6.160127
244.419800,6.293609
247.397600,6.220230
248.762000,6.160000
264.636700,6.123524
68.038000,6.240000
94.362000,6.240000
105.905000,6.240000
113.972000,6.253972
152.293500,6.252862
160.245500,6.291622
176.410600,6.178005
192.859800,6.340501
214.711300,6.231708
231.351000,6.272000
258.685700,6.274478
116.431600,6.348761
119.593000,6.446448
158.977600,6.342449
166.892500,6.316189
172.673100,6.317108
188.457000,6.320000
189.706800,6.261094
191.083500,6.276517
198.107600,6.376445
213.239000,6.331957
230.209700,6.314141
238.648800,6.337735
257.486000,6.344000
269.829000,6.344000
286.248000,6.368000
287.619000,6.280000
302.529600,6.358824
310.227000,6.309000
99.407440,6.331120
132.505000,6.428000
186.021100,6.435342
187.328900,6.375160
196.688700,6.401119
206.036000,6.387000
220.916400,6.415272
225.111600,6.330645
305.380000,6.423000
312.770100,6.519571
18.066590,6.565403
30.314550,6.536247
131.314000,6.466000
157.594900,6.492295
202.712200,6.487305
288.847300,6.542159
308.999000,6.547691
12.792000,6.568000
22.625000,6.486071
58.186990,6.601024
75.462200,6.570376
84.843000,6.600000
115.087000,6.592000
137.234600,6.690952
141.187000,6.567000
143.377700,6.692029
145.164000,6.615459
223.964800,6.562071
233.123300,6.558478
293.466900,6.607936
311.561100,6.610724
313.942000,6.590000
4.858000,6.625000
10.667000,6.640000
29.064000,6.666000
31.729120,6.629720
45.438650,6.648026
50.895000,6.701000
71.541000,6.705000
79.505000,6.640000
82.992630,6.714276
98.138630,6.617142
123.410000,6.650000
168.328500,6.598833
169.904700,6.640719
171.056600,6.723453
207.221000,6.627000
218.324000,6.600000
237.577100,6.662605
271.560000,6.653000
278.127000,6.660000
1.350000,6.737000
21.486000,6.700000
25.226800,6.746768
26.576850,6.657120
27.771000,6.720000
35.870000,6.845000
37.416660,6.729362
41.964000,6.707000
47.944440,6.738605
59.305900,6.571043
60.540040,6.697371
61.812000,6.703000
72.894000,6.738000
74.358240,6.759911
95.759630,6.725713
100.448600,6.747820
122.105900,6.724880
126.989100,6.733470
134.935300,6.740830
183.945000,6.731000
234.231000,6.731874
254.066600,6.789835
273.981000,6.690000
296.004000,6.778000
6.139000,6.870000
16.520000,6.854000
39.178000,6.823000
117.441400,6.833240
125.757100,6.866532
129.069700,6.828231
173.789300,6.851299
182.744000,6.832000
216.191100,6.785058
229.012000,6.813000
252.692700,6.804222
259.792000,6.845000
272.686000,6.800000
290.057000,6.800000
303.555400,6.808422
3.737591,6.927275
7.414000,6.960000
13.944710,6.886281
20.380000,6.888000
46.788000,6.848000
56.655000,6.946000
70.002000,6.893000
81.300390,6.895197
87.450000,6.867000
90.473990,6.845049
91.827380,6.778408
111.695000,6.889000
124.591000,6.866301
130.182300,6.956769
148.830500,6.896021
177.405700,6.927503
208.677400,6.966872
211.078000,6.915150
235.513000,6.886846
249.563000,6.943000
255.335000,6.869000
263.987900,7.036502
276.403000,6.937000
282.327000,6.885000
291.429000,6.951000
297.465000,6.893000
300.268000,6.887000
306.708300,6.930000
63.369490,6.918032
64.484500,7.024968
86.233760,7.067863
88.808560,7.026609
102.987000,6.984000
140.113300,7.054706
164.420100,7.090542
165.848000,6.985000
195.651600,7.103060
209.867000,6.984000
219.641500,6.967483
240.705000,7.000000
242.324000,6.960000
246.555900,6.958505
256.580000,7.052000
284.886200,7.045431
294.743000,6.960000
298.612000,6.949000
15.049180,7.072396
33.067000,7.040000
34.207540,7.088543
40.327680,7.006770
44.232560,7.030233
55.335000,7.126000
66.017790,7.056501
68.841000,7.080000
76.648000,7.067000
78.188000,7.162000
151.429000,7.016000
155.571400,7.038783
163.300900,7.047458
175.192500,7.047895
181.204900,7.036355
217.284900,7.025211
226.300000,7.027434
227.878800,7.021111
251.278700,7.118623
261.195000,7.048000
262.624900,7.090437
301.696000,7.106754
308.064100,7.162131
2.804409,7.546725
9.034000,7.122000
138.844000,7.192000
147.721300,7.037141
150.134800,7.080192
152.967700,7.163588
156.682600,7.179217
190.404200,7.166966
200.657500,7.109362
201.777200,7.103229
203.869000,7.151000
212.377900,7.137410
214.032500,7.122439
222.743000,7.144000
239.467000,7.120000
243.467000,7.137000
248.076000,7.111260
267.773000,7.152000
275.086000,7.120000
283.776800,7.199569
53.802300,7.202292
67.396770,7.200317
101.772000,7.185000
133.907000,7.216000
146.613100,7.183053
154.331300,7.200644
159.559900,7.298256
167.449200,7.291391
176.286200,7.290929
189.163300,7.240397
191.910100,7.169635
199.295000,7.192000
232.135000,7.213000
266.341000,7.189000
268.933000,7.205000
279.586000,7.279000
280.731000,7.260000
23.426970,7.265278
93.531010,7.229629
110.552000,7.280000
112.845000,7.309000
136.302000,7.330000
142.302000,7.285000
144.295400,7.333903
161.795900,7.303488
180.036000,7.251000
187.848800,7.367301
205.179000,7.254000
245.200000,7.468000
258.122000,7.345000
270.617200,7.266561
99.264980,7.442060
118.666000,7.500000
160.677600,7.337807
172.289000,7.421000
178.811500,7.340195
185.261300,7.351537
186.579200,7.405102
194.357600,7.316356
215.145000,7.373000
265.181000,7.336000
12.145000,7.519000
52.726700,7.514708
104.065000,7.569000
105.616000,8.539000
108.070000,7.463000
109.316000,7.453000
127.868900,7.426530
158.437300,7.424903
196.847100,7.508804
225.259500,7.440168
230.265300,7.432859
43.203000,7.524000
48.802570,7.540044
49.922430,7.518956
84.208000,7.608000
96.768580,7.558207
114.074000,7.507000
206.349000,7.542000
236.868100,7.529660
286.886000,7.671000
292.831100,7.530064
26.448260,7.769517
38.049340,7.653637
94.688000,7.631000
97.878790,7.706651
106.840000,7.599000
168.952000,7.600000
296.611700,7.760903
309.013000,7.917000
312.209000,7.622550
29.831320,7.808612
30.944680,7.686388
71.319000,7.913000
80.355330,7.698284
121.389900,7.791467
122.683900,7.682606
132.839000,7.751000
233.258700,7.670377
285.761000,7.818000
289.500000,7.938000
304.533000,7.680000
307.238700,7.917800
313.318100,7.778450
4.375000,7.924000
13.319110,7.815323
17.278620,7.774501
28.354000,7.838000
35.066460,7.807456
36.857000,7.934000
115.356000,7.811000
116.533000,7.760000
135.229000,7.843000
140.978000,7.849000
145.671200,7.786546
198.002000,7.747000
218.931500,7.833758
277.462900,7.648677
44.962970,7.879039
46.080470,7.806728
47.416000,7.862000
51.558000,7.885000
57.623970,7.836577
59.826650,7.559982
61.909000,7.960000
124.156000,7.898543
207.493000,7.817000
216.532300,7.880764
221.193000,7.869000
223.868000,7.851000
238.097000,7.846000
241.561900,7.880815
252.451800,7.898132
253.570500,7.954646
260.492000,7.926000
290.775000,7.905000
302.838100,7.797168
305.696600,8.029892
310.705000,7.840000
0.448452,7.849670
8.272050,7.998883
22.384470,7.958239
24.242290,8.029743
40.856320,7.994230
54.605000,8.144000
56.133000,8.063000
73.798000,8.521000
75.328610,8.019475
79.274670,7.992716
89.477560,7.946479
90.594400,7.958527
91.706160,7.891229
92.804730,8.080080
125.430900,8.108036
126.590000,7.920000
129.081500,7.965423
131.410000,7.915000
137.676000,7.920000
148.201800,8.048735
157.475600,7.999097
177.870700,7.945603
193.431500,7.944600
278.600200,7.829070
282.814700,8.079845
288.226900,7.979835
294.189000,7.978828
299.573500,7.984473
300.693500,7.976527
5.620000,8.035000
6.558000,8.737000
14.918000,8.678000
21.147760,8.021250
65.515210,8.057497
72.511620,7.945849
82.784000,8.019000
85.583000,8.011000
87.108630,8.053356
100.914200,8.056638
118.055500,8.593530
149.522200,8.017808
166.597000,8.040000
170.362000,8.040000
174.440500,7.978693
209.448000,8.091000
213.067000,8.024000
217.771500,8.033606
228.990000,8.000000
231.232400,8.032184
234.459900,8.002339
259.234800,8.050752
271.357500,8.106260
272.598000,7.997000
273.944000,8.032000
295.534900,8.070208
10.446330,8.103643
32.125000,8.104000
33.942000,8.239000
39.374000,8.137000
41.988190,8.076056
58.827690,8.097301
66.684650,8.064185
130.195500,8.082576
139.588000,8.149000
153.712400,8.132805
165.122000,8.102000
173.323000,8.054280
180.985100,8.134645
182.184500,8.084131
183.304500,8.080869
227.528200,8.084889
235.797200,8.108718
247.509600,8.077379
254.723500,8.224536
269.875300,8.248840
297.648300,8.185098
25.360100,8.028767
88.228350,8.082071
143.352000,8.120000
146.966600,8.251775
150.888000,8.186000
152.389000,8.232000
155.990200,8.188906
162.667000,8.173000
189.776900,8.177409
192.342300,8.202911
200.301100,8.171101
203.088000,8.160000
240.490300,8.206914
244.105000,8.243000
248.781000,8.143000
257.138500,8.073518
261.983500,8.109792
275.781100,8.125855
1.521403,8.170987
81.562560,8.281432
163.849000,8.243000
175.645100,8.299674
191.067000,8.258000
201.658000,8.225000
210.667000,8.240000
214.192200,8.230896
220.135000,8.248000
222.248000,8.280000
226.210000,8.248000
242.639000,8.232000
255.908000,8.752000
263.169200,8.183646
267.188400,8.256897
301.947400,8.474046
19.802160,8.161374
64.004700,8.280556
68.117110,8.318016
161.529300,8.404481
167.868000,8.367000
171.677000,8.361000
184.752700,8.349463
187.239700,8.308746
188.554000,8.307000
194.830400,8.330167
195.951800,8.357142
204.324000,8.375000
250.736900,8.329212
264.516100,8.327201
281.074200,8.774083
284.165900,8.704080
49.815000,8.863000
134.173800,8.468639
179.181000,8.418000
211.907000,8.383000
224.954200,8.516476
232.311000,8.333152
291.984000,8.767000
293.285000,8.640169
77.544430,8.342765
119.460000,8.793000
122.030400,8.985009
160.122600,8.459243
185.987100,8.519280
205.636400,8.441276
60.090580,8.644554
93.558010,8.905583
102.761000,8.675000
124.184100,9.040249
239.274000,8.632000
279.639000,8.616000
18.220640,8.378363
69.188300,8.732475
99.958850,8.641362
110.632000,8.725000
120.922900,8.827435
123.114900,8.714510
136.486900,8.663310
198.988500,8.653299
215.522000,8.629000
230.112000,8.627000
258.177000,8.685816
304.002900,8.967189
3.284000,8.980000
37.889000,8.982000
61.112140,9.092471
104.160000,9.004000
158.761500,8.672476
174.571600,9.091027
245.149000,8.912000
278.523000,8.948410
19.117430,9.047846
25.379520,9.148503
30.536280,8.868229
57.962040,8.904426
80.420990,8.877309
144.457000,8.806000
177.251600,8.876073
237.095000,8.783000
277.418700,8.766834
305.192400,9.030107
4.843000,9.032000
10.817670,9.160357
17.475500,9.214571
44.237000,8.870000
56.827000,8.987000
72.759380,9.038150
96.325090,9.005803
113.537000,9.058000
142.367700,8.849403
246.670000,8.894000
257.182300,9.200013
296.852100,9.109411
298.526000,9.064000
307.778000,9.003000
311.571100,8.881724
312.690400,8.905028
314.112000,8.937000
7.844369,9.034074
8.964581,9.069042
21.484510,9.089905
22.707530,9.030759
27.792000,9.012000
29.213000,9.028000
32.941000,9.019000
35.456000,9.018000
40.288000,8.983000
43.040000,9.065000
47.932000,8.988000
51.367000,9.039000
53.772000,9.055000
59.125610,9.208525
63.341700,9.182391
64.840000,9.059000
66.104320,9.021715
70.341090,9.108154
82.349430,9.078568
83.713000,9.042000
87.883630,9.147759
89.255000,9.070000
91.934000,9.030000
97.665000,9.036000
101.613000,8.982000
126.013100,9.064963
127.359000,9.000000
138.513000,9.044200
141.259300,9.010596
145.603800,9.006043
259.175000,9.192746
269.078700,9.036160
286.310900,9.102090
310.456400,8.980495
12.334000,9.063000
16.367280,9.052436
20.365100,9.129755
31.627720,9.119772
41.443810,9.054944
46.594000,9.042000
52.590000,9.021000
55.415000,9.080000
62.228020,9.090530
67.258230,9.073352
71.460910,9.082846
75.158390,9.126525
76.742710,9.125046
78.189860,9.258190
84.988000,9.067000
86.640390,9.070813
90.570740,9.078021
95.205910,9.050197
109.105000,9.263000
132.204700,9.026676
156.729300,9.029511
217.666000,9.148425
233.357000,9.062000
234.647100,9.106661
236.034800,9.203282
247.943000,9.110124
249.314000,9.140000
252.262900,9.047760
253.381100,9.112241
261.436500,9.087208
288.470000,9.072548
290.713000,9.119000
295.734600,9.172479
299.747000,9.101000
306.399000,9.111000
1.188130,9.240343
45.451000,9.130000
98.937000,9.134000
117.092500,9.165470
129.656000,9.135000
131.010000,9.096000
148.939000,9.146000
162.248000,9.263088
165.831000,9.120000
168.762000,9.120000
238.191000,9.166000
243.118000,9.296000
260.294300,9.217155
267.795600,9.198147
271.832300,9.120179
276.521500,9.433363
294.615400,9.181902
302.911100,9.216811
309.346100,9.123749
107.657000,9.180000
112.078000,9.253000
115.192000,9.340000
128.513000,9.179000
133.313400,9.185684
135.221000,9.215000
137.419100,9.283489
150.362000,9.218000
153.011000,9.261000
154.193000,9.257000
155.598000,9.271000
163.367800,9.266432
172.800000,9.211000
176.204400,9.269952
192.935000,9.218000
195.366000,9.313009
197.680000,9.210000
202.129000,9.258000
207.546800,9.185503
208.662200,9.287497
216.546200,9.176940
227.130000,9.281000
240.709800,9.305271
241.880000,9.179000
254.708500,9.344464
262.714800,9.207354
266.588000,9.211956
270.396000,9.302000
275.430300,9.189441
282.039900,9.339736
283.144300,9.161255
287.394900,9.379328
289.566300,9.293200
301.193500,9.300784
146.675000,9.333291
147.826000,9.293000
151.712000,9.293000
170.057000,9.280000
171.234000,9.432456
180.080000,9.269000
183.866000,9.335000
189.350000,9.293000
191.674000,9.291000
194.245000,9.298486
196.499400,9.340767
200.917500,9.264368
206.291600,9.349725
222.821000,9.262000
224.133000,9.320000
225.705700,9.346475
228.608000,9.351000
263.974900,9.307799
265.332000,9.273000
273.007000,9.267000
274.317300,9.305778
140.040000,9.393000
159.578900,9.434900
164.610000,9.400000
167.107000,9.420000
178.417000,9.413000
181.199000,9.351000
182.494000,9.422000
185.290900,9.396720
188.145000,9.408000
199.808000,9.416333
209.922000,9.373000
219.181000,9.384000
221.562000,9.360000
232.132600,9.434829
250.900100,9.434256
143.415000,9.432487
157.773500,9.432692
160.933000,9.422000
186.763000,9.432497
190.552000,9.432466
203.641000,9.432510
211.217000,9.427000
220.362000,9.432519
230.895000,9.432441
212.381000,9.432519
213.527000,9.432517
214.647000,9.432504
204.893000,9.432528
79.449010,9.432808
68.317350,9.433599
