4.974000,-9.857000
20.952000,-9.880000
26.933000,-9.940000
27.981000,-9.910000
44.649000,-9.861000
61.105000,-9.947000
275.048000,-9.880000
267.964000,-9.693000
20.414000,-9.720000
57.892000,-9.583000
77.313000,-9.669000
53.973000,-9.488000
73.661000,-9.455000
52.122000,-9.413000
67.691000,-9.384000
75.522000,-9.427000
105.625000,-9.387000
140.820000,-9.393000
144.614000,-9.400000
235.792000,-9.394000
10.535000,-9.315000
13.957000,-9.318000
35.612000,-9.340000
40.649000,-9.313000
48.942000,-9.331000
63.467000,-9.360000
66.169000,-9.311000
79.027000,-9.372000
95.665000,-9.328000
98.303000,-9.351000
108.174000,-9.347000
109.313000,-9.371000
119.257000,-9.342000
125.021000,-9.308000
126.495000,-9.314000
133.969000,-9.313000
135.316000,-9.288000
139.423000,-9.364000
149.410000,-9.306000
155.779000,-9.328000
164.927000,-9.302000
9.239000,-9.166000
11.830000,-9.233000
16.665000,-9.272000
33.007000,-9.220000
64.765000,-9.276000
68.955000,-9.274000
71.731000,-9.222000
86.513000,-9.223000
89.064000,-9.240000
94.493000,-9.293000
99.659000,-9.247000
102.706000,-9.240000
110.664000,-9.240000
112.383000,-9.286000
113.465000,-9.293000
115.467000,-9.256000
137.831000,-9.227000
141.867000,-9.300000
143.417000,-9.222000
146.933000,-9.227000
157.219000,-9.280000
158.451000,-9.222000
160.495000,-9.234000
200.291000,-9.266000
216.343000,-9.262000
282.514000,-9.254000
285.557000,-9.255000
303.732000,-9.209000
307.162000,-9.250000
311.522000,-9.240000
22.040000,-9.157000
30.744000,-9.152000
39.314000,-9.170000
50.936000,-9.195000
56.703000,-9.191000
87.818000,-9.174000
91.855000,-9.149000
97.187000,-9.127000
106.951000,-9.189000
116.862000,-9.182000
120.600000,-9.234000
123.051000,-9.162000
128.961000,-9.133000
148.076000,-9.173000
151.776000,-9.160000
161.792000,-9.206000
166.056000,-9.152000
167.312000,-9.167000
169.186000,-9.113000
171.629000,-9.160000
185.409000,-9.158000
187.724000,-9.160000
188.952000,-9.168000
191.088000,-9.146000
192.533000,-9.200000
205.640000,-9.195000
212.151000,-9.152000
213.386000,-9.135000
220.263000,-9.180000
230.684000,-9.189000
278.591000,-9.166000
286.785000,-9.140000
293.240000,-9.178000
310.074000,-9.189000
312.762000,-9.220000
1.029000,-9.080000
7.132000,-9.126000
34.461000,-9.075000
36.984000,-9.087000
45.165000,-9.059000
47.444000,-9.101000
82.707000,-9.130000
93.122000,-9.133000
101.444000,-9.090000
104.003000,-9.111000
118.057000,-9.120000
121.752000,-9.120000
127.920000,-9.067000
130.324000,-9.120000
131.640000,-9.074000
132.761000,-9.088000
136.436000,-9.131000
145.846000,-9.133000
150.773000,-9.080000
173.984000,-9.074000
179.489000,-9.102000
181.197000,-9.105000
193.808000,-9.065000
194.921000,-9.062000
196.341000,-9.087000
197.564000,-9.051000
201.547000,-9.095000
203.122000,-9.080000
204.364000,-9.098000
209.808000,-9.059000
214.612000,-9.107000
217.751000,-9.106000
219.124000,-9.102000
222.995000,-9.130000
228.119000,-9.107000
240.798000,-9.087000
256.806000,-9.120000
263.026000,-9.133000
269.181000,-9.080000
270.571000,-9.095000
271.774000,-9.087000
273.178000,-9.098000
283.768000,-9.096000
290.607000,-9.063000
291.849000,-9.048000
294.476000,-9.150000
299.807000,-9.094000
306.133000,-9.100000
308.703000,-9.131000
5.971000,-8.965000
29.582000,-9.036000
38.095000,-9.080000
80.198000,-9.025000
84.041000,-9.024000
153.360000,-9.025000
170.477000,-9.008000
172.931000,-9.035000
184.182000,-9.033000
198.779000,-9.046000
206.950000,-8.995000
208.379000,-9.007000
221.524000,-9.064000
226.318000,-9.022000
232.190000,-9.040000
236.989000,-8.992000
238.398000,-9.034000
243.411000,-8.988000
247.240000,-9.013000
250.587000,-8.930000
252.520000,-9.029000
253.905000,-9.068000
255.537000,-9.011000
258.453000,-9.050000
259.811000,-9.064000
261.488000,-9.006000
276.733000,-9.048000
281.070000,-9.029000
289.243000,-8.977000
296.305000,-9.054000
297.503000,-8.961000
304.933000,-9.023000
2.413000,-8.917000
61.564000,-8.986000
70.550000,-8.954000
85.462000,-8.902000
90.189000,-8.949000
154.646000,-8.971000
163.456000,-8.913000
178.303000,-8.973000
182.841000,-8.920000
211.008000,-8.992000
224.391000,-8.895000
229.289000,-8.971000
233.333000,-8.974000
234.494000,-8.949000
245.790000,-8.960000
248.317000,-8.936000
264.268000,-8.928000
265.564000,-8.952000
302.269000,-8.943000
313.892000,-8.918000
13.007000,-8.756000
15.196000,-8.870000
24.231000,-8.820000
28.471000,-8.782000
55.413000,-8.845000
175.262000,-8.852000
186.570000,-8.891000
275.485000,-8.801000
298.744000,-8.855000
19.346000,-8.754000
27.048000,-8.675000
42.508000,-8.800000
59.145000,-8.789000
239.655000,-8.791000
244.745000,-8.789000
3.543000,-8.720000
76.474000,-8.709000
279.848000,-8.704000
17.638000,-8.664000
176.856000,-8.680000
242.057000,-8.629000
288.000000,-8.640000
53.198000,-8.573000
114.400000,-8.560000
159.406000,-8.526000
268.144000,-8.455000
4.724000,-8.484000
25.645000,-8.462000
77.981000,-8.440000
249.467000,-8.470000
300.918000,-8.490000
8.401000,-8.425000
20.588000,-8.369000
60.650000,-8.426000
62.781000,-8.400000
73.122000,-8.389000
81.507000,-8.413000
152.802000,-8.301000
156.571000,-8.360000
266.895000,-8.388000
292.705000,-8.360000
41.200000,-8.300000
49.960000,-8.309000
88.229000,-8.320000
109.790000,-8.290000
111.352000,-8.320000
138.694000,-8.258000
140.097000,-8.271000
142.570000,-8.262000
307.861000,-8.298000
10.667000,-8.192000
23.398000,-8.196000
31.889000,-8.262000
39.945000,-8.245000
48.725000,-8.232000
91.255000,-8.251000
124.211000,-8.227000
125.867000,-8.208000
130.870000,-8.218000
136.000000,-8.168000
144.004000,-8.207000
149.676000,-8.200000
151.361000,-8.161000
155.276000,-8.231000
188.558000,-8.178000
199.718000,-8.216000
215.564000,-8.215000
284.664000,-8.217000
0.838000,-8.130000
11.754000,-8.149000
35.110000,-8.152000
57.769000,-8.147000
64.342000,-8.192000
65.693000,-8.115000
67.089000,-8.099000
74.753000,-8.136000
86.933000,-8.160000
94.801000,-8.064000
96.265000,-8.128000
99.029000,-8.165000
105.073000,-8.099000
107.030000,-8.138000
108.393000,-8.127000
120.069000,-8.088000
129.400000,-8.098000
134.895000,-8.160000
141.181000,-8.160000
146.497000,-8.173000
147.597000,-8.103000
148.634000,-8.098000
154.119000,-8.098000
157.850000,-8.173000
168.476000,-8.143000
173.448000,-8.160000
182.230000,-8.065000
185.037000,-8.120000
201.125000,-8.111000
205.026000,-8.154000
216.952000,-8.160000
225.333000,-8.136000
231.200000,-8.136000
235.238000,-8.120000
274.266000,-8.114000
281.927000,-8.166000
14.243000,-8.078000
16.684000,-8.047000
47.535000,-8.008000
51.903000,-8.093000
100.341000,-8.054000
113.008000,-8.016000
116.391000,-8.084000
119.086000,-8.120000
132.160000,-8.048000
133.638000,-8.080000
145.087000,-8.065000
180.305000,-8.104000
189.548000,-8.025000
192.054000,-8.054000
197.101000,-8.040000
206.857000,-8.080000
222.709000,-8.033000
227.352000,-8.080000
251.558000,-8.070000
256.267000,-8.040000
257.568000,-8.098000
260.706000,-8.098000
263.162000,-8.080000
295.064000,-8.097000
303.168000,-8.034000
309.087000,-8.058000
2.476000,-7.960000
33.429000,-7.996000
56.533000,-7.991000
89.448000,-8.000000
97.504000,-7.910000
102.454000,-7.973000
117.638000,-8.000000
121.484000,-7.960000
123.060000,-7.942000
128.251000,-7.929000
137.507000,-8.013000
164.648000,-8.000000
167.297000,-8.013000
174.802000,-8.011000
175.930000,-7.913000
193.383000,-7.978000
195.579000,-8.026000
236.307000,-7.938000
246.783000,-8.000000
264.520000,-7.946000
269.943000,-8.000000
277.557000,-8.000000
304.212000,-7.987000
306.743000,-7.991000
310.773000,-7.960000
311.998000,-8.006000
30.270000,-7.930000
44.954000,-7.884000
54.478000,-7.880000
68.495000,-7.872000
83.202000,-7.929000
92.990000,-7.902000
160.589000,-7.931000
163.193000,-7.887000
171.141000,-7.907000
172.343000,-7.920000
187.336000,-7.897000
190.589000,-7.849000
202.476000,-7.920000
203.726000,-7.863000
212.876000,-7.920000
214.324000,-7.920000
218.337000,-7.874000
219.665000,-7.898000
228.610000,-7.896000
238.699000,-7.924000
253.277000,-7.922000
254.664000,-7.920000
273.181000,-7.920000
283.102000,-7.895000
285.621000,-7.907000
286.836000,-7.865000
290.408000,-7.894000
293.998000,-7.909000
305.579000,-7.909000
6.933000,-7.824000
22.049000,-7.800000
37.744000,-7.800000
69.848000,-7.857000
71.221000,-7.862000
77.015000,-7.778000
79.255000,-7.853000
177.865000,-7.792000
179.086000,-7.840000
183.716000,-7.829000
185.905000,-7.840000
194.421000,-7.853000
211.810000,-7.840000
220.874000,-7.866000
224.055000,-7.851000
232.703000,-7.853000
243.962000,-7.840000
245.469000,-7.827000
259.464000,-7.826000
278.666000,-7.806000
288.984000,-7.767000
298.494000,-7.819000
5.794000,-7.697000
9.545000,-7.749000
18.420000,-7.739000
36.493000,-7.766000
43.668000,-7.726000
80.474000,-7.773000
101.429000,-7.767000
103.844000,-7.784000
161.963000,-7.769000
165.981000,-7.800000
169.943000,-7.760000
198.384000,-7.696000
209.050000,-7.773000
210.242000,-7.778000
229.848000,-7.735000
233.867000,-7.784000
271.884000,-7.788000
297.453000,-7.734000
84.419000,-7.680000
240.990000,-7.705000
248.109000,-7.662000
280.762000,-7.620000
296.152000,-7.680000
300.006000,-7.658000
301.894000,-7.653000
15.338000,-7.564000
38.933000,-7.593000
42.318000,-7.600000
53.056000,-7.575000
59.688000,-7.560000
73.824000,-7.560000
106.019000,-7.600000
207.963000,-7.632000
226.327000,-7.554000
242.805000,-7.608000
265.943000,-7.600000
276.433000,-7.540000
291.650000,-7.528000
313.632000,-7.600000
3.471000,-7.445000
19.695000,-7.544000
29.012000,-7.462000
75.714000,-7.503000
82.132000,-7.500000
85.841000,-7.480000
205.957000,-7.473000
237.410000,-7.550000
250.362000,-7.488000
261.718000,-7.529000
275.238000,-7.520000
13.046000,-7.462000
27.695000,-7.416000
46.459000,-7.431000
62.086000,-7.395000
72.267000,-7.416000
115.293000,-7.453000
126.835000,-7.423000
268.783000,-7.427000
8.717000,-7.279000
24.648000,-7.333000
50.840000,-7.349000
63.428000,-7.338000
94.222000,-7.302000
114.020000,-7.326000
156.056000,-7.369000
252.273000,-7.320000
270.648000,-7.279000
287.941000,-7.347000
4.741000,-7.267000
25.890000,-7.264000
31.273000,-7.252000
91.410000,-7.228000
110.684000,-7.262000
123.983000,-7.269000
142.154000,-7.265000
147.864000,-7.263000
150.590000,-7.280000
152.076000,-7.240000
181.105000,-7.286000
239.865000,-7.289000
284.250000,-7.267000
55.709000,-7.138000
58.620000,-7.153000
66.514000,-7.200000
88.494000,-7.168000
112.059000,-7.213000
130.113000,-7.189000
135.511000,-7.132000
136.648000,-7.136000
139.313000,-7.183000
146.413000,-7.142000
157.012000,-7.213000
158.375000,-7.142000
159.512000,-7.192000
225.067000,-7.209000
257.123000,-7.118000
267.357000,-7.183000
294.590000,-7.160000
309.867000,-7.160000
2.438000,-7.160000
32.630000,-7.109000
49.579000,-7.109000
65.164000,-7.107000
78.135000,-7.088000
120.288000,-7.062000
125.553000,-7.062000
132.961000,-7.062000
140.668000,-7.131000
149.165000,-7.097000
153.371000,-7.120000
168.322000,-7.107000
176.800000,-7.120000
184.500000,-7.075000
217.586000,-7.058000
221.808000,-7.068000
235.124000,-7.120000
258.632000,-7.085000
312.722000,-7.152000
1.493000,-7.027000
10.497000,-7.027000
21.070000,-7.022000
109.257000,-7.040000
118.743000,-7.057000
129.007000,-7.027000
131.360000,-7.008000
163.810000,-7.040000
167.086000,-7.010000
169.236000,-7.027000
179.981000,-7.058000
182.878000,-7.051000
211.088000,-7.000000
244.399000,-6.944000
263.723000,-7.048000
293.277000,-6.993000
308.507000,-6.977000
34.020000,-6.888000
40.246000,-6.938000
48.189000,-6.949000
57.256000,-6.887000
60.838000,-6.960000
67.714000,-6.942000
87.388000,-6.986000
90.154000,-6.949000
96.740000,-6.978000
97.944000,-6.992000
99.449000,-6.935000
102.939000,-6.886000
134.174000,-6.993000
145.067000,-6.990000
154.916000,-6.971000
186.895000,-6.960000
193.545000,-6.971000
199.424000,-6.936000
204.780000,-6.906000
213.631000,-6.875000
216.056000,-6.945000
227.793000,-6.947000
231.674000,-6.971000
255.865000,-6.938000
272.784000,-6.934000
277.976000,-6.914000
279.665000,-6.979000
306.248000,-7.000000
14.286000,-6.904000
16.455000,-6.865000
35.259000,-6.867000
52.094000,-6.869000
79.724000,-6.781000
107.943000,-6.897000
116.278000,-6.771000
117.606000,-6.833000
121.615000,-6.858000
170.865000,-6.872000
171.793000,-6.867000
188.305000,-6.880000
190.057000,-6.920000
192.440000,-6.892000
195.903000,-6.867000
200.607000,-6.913000
223.030000,-6.856000
229.466000,-6.798000
249.069000,-6.906000
260.118000,-6.876000
283.238000,-6.856000
304.897000,-6.893000
311.446000,-6.869000
11.752000,-6.817000
70.516000,-6.768000
95.581000,-6.800000
137.949000,-6.767000
143.606000,-6.796000
162.673000,-6.786000
172.989000,-6.768000
174.210000,-6.800000
197.010000,-6.775000
214.885000,-6.782000
265.030000,-6.782000
274.019000,-6.790000
285.257000,-6.780000
303.429000,-6.800000
7.476000,-6.691000
17.638000,-6.720000
23.536000,-6.724000
29.926000,-6.733000
83.717000,-6.741000
92.952000,-6.720000
100.726000,-6.714000
106.836000,-6.733000
123.065000,-6.729000
161.429000,-6.659000
175.525000,-6.742000
191.221000,-6.742000
202.745000,-6.639000
209.517000,-6.680000
219.752000,-6.703000
232.968000,-6.701000
238.790000,-6.657000
253.469000,-6.707000
269.486000,-6.720000
281.871000,-6.698000
289.846000,-6.733000
299.293000,-6.741000
300.931000,-6.703000
307.239000,-6.688000
22.240000,-6.632000
27.038000,-6.623000
37.212000,-6.600000
38.303000,-6.629000
41.602000,-6.634000
54.459000,-6.627000
74.554000,-6.672000
105.550000,-6.659000
164.745000,-6.635000
194.874000,-6.600000
207.390000,-6.640000
212.457000,-6.616000
236.190000,-6.600000
241.851000,-6.627000
247.754000,-6.653000
254.721000,-6.655000
262.552000,-6.593000
286.513000,-6.583000
2.514000,-6.560000
9.561000,-6.528000
42.935000,-6.536000
47.010000,-6.560000
59.574000,-6.499000
68.969000,-6.573000
77.316000,-6.573000
80.857000,-6.543000
84.936000,-6.583000
177.752000,-6.560000
185.617000,-6.573000
246.438000,-6.570000
266.341000,-6.571000
296.800000,-6.560000
298.281000,-6.520000
44.247000,-6.486000
45.583000,-6.424000
127.602000,-6.467000
165.981000,-6.480000
178.688000,-6.497000
182.040000,-6.469000
218.565000,-6.458000
226.916000,-6.455000
230.743000,-6.456000
237.354000,-6.491000
251.276000,-6.480000
302.268000,-6.491000
6.193000,-6.349000
64.213000,-6.378000
73.164000,-6.389000
75.941000,-6.345000
112.816000,-6.417000
206.344000,-6.415000
220.933000,-6.318000
234.258000,-6.367000
240.555000,-6.370000
250.120000,-6.346000
261.241000,-6.360000
275.373000,-6.339000
276.914000,-6.400000
295.512000,-6.352000
12.838000,-6.360000
28.403000,-6.263000
53.080000,-6.280000
132.343000,-6.280000
147.105000,-6.316000
148.576000,-6.280000
149.867000,-6.280000
152.693000,-6.312000
189.248000,-6.280000
198.123000,-6.287000
203.848000,-6.360000
224.596000,-6.302000
243.406000,-6.310000
245.350000,-6.297000
292.287000,-6.301000
15.388000,-6.234000
18.873000,-6.204000
20.267000,-6.220000
24.766000,-6.207000
65.871000,-6.194000
94.256000,-6.192000
102.050000,-6.235000
104.115000,-6.274000
140.122000,-6.175000
151.306000,-6.182000
169.884000,-6.185000
176.467000,-6.200000
183.734000,-6.234000
225.885000,-6.192000
288.610000,-6.280000
8.419000,-6.184000
36.136000,-6.118000
39.450000,-6.173000
50.478000,-6.192000
56.550000,-6.147000
61.600000,-6.160000
62.815000,-6.188000
72.059000,-6.147000
78.819000,-6.160000
86.194000,-6.150000
115.352000,-6.160000
124.705000,-6.105000
126.341000,-6.173000
135.003000,-6.107000
145.773000,-6.105000
201.666000,-6.126000
208.343000,-6.184000
222.135000,-6.128000
228.592000,-6.135000
256.636000,-6.179000
257.676000,-6.160000
270.819000,-6.120000
290.991000,-6.156000
25.887000,-6.089000
49.257000,-6.080000
58.294000,-6.048000
111.411000,-6.040000
138.969000,-5.975000
141.600000,-6.080000
155.317000,-6.019000
157.807000,-6.067000
158.933000,-6.071000
160.303000,-6.071000
187.412000,-6.067000
210.531000,-6.093000
213.980000,-6.046000
267.321000,-6.038000
280.631000,-6.088000
300.078000,-6.040000
312.756000,-6.053000
2.417000,-5.504000
3.847000,-6.022000
31.962000,-5.976000
33.342000,-5.953000
91.924000,-6.000000
98.762000,-6.018000
109.905000,-6.000000
114.189000,-5.989000
117.142000,-5.952000
119.522000,-5.989000
136.114000,-6.000000
144.446000,-5.960000
167.726000,-5.992000
174.743000,-6.024000
180.721000,-5.984000
190.362000,-6.000000
310.248000,-6.000000
1.241000,-5.937000
82.057000,-5.900000
87.926000,-5.848000
121.158000,-5.866000
137.194000,-5.946000
142.743000,-5.920000
153.943000,-5.944000
163.027000,-5.931000
216.253000,-5.897000
229.811000,-5.859000
235.449000,-5.909000
252.707000,-5.933000
258.804000,-5.907000
268.655000,-5.880000
287.487000,-5.931000
293.943000,-5.920000
5.006000,-5.862000
30.688000,-5.853000
34.625000,-5.779000
51.544000,-5.872000
55.321000,-5.813000
96.928000,-5.822000
108.707000,-5.853000
129.806000,-5.830000
133.426000,-5.853000
156.550000,-5.857000
172.333000,-5.806000
215.179000,-5.827000
232.018000,-5.781000
264.248000,-5.822000
271.979000,-5.857000
284.495000,-5.840000
304.121000,-5.800000
305.619000,-5.857000
10.555000,-5.765000
13.941000,-5.754000
67.107000,-5.747000
80.007000,-5.742000
89.503000,-5.749000
122.303000,-5.738000
123.507000,-5.713000
131.086000,-5.800000
179.655000,-5.733000
184.830000,-5.688000
211.637000,-5.741000
217.716000,-5.728000
244.419000,-5.760000
248.876000,-5.760000
265.380000,-5.715000
308.838000,-5.784000
29.371000,-5.640000
47.978000,-5.661000
83.232000,-5.612000
99.956000,-5.627000
128.610000,-5.680000
171.162000,-5.680000
199.370000,-5.701000
200.495000,-5.680000
204.764000,-5.616000
242.234000,-5.660000
253.965000,-5.610000
255.486000,-5.697000
269.920000,-5.619000
311.314000,-5.687000
16.267000,-5.624000
40.778000,-5.560000
43.498000,-5.596000
60.436000,-5.587000
68.360000,-5.578000
69.712000,-5.606000
90.629000,-5.624000
178.583000,-5.560000
191.709000,-5.582000
193.274000,-5.589000
195.442000,-5.546000
196.610000,-5.600000
278.779000,-5.578000
282.001000,-5.615000
283.352000,-5.600000
301.544000,-5.560000
11.640000,-5.471000
17.201000,-5.542000
46.278000,-5.505000
73.926000,-5.503000
107.499000,-5.480000
168.931000,-5.507000
182.801000,-5.505000
186.381000,-5.480000
188.343000,-5.449000
209.399000,-5.487000
220.176000,-5.512000
223.636000,-5.507000
237.969000,-5.487000
259.983000,-5.533000
273.257000,-5.520000
276.269000,-5.486000
285.998000,-5.509000
289.492000,-5.501000
296.322000,-5.532000
297.486000,-5.520000
302.966000,-5.432000
7.221000,-5.452000
21.505000,-5.458000
37.943000,-5.400000
59.335000,-5.453000
75.141000,-5.427000
104.862000,-5.379000
118.210000,-5.416000
127.200000,-5.440000
162.020000,-5.394000
164.193000,-5.455000
207.232000,-5.366000
212.914000,-5.480000
218.916000,-5.429000
227.543000,-5.440000
233.181000,-5.440000
246.667000,-5.450000
247.924000,-5.360000
262.819000,-5.416000
313.593000,-5.389000
27.136000,-5.298000
42.258000,-5.379000
44.861000,-5.315000
53.982000,-5.392000
71.053000,-5.384000
84.435000,-5.356000
95.619000,-5.360000
140.663000,-5.304000
150.561000,-5.294000
173.812000,-5.312000
175.619000,-5.360000
177.354000,-5.373000
194.286000,-5.390000
298.741000,-5.348000
306.895000,-5.360000
23.966000,-5.308000
65.030000,-5.275000
76.457000,-5.304000
77.714000,-5.280000
93.347000,-5.252000
112.762000,-5.280000
181.583000,-5.291000
197.926000,-5.293000
236.665000,-5.293000
239.771000,-5.261000
274.933000,-5.304000
294.973000,-5.312000
22.636000,-5.166000
57.579000,-5.189000
81.153000,-5.154000
98.003000,-5.139000
105.960000,-5.160000
125.350000,-5.213000
139.412000,-5.213000
143.543000,-5.194000
146.400000,-5.200000
147.789000,-5.211000
153.202000,-5.151000
166.799000,-5.196000
225.257000,-5.200000
230.927000,-5.193000
234.362000,-5.191000
277.545000,-5.187000
307.886000,-5.230000
9.293000,-5.105000
14.973000,-5.088000
63.767000,-5.073000
103.421000,-5.094000
114.839000,-5.101000
116.097000,-5.107000
134.210000,-5.067000
142.093000,-5.074000
149.088000,-5.107000
154.707000,-5.059000
159.578000,-5.109000
165.352000,-5.103000
203.567000,-5.130000
221.410000,-5.140000
226.343000,-5.103000
241.055000,-5.092000
250.010000,-5.080000
251.886000,-5.120000
280.028000,-5.048000
290.684000,-5.133000
291.830000,-5.131000
293.181000,-5.160000
18.210000,-5.040000
52.668000,-5.051000
85.752000,-5.057000
135.537000,-5.006000
136.671000,-5.015000
138.057000,-5.040000
152.017000,-5.053000
183.865000,-5.028000
205.867000,-5.040000
243.408000,-5.029000
245.597000,-5.053000
266.571000,-5.044000
6.134000,-4.966000
24.976000,-4.907000
33.808000,-4.949000
36.933000,-4.942000
39.543000,-4.960000
49.404000,-4.960000
50.455000,-4.947000
72.686000,-4.948000
79.145000,-4.973000
101.673000,-4.965000
109.220000,-4.928000
110.459000,-4.947000
111.602000,-4.973000
120.190000,-4.960000
145.278000,-4.973000
157.122000,-4.947000
169.888000,-4.973000
214.189000,-4.982000
261.450000,-4.960000
271.117000,-4.947000
287.026000,-4.947000
288.343000,-4.960000
305.078000,-4.926000
12.935000,-4.893000
20.457000,-4.904000
30.154000,-4.893000
56.381000,-4.848000
62.667000,-4.880000
86.950000,-4.893000
124.150000,-4.860000
155.916000,-4.826000
201.499000,-4.859000
216.665000,-4.891000
222.498000,-4.875000
256.440000,-4.868000
267.812000,-4.895000
272.342000,-4.808000
0.588000,-4.817000
61.274000,-4.813000
88.667000,-4.762000
131.793000,-4.787000
133.036000,-4.721000
158.268000,-4.789000
168.096000,-4.781000
185.279000,-4.777000
189.630000,-4.752000
190.933000,-4.760000
208.210000,-4.817000
210.747000,-4.779000
228.762000,-4.800000
257.861000,-4.818000
35.731000,-4.705000
47.374000,-4.733000
82.475000,-4.742000
91.789000,-4.731000
113.799000,-4.641000
119.208000,-4.688000
121.656000,-4.697000
129.410000,-4.720000
171.610000,-4.680000
192.291000,-4.702000
196.876000,-4.720000
215.314000,-4.663000
218.057000,-4.690000
232.381000,-4.680000
248.838000,-4.720000
253.049000,-4.665000
269.086000,-4.737000
285.410000,-4.680000
310.476000,-4.690000
312.379000,-4.673000
3.716000,-4.627000
8.173000,-4.629000
90.029000,-4.644000
99.162000,-4.640000
123.010000,-4.640000
163.124000,-4.646000
187.352000,-4.640000
200.037000,-4.632000
230.036000,-4.627000
254.817000,-4.610000
263.845000,-4.634000
300.366000,-4.630000
303.943000,-4.657000
28.610000,-4.560000
66.330000,-4.542000
96.990000,-4.489000
100.402000,-4.573000
179.284000,-4.520000
198.840000,-4.573000
212.281000,-4.498000
281.485000,-4.594000
4.861000,-4.445000
16.021000,-4.491000
17.104000,-4.409000
31.562000,-4.498000
32.705000,-4.505000
54.877000,-4.484000
67.636000,-4.469000
68.970000,-4.453000
94.874000,-4.493000
102.722000,-4.468000
106.912000,-4.467000
160.970000,-4.472000
172.908000,-4.473000
174.573000,-4.425000
176.667000,-4.425000
219.426000,-4.474000
227.079000,-4.440000
233.316000,-4.455000
238.799000,-4.471000
242.345000,-4.440000
259.085000,-4.454000
278.744000,-4.475000
284.097000,-4.493000
38.629000,-4.400000
41.087000,-4.360000
51.352000,-4.430000
60.091000,-4.364000
80.192000,-4.391000
83.562000,-4.413000
117.314000,-4.425000
126.819000,-4.400000
128.000000,-4.430000
130.514000,-4.360000
180.550000,-4.418000
182.705000,-4.400000
193.676000,-4.329000
197.698000,-4.343000
235.713000,-4.411000
265.143000,-4.440000
282.858000,-4.432000
297.717000,-4.331000
301.699000,-4.323000
1.257000,-4.240000
11.542000,-4.272000
13.829000,-4.344000
19.255000,-4.331000
21.333000,-4.280000
43.547000,-4.292000
144.494000,-4.272000
164.638000,-4.280000
178.074000,-4.333000
204.618000,-4.280000
207.294000,-4.309000
223.660000,-4.292000
237.469000,-4.297000
244.469000,-4.295000
260.220000,-4.295000
262.557000,-4.241000
273.733000,-4.288000
276.618000,-4.266000
289.856000,-4.211000
296.364000,-4.333000
307.302000,-4.298000
1.860000,-4.126000
10.341000,-4.251000
46.210000,-4.219000
48.550000,-4.191000
58.629000,-4.240000
73.983000,-4.214000
148.533000,-4.200000
150.095000,-4.200000
186.040000,-4.253000
188.686000,-4.264000
195.048000,-4.240000
209.410000,-4.280000
220.650000,-4.200000
231.297000,-4.253000
286.324000,-4.207000
299.113000,-4.158000
309.143000,-4.264000
2.476000,-4.200000
26.152000,-4.187000
34.659000,-4.109000
53.626000,-4.126000
70.359000,-4.186000
75.297000,-4.126000
78.171000,-4.160000
104.457000,-4.151000
108.076000,-4.184000
138.722000,-4.142000
143.106000,-4.107000
202.895000,-4.089000
234.482000,-4.120000
294.017000,-4.154000
306.152000,-4.143000
313.541000,-4.147000
42.360000,-4.071000
44.952000,-4.040000
76.800000,-4.072000
93.600000,-4.080000
112.381000,-4.080000
145.808000,-4.054000
151.352000,-4.056000
153.766000,-4.047000
247.810000,-4.050000
266.477000,-4.047000
275.332000,-4.055000
292.665000,-4.067000
7.097000,-3.954000
29.486000,-4.000000
65.035000,-3.982000
84.876000,-3.989000
110.756000,-3.942000
137.584000,-3.943000
146.971000,-3.960000
155.332000,-4.011000
167.314000,-3.920000
175.656000,-3.968000
205.924000,-3.954000
240.037000,-4.006000
250.895000,-4.030000
270.230000,-4.022000
291.079000,-3.960000
295.254000,-3.943000
22.815000,-3.902000
24.231000,-3.946000
57.240000,-3.909000
72.859000,-3.909000
81.258000,-3.887000
98.057000,-3.920000
116.190000,-3.849000
125.638000,-3.950000
135.284000,-3.888000
140.493000,-3.887000
159.275000,-3.927000
162.095000,-3.891000
213.333000,-3.920000
225.239000,-3.866000
228.059000,-3.909000
246.669000,-3.925000
249.808000,-3.931000
257.097000,-3.872000
277.938000,-3.855000
287.808000,-3.888000
3.178000,-3.802000
18.168000,-3.771000
27.255000,-3.829000
36.521000,-3.782000
49.946000,-3.783000
87.275000,-3.808000
91.029000,-3.800000
114.933000,-3.864000
134.226000,-3.814000
152.533000,-3.880000
157.774000,-3.853000
169.371000,-3.840000
170.590000,-3.840000
183.726000,-3.808000
221.869000,-3.807000
308.114000,-3.840000
311.221000,-3.827000
0.936000,-3.743000
5.695000,-3.743000
9.238000,-3.743000
15.069000,-3.773000
63.750000,-3.765000
71.545000,-3.789000
86.176000,-3.760000
105.829000,-3.720000
120.174000,-3.743000
156.762000,-3.760000
190.095000,-3.730000
215.907000,-3.732000
217.134000,-3.743000
241.164000,-3.747000
253.621000,-3.773000
255.852000,-3.760000
268.190000,-3.737000
279.979000,-3.696000
30.569000,-3.693000
40.242000,-3.662000
56.208000,-3.669000
62.243000,-3.640000
79.314000,-3.680000
96.210000,-3.675000
99.655000,-3.674000
101.450000,-3.691000
103.527000,-3.634000
109.295000,-3.674000
118.324000,-3.627000
133.067000,-3.680000
141.790000,-3.660000
165.790000,-3.710000
173.790000,-3.680000
181.523000,-3.675000
191.678000,-3.693000
192.838000,-3.680000
245.371000,-3.616000
252.097000,-3.667000
283.499000,-3.614000
304.970000,-3.691000
37.884000,-3.613000
66.849000,-3.567000
128.762000,-3.600000
131.818000,-3.551000
136.305000,-3.600000
196.327000,-3.577000
199.026000,-3.587000
200.074000,-3.567000
210.383000,-3.589000
229.336000,-3.606000
232.427000,-3.568000
236.627000,-3.539000
243.276000,-3.567000
272.760000,-3.547000
303.275000,-3.568000
12.629000,-3.525000
47.522000,-3.531000
89.656000,-3.494000
92.403000,-3.461000
113.467000,-3.480000
122.628000,-3.486000
124.482000,-3.498000
171.983000,-3.495000
178.923000,-3.487000
218.590000,-3.529000
271.351000,-3.488000
281.239000,-3.528000
288.990000,-3.520000
4.419000,-3.400000
32.059000,-3.427000
33.545000,-3.451000
52.588000,-3.427000
82.606000,-3.400000
88.286000,-3.406000
121.430000,-3.431000
145.092000,-3.382000
149.503000,-3.391000
163.599000,-3.449000
168.398000,-3.427000
201.579000,-3.427000
208.364000,-3.453000
211.505000,-3.480000
226.303000,-3.453000
238.326000,-3.394000
258.109000,-3.432000
300.724000,-3.460000
310.113000,-3.418000
312.504000,-3.386000
28.419000,-3.360000
51.181000,-3.343000
55.010000,-3.351000
60.914000,-3.360000
94.765000,-3.303000
106.912000,-3.373000
139.577000,-3.313000
160.418000,-3.354000
184.914000,-3.400000
204.000000,-3.320000
222.954000,-3.371000
230.629000,-3.296000
242.092000,-3.253000
248.597000,-3.320000
254.781000,-3.360000
269.257000,-3.360000
284.781000,-3.377000
2.362000,-3.320000
20.571000,-3.280000
59.488000,-3.293000
68.004000,-3.270000
69.393000,-3.257000
83.923000,-3.275000
111.535000,-3.208000
126.611000,-3.258000
129.867000,-3.280000
177.257000,-3.256000
259.502000,-3.269000
261.640000,-3.274000
264.168000,-3.279000
265.579000,-3.269000
296.931000,-3.267000
298.201000,-3.208000
39.010000,-3.200000
150.665000,-3.152000
174.895000,-3.183000
182.781000,-3.170000
187.833000,-3.156000
189.181000,-3.200000
194.119000,-3.182000
214.248000,-3.200000
262.933000,-3.200000
274.494000,-3.211000
306.895000,-3.192000
16.072000,-3.087000
44.153000,-3.047000
77.867000,-3.120000
117.227000,-3.072000
143.869000,-3.103000
147.924000,-3.120000
180.151000,-3.111000
197.389000,-3.131000
235.363000,-3.095000
290.210000,-3.072000
58.189000,-3.051000
102.573000,-3.051000
176.076000,-3.010000
205.122000,-3.053000
207.217000,-3.051000
219.579000,-3.012000
224.373000,-3.008000
244.267000,-3.040000
292.666000,-2.985000
295.831000,-3.027000
309.067000,-3.064000
6.823000,-2.905000
8.114000,-2.960000
10.269000,-2.903000
11.371000,-2.987000
14.012000,-2.893000
17.278000,-2.938000
19.429000,-2.930000
75.050000,-2.913000
76.229000,-3.000000
84.973000,-2.949000
100.664000,-2.903000
104.840000,-2.915000
119.450000,-2.973000
146.438000,-2.960000
151.983000,-2.973000
154.514000,-2.960000
164.655000,-2.952000
186.116000,-2.938000
190.760000,-2.949000
202.743000,-2.920000
212.478000,-2.973000
227.449000,-2.971000
233.448000,-3.000000
250.590000,-2.940000
260.459000,-2.950000
278.803000,-2.941000
282.630000,-2.992000
285.905000,-2.950000
301.839000,-2.952000
23.390000,-2.860000
34.554000,-2.832000
41.104000,-2.852000
46.381000,-2.901000
49.088000,-2.863000
53.896000,-2.826000
73.872000,-2.862000
108.174000,-2.893000
110.286000,-2.840000
138.061000,-2.833000
153.160000,-2.867000
155.787000,-2.833000
162.532000,-2.876000
209.371000,-2.880000
220.878000,-2.913000
239.467000,-2.859000
276.611000,-2.912000
291.446000,-2.867000
25.999000,-2.796000
64.265000,-2.704000
80.402000,-2.811000
81.676000,-2.800000
97.752000,-2.800000
114.878000,-2.787000
127.869000,-2.817000
173.060000,-2.760000
184.021000,-2.810000
195.543000,-2.800000
240.856000,-2.809000
287.278000,-2.768000
294.612000,-2.743000
299.584000,-2.809000
21.735000,-2.709000
24.725000,-2.671000
29.694000,-2.695000
35.826000,-2.707000
45.160000,-2.665000
56.934000,-2.659000
65.724000,-2.706000
86.590000,-2.744000
93.676000,-2.720000
98.877000,-2.665000
116.114000,-2.720000
133.783000,-2.658000
157.929000,-2.666000
167.657000,-2.720000
169.181000,-2.720000
191.968000,-2.713000
231.755000,-2.663000
256.668000,-2.711000
266.823000,-2.687000
304.112000,-2.658000
311.314000,-2.720000
313.659000,-2.707000
9.122000,-2.629000
62.971000,-2.623000
72.552000,-2.650000
91.525000,-2.600000
96.666000,-2.558000
125.270000,-2.669000
141.031000,-2.641000
156.741000,-2.609000
159.048000,-2.640000
161.371000,-2.680000
170.267000,-2.635000
181.540000,-2.553000
216.306000,-2.615000
228.627000,-2.651000
237.467000,-2.600000
270.459000,-2.627000
305.792000,-2.583000
5.224000,-2.520000
31.166000,-2.501000
105.934000,-2.520000
132.668000,-2.571000
134.960000,-2.548000
142.517000,-2.547000
166.417000,-2.573000
193.172000,-2.452000
198.437000,-2.528000
210.773000,-2.512000
222.151000,-2.535000
225.552000,-2.498000
246.476000,-2.560000
252.973000,-2.571000
275.392000,-2.528000
288.476000,-2.505000
1.105000,-2.480000
15.124000,-2.520000
27.598000,-2.493000
32.495000,-2.453000
37.181000,-2.450000
42.627000,-2.496000
55.582000,-2.471000
69.981000,-2.440000
71.316000,-2.450000
87.619000,-2.500000
90.421000,-2.489000
124.093000,-2.498000
131.366000,-2.434000
136.838000,-2.480000
148.876000,-2.440000
171.429000,-2.450000
199.828000,-2.488000
206.171000,-2.520000
247.827000,-2.469000
251.733000,-2.440000
277.789000,-2.428000
284.000000,-2.480000
308.207000,-2.493000
3.067000,-2.417000
38.286000,-2.400000
61.600000,-2.356000
107.064000,-2.377000
121.062000,-2.384000
122.421000,-2.391000
128.838000,-2.360000
178.040000,-2.409000
196.436000,-2.388000
201.292000,-2.396000
208.360000,-2.345000
217.543000,-2.427000
229.850000,-2.387000
234.379000,-2.413000
245.333000,-2.400000
271.864000,-2.343000
12.512000,-2.333000
18.574000,-2.307000
50.345000,-2.333000
79.331000,-2.307000
103.688000,-2.298000
118.559000,-2.221000
144.830000,-2.272000
174.210000,-2.320000
213.430000,-2.265000
254.133000,-2.320000
300.878000,-2.286000
39.559000,-2.187000
47.678000,-2.227000
52.837000,-2.192000
68.724000,-2.240000
95.467000,-2.176000
160.173000,-2.200000
179.093000,-2.192000
187.010000,-2.216000
189.941000,-2.246000
218.638000,-2.200000
236.398000,-2.251000
243.238000,-2.264000
264.856000,-2.249000
280.135000,-2.249000
281.259000,-2.221000
289.583000,-2.227000
67.156000,-2.160000
88.818000,-2.099000
139.086000,-2.160000
163.943000,-2.112000
188.402000,-2.173000
203.678000,-2.149000
204.838000,-2.120000
230.857000,-2.127000
258.091000,-2.170000
259.412000,-2.161000
273.240000,-2.171000
293.564000,-2.088000
59.031000,-2.067000
60.207000,-2.067000
82.932000,-2.058000
92.792000,-2.032000
113.410000,-2.080000
126.744000,-2.048000
130.116000,-2.067000
165.355000,-2.063000
180.445000,-2.075000
211.865000,-2.091000
215.121000,-2.058000
223.393000,-2.054000
226.593000,-2.067000
232.762000,-2.080000
238.398000,-2.008000
241.868000,-2.067000
249.829000,-2.080000
255.523000,-2.065000
269.241000,-2.057000
298.629000,-2.097000
302.841000,-2.023000
312.648000,-2.040000
10.610000,-2.005000
28.702000,-2.017000
33.503000,-2.011000
51.429000,-1.970000
101.578000,-2.001000
112.038000,-2.000000
147.543000,-1.960000
149.848000,-1.995000
151.374000,-2.013000
175.335000,-2.011000
194.629000,-2.000000
197.645000,-1.945000
262.328000,-2.000000
263.579000,-2.029000
285.046000,-1.987000
310.151000,-2.011000
4.187000,-1.904000
15.907000,-1.933000
20.702000,-1.903000
57.766000,-1.894000
76.859000,-1.933000
84.058000,-1.928000
99.848000,-1.960000
108.876000,-1.890000
172.391000,-1.902000
182.611000,-1.929000
220.047000,-1.901000
268.018000,-1.916000
297.399000,-1.928000
8.144000,-1.745000
13.600000,-1.840000
19.276000,-1.870000
24.076000,-1.820000
78.038000,-1.857000
85.826000,-1.853000
110.926000,-1.832000
136.018000,-1.818000
153.808000,-1.851000
155.179000,-1.851000
176.840000,-1.866000
185.103000,-1.833000
209.732000,-1.800000
261.073000,-1.812000
266.022000,-1.800000
282.383000,-1.851000
286.256000,-1.809000
290.781000,-1.864000
306.687000,-1.851000
35.314000,-1.720000
40.478000,-1.749000
75.674000,-1.747000
105.105000,-1.760000
117.327000,-1.707000
152.513000,-1.771000
191.192000,-1.728000
202.686000,-1.762000
224.495000,-1.736000
250.801000,-1.738000
304.952000,-1.736000
309.088000,-1.711000
5.851000,-1.665000
6.877000,-1.646000
11.637000,-1.665000
22.648000,-1.675000
25.334000,-1.674000
43.770000,-1.702000
45.922000,-1.691000
49.412000,-1.640000
54.284000,-1.640000
127.940000,-1.623000
141.656000,-1.622000
146.154000,-1.626000
227.750000,-1.667000
279.010000,-1.680000
299.630000,-1.651000
17.048000,-1.583000
30.446000,-1.528000
63.621000,-1.567000
74.400000,-1.600000
81.333000,-1.583000
94.460000,-1.577000
119.712000,-1.587000
134.612000,-1.543000
157.393000,-1.613000
170.912000,-1.543000
192.426000,-1.497000
207.278000,-1.607000
240.610000,-1.560000
257.067000,-1.528000
276.507000,-1.603000
292.196000,-1.554000
296.170000,-1.578000
313.584000,-1.577000
9.486000,-1.496000
41.792000,-1.552000
64.838000,-1.520000
86.971000,-1.492000
114.493000,-1.537000
115.924000,-1.520000
140.190000,-1.500000
143.560000,-1.533000
156.174000,-1.497000
162.649000,-1.529000
166.951000,-1.508000
168.288000,-1.533000
183.735000,-1.480000
205.943000,-1.520000
212.837000,-1.488000
237.333000,-1.520000
274.458000,-1.480000
294.938000,-1.473000
26.514000,-1.407000
36.512000,-1.453000
44.897000,-1.427000
97.562000,-1.440000
107.940000,-1.423000
158.722000,-1.453000
169.478000,-1.392000
173.600000,-1.400000
195.716000,-1.453000
235.137000,-1.400000
253.316000,-1.462000
270.095000,-1.440000
283.467000,-1.440000
301.661000,-1.432000
311.560000,-1.427000
1.143000,-1.400000
31.848000,-1.360000
96.212000,-1.303000
98.781000,-1.384000
102.687000,-1.375000
123.087000,-1.384000
133.524000,-1.384000
137.617000,-1.347000
181.294000,-1.375000
193.503000,-1.371000
198.624000,-1.302000
210.629000,-1.336000
216.076000,-1.327000
217.536000,-1.320000
221.261000,-1.385000
244.229000,-1.336000
247.124000,-1.336000
251.906000,-1.349000
2.133000,-1.320000
47.162000,-1.310000
48.215000,-1.218000
62.420000,-1.305000
80.190000,-1.240000
91.612000,-1.240000
100.517000,-1.297000
104.190000,-1.253000
121.637000,-1.223000
148.802000,-1.252000
161.143000,-1.320000
178.036000,-1.291000
186.129000,-1.259000
200.271000,-1.228000
214.095000,-1.280000
228.818000,-1.302000
229.905000,-1.280000
231.712000,-1.293000
233.772000,-1.190000
248.648000,-1.320000
287.617000,-1.254000
288.867000,-1.262000
303.810000,-1.280000
38.362000,-1.200000
50.574000,-1.213000
59.619000,-1.200000
66.154000,-1.179000
71.903000,-1.211000
90.494000,-1.211000
132.190000,-1.193000
145.016000,-1.142000
187.636000,-1.145000
201.526000,-1.127000
222.514000,-1.200000
225.526000,-1.179000
242.880000,-1.127000
245.506000,-1.211000
254.684000,-1.189000
260.056000,-1.185000
265.029000,-1.160000
271.183000,-1.189000
0.707000,-1.137000
14.667000,-1.120000
21.486000,-1.111000
27.753000,-1.145000
34.379000,-1.133000
37.389000,-1.131000
56.000000,-1.127000
68.095000,-1.103000
69.446000,-1.088000
70.621000,-1.048000
78.971000,-1.096000
109.850000,-1.133000
118.326000,-1.146000
124.361000,-1.130000
125.638000,-1.150000
130.874000,-1.109000
164.610000,-1.120000
174.684000,-1.131000
176.051000,-1.062000
179.107000,-1.133000
208.517000,-1.124000
249.868000,-1.072000
273.067000,-1.120000
3.048000,-1.007000
12.817000,-0.982000
18.210000,-1.070000
51.771000,-0.978000
60.859000,-1.027000
73.177000,-1.068000
106.764000,-1.051000
129.486000,-1.040000
138.705000,-1.040000
142.476000,-1.040000
159.979000,-1.029000
188.933000,-1.035000
190.250000,-1.014000
218.936000,-1.016000
258.702000,-1.035000
298.286000,-0.976000
3.886000,-1.000000
4.915000,-0.922000
150.095000,-0.990000
171.979000,-0.973000
194.514000,-0.990000
197.046000,-0.973000
203.762000,-0.868000
236.152000,-0.984000
255.962000,-0.984000
262.514000,-0.880000
281.488000,-0.909000
289.998000,-0.948000
307.865000,-0.949000
42.809000,-0.801000
53.051000,-0.890000
57.181000,-0.856000
58.421000,-0.902000
89.125000,-0.874000
92.932000,-0.891000
101.754000,-0.811000
105.676000,-0.880000
147.581000,-0.880000
151.390000,-0.880000
153.274000,-0.869000
154.857000,-0.800000
165.943000,-0.880000
180.229000,-0.880000
182.407000,-0.822000
226.747000,-0.845000
241.603000,-0.904000
263.695000,-0.910000
266.478000,-0.834000
269.058000,-0.840000
277.778000,-0.856000
280.076000,-0.880000
293.314000,-0.897000
19.962000,-0.800000
29.274000,-0.787000
33.105000,-0.771000
75.239000,-0.768000
76.457000,-0.776000
82.226000,-0.760000
111.229000,-0.783000
136.648000,-0.800000
204.973000,-0.789000
211.657000,-0.800000
223.790000,-0.760000
238.779000,-0.794000
284.800000,-0.741000
297.092000,-0.778000
306.019000,-0.776000
312.533000,-0.760000
24.740000,-0.725000
77.811000,-0.731000
84.914000,-0.720000
95.314000,-0.720000
113.486000,-0.760000
117.075000,-0.680000
120.267000,-0.720000
126.929000,-0.707000
173.005000,-0.655000
202.551000,-0.674000
215.183000,-0.731000
220.133000,-0.738000
300.400000,-0.703000
310.316000,-0.698000
10.379000,-0.591000
39.467000,-0.680000
83.705000,-0.594000
99.530000,-0.618000
112.322000,-0.653000
134.134000,-0.634000
162.116000,-0.631000
170.227000,-0.649000
191.484000,-0.653000
199.580000,-0.623000
232.817000,-0.651000
261.340000,-0.593000
302.688000,-0.652000
6.290000,-0.560000
8.498000,-0.555000
23.543000,-0.534000
35.314000,-0.560000
108.610000,-0.560000
135.374000,-0.573000
141.294000,-0.514000
158.231000,-0.573000
177.105000,-0.560000
184.945000,-0.528000
216.977000,-0.527000
239.982000,-0.569000
252.770000,-0.512000
275.412000,-0.573000
286.171000,-0.590000
291.218000,-0.582000
299.300000,-0.495000
15.924000,-0.480000
26.019000,-0.480000
31.145000,-0.493000
40.381000,-0.480000
66.933000,-0.456000
103.107000,-0.497000
115.581000,-0.480000
168.855000,-0.467000
207.636000,-0.493000
209.678000,-0.486000
230.933000,-0.480000
234.607000,-0.408000
250.760000,-0.467000
257.351000,-0.469000
267.810000,-0.500000
282.611000,-0.491000
308.800000,-0.409000
313.524000,-0.409000
46.266000,-0.404000
49.579000,-0.389000
96.824000,-0.382000
114.421000,-0.388000
139.695000,-0.424000
143.560000,-0.413000
163.563000,-0.385000
167.506000,-0.393000
175.314000,-0.400000
186.760000,-0.342000
198.116000,-0.389000
221.530000,-0.353000
279.103000,-0.384000
1.943000,-0.320000
11.613000,-0.302000
13.807000,-0.307000
41.600000,-0.320000
54.307000,-0.307000
87.695000,-0.360000
128.364000,-0.333000
146.552000,-0.360000
157.049000,-0.309000
183.467000,-0.360000
192.703000,-0.333000
243.757000,-0.257000
247.734000,-0.269000
295.754000,-0.333000
301.466000,-0.336000
17.110000,-0.216000
22.324000,-0.270000
27.003000,-0.212000
36.781000,-0.223000
43.863000,-0.200000
62.959000,-0.200000
65.524000,-0.280000
81.143000,-0.240000
85.950000,-0.273000
89.997000,-0.183000
132.741000,-0.228000
137.507000,-0.217000
152.360000,-0.229000
173.867000,-0.176000
188.135000,-0.229000
193.578000,-0.223000
195.581000,-0.200000
200.856000,-0.244000
214.002000,-0.253000
217.981000,-0.240000
228.076000,-0.240000
271.910000,-0.152000
274.306000,-0.225000
311.221000,-0.253000
47.383000,-0.152000
64.187000,-0.177000
74.187000,-0.150000
91.334000,-0.135000
98.116000,-0.147000
100.686000,-0.160000
122.399000,-0.165000
130.400000,-0.120000
159.429000,-0.160000
210.648000,-0.143000
224.859000,-0.149000
229.350000,-0.147000
246.268000,-0.171000
253.943000,-0.160000
276.533000,-0.160000
283.886000,-0.190000
288.106000,-0.120000
294.438000,-0.160000
37.943000,-0.080000
45.181000,-0.086000
71.483000,-0.057000
73.087000,-0.069000
94.040000,-0.069000
119.221000,-0.093000
123.680000,-0.019000
148.532000,-0.032000
156.038000,-0.080000
180.971000,-0.098000
212.876000,-0.080000
222.687000,-0.089000
236.969000,-0.067000
245.067000,-0.080000
249.122000,-0.055000
270.459000,-0.067000
292.362000,-0.062000
304.935000,-0.091000
3.868000,0.009000
18.860000,0.040000
28.402000,0.012000
55.619000,0.007000
61.600000,0.000000
78.629000,0.000000
107.618000,0.048000
138.607000,0.023000
142.379000,0.011000
165.029000,0.000000
178.231000,0.018000
206.286000,0.000000
255.297000,0.013000
287.048000,0.024000
289.219000,0.000000
303.769000,0.013000
9.492000,0.120000
30.057000,0.080000
50.819000,0.040000
59.488000,0.093000
69.121000,0.103000
79.877000,0.120000
106.248000,0.080000
110.278000,0.088000
126.113000,0.102000
136.342000,0.152000
144.578000,0.097000
161.026000,0.054000
171.170000,0.088000
179.560000,0.091000
185.752000,0.080000
233.484000,0.073000
240.876000,0.080000
264.322000,0.067000
7.434000,0.218000
14.993000,0.147000
21.088000,0.147000
34.321000,0.200000
104.860000,0.143000
117.926000,0.173000
121.172000,0.126000
124.686000,0.184000
131.446000,0.209000
181.966000,0.150000
190.798000,0.147000
204.084000,0.208000
219.294000,0.169000
235.694000,0.153000
260.098000,0.142000
263.049000,0.192000
277.768000,0.242000
280.701000,0.194000
306.993000,0.204000
0.419000,0.200000
12.762000,0.240000
32.076000,0.280000
48.516000,0.271000
56.779000,0.253000
57.997000,0.297000
67.848000,0.216000
70.191000,0.225000
151.010000,0.240000
196.804000,0.253000
208.533000,0.210000
215.946000,0.250000
232.017000,0.253000
251.848000,0.240000
258.969000,0.246000
297.048000,0.265000
5.064000,0.354000
53.068000,0.352000
102.291000,0.338000
147.398000,0.352000
154.616000,0.342000
162.726000,0.307000
189.654000,0.343000
191.758000,0.338000
223.998000,0.387000
226.210000,0.280000
239.276000,0.360000
242.288000,0.337000
256.457000,0.320000
261.829000,0.320000
265.733000,0.295000
290.443000,0.320000
298.400000,0.320000
312.809000,0.360000
39.086000,0.400000
76.082000,0.418000
88.873000,0.405000
92.611000,0.368000
95.983000,0.387000
99.687000,0.440000
172.648000,0.464000
202.948000,0.509000
205.198000,0.387000
267.010000,0.376000
42.667000,0.533000
77.448000,0.480000
84.914000,0.480000
86.992000,0.502000
113.810000,0.497000
127.788000,0.503000
133.770000,0.491000
134.836000,0.469000
141.046000,0.489000
169.333000,0.480000
176.212000,0.493000
201.638000,0.480000
220.663000,0.508000
238.019000,0.492000
268.343000,0.500000
269.486000,0.528000
273.257000,0.440000
285.143000,0.504000
293.350000,0.467000
309.752000,0.456000
1.143000,0.520000
23.712000,0.606000
108.859000,0.573000
116.907000,0.608000
129.388000,0.617000
149.905000,0.536000
153.160000,0.582000
194.667000,0.560000
253.088000,0.573000
282.098000,0.582000
300.684000,0.606000
302.535000,0.573000
308.114000,0.569000
10.705000,0.640000
25.103000,0.670000
60.610000,0.640000
75.010000,0.640000
82.397000,0.635000
83.829000,0.662000
112.437000,0.659000
156.923000,0.680000
166.019000,0.610000
227.161000,0.672000
230.188000,0.653000
250.210000,0.600000
258.055000,0.607000
299.581000,0.640000
20.305000,0.784000
35.542000,0.752000
46.398000,0.694000
51.865000,0.731000
54.674000,0.768000
97.264000,0.734000
103.505000,0.733000
139.695000,0.720000
146.038000,0.768000
163.995000,0.731000
184.381000,0.690000
188.360000,0.707000
193.143000,0.750000
195.854000,0.750000
199.346000,0.680000
207.314000,0.720000
217.126000,0.707000
244.250000,0.707000
279.637000,0.711000
311.865000,0.733000
17.905000,0.800000
33.273000,0.810000
40.038000,0.800000
41.395000,0.855000
62.344000,0.861000
115.810000,0.800000
158.286000,0.800000
174.691000,0.818000
177.486000,0.800000
187.200000,0.800000
209.800000,0.855000
214.764000,0.813000
228.744000,0.819000
247.053000,0.782000
275.597000,0.850000
306.219000,0.840000
8.626000,0.867000
14.073000,0.863000
16.411000,0.893000
30.933000,0.880000
66.561000,0.904000
74.055000,0.886000
90.455000,0.893000
93.560000,0.886000
101.292000,0.888000
121.868000,0.920000
123.198000,0.905000
143.582000,0.928000
155.484000,0.905000
168.343000,0.920000
198.211000,0.912000
254.476000,0.920000
271.238000,0.880000
6.040000,0.964000
26.228000,0.975000
27.543000,0.960000
47.819000,1.000000
49.735000,0.951000
120.038000,0.960000
160.264000,0.965000
167.160000,0.966000
173.410000,1.007000
178.857000,1.000000
211.930000,1.000000
221.676000,0.984000
248.551000,0.951000
283.182000,0.938000
286.400000,0.990000
2.019000,1.000000
22.573000,1.029000
36.893000,1.027000
63.630000,1.054000
65.026000,1.035000
85.926000,1.024000
107.247000,1.094000
110.993000,1.053000
130.552000,1.080000
138.631000,1.080000
180.837000,1.112000
182.781000,1.040000
206.400000,1.110000
213.257000,1.040000
218.203000,1.047000
231.270000,1.080000
234.306000,1.059000
243.065000,1.053000
260.932000,1.051000
277.125000,1.122000
278.614000,1.067000
291.276000,1.080000
295.778000,1.040000
310.571000,1.065000
313.783000,1.088000
11.750000,1.107000
43.868000,1.105000
44.962000,1.194000
56.017000,1.133000
81.181000,1.096000
88.060000,1.177000
94.802000,1.131000
118.400000,1.160000
126.654000,1.178000
151.962000,1.096000
165.088000,1.151000
185.465000,1.133000
200.341000,1.148000
222.973000,1.126000
225.105000,1.144000
232.914000,1.120000
274.360000,1.126000
288.381000,1.090000
303.714000,1.190000
304.914000,1.129000
38.057000,1.200000
50.895000,1.200000
79.543000,1.200000
91.585000,1.200000
132.865000,1.240000
135.695000,1.200000
136.974000,1.213000
142.605000,1.259000
148.284000,1.187000
154.210000,1.200000
161.674000,1.174000
190.819000,1.200000
240.229000,1.206000
241.393000,1.218000
245.541000,1.189000
289.635000,1.205000
4.189000,1.290000
12.935000,1.267000
19.104000,1.341000
29.640000,1.254000
68.876000,1.260000
71.325000,1.288000
98.551000,1.312000
106.019000,1.304000
114.760000,1.267000
171.810000,1.240000
197.134000,1.320000
208.570000,1.326000
236.574000,1.313000
272.415000,1.298000
284.284000,1.267000
292.402000,1.293000
294.569000,1.293000
15.179000,1.373000
31.924000,1.393000
34.226000,1.417000
53.884000,1.347000
58.687000,1.371000
72.782000,1.358000
78.284000,1.408000
104.612000,1.366000
124.228000,1.406000
128.274000,1.408000
147.105000,1.377000
170.705000,1.360000
210.720000,1.385000
219.751000,1.369000
251.581000,1.330000
255.867000,1.392000
259.462000,1.365000
264.800000,1.360000
270.154000,1.369000
280.860000,1.406000
21.231000,1.421000
57.402000,1.488000
61.448000,1.416000
96.275000,1.487000
108.380000,1.555000
109.867000,1.480000
125.522000,1.408000
150.667000,1.440000
159.314000,1.480000
189.503000,1.453000
204.229000,1.426000
238.799000,1.495000
257.046000,1.451000
263.352000,1.440000
52.665000,1.507000
67.585000,1.499000
70.133000,1.520000
77.008000,1.531000
100.038000,1.550000
113.314000,1.560000
144.626000,1.507000
149.333000,1.560000
166.019000,1.568000
176.022000,1.537000
191.810000,1.520000
226.226000,1.533000
266.019000,1.520000
307.446000,1.507000
9.748000,1.633000
39.246000,1.672000
60.097000,1.631000
89.333000,1.576000
120.990000,1.620000
131.598000,1.613000
139.962000,1.630000
157.426000,1.587000
194.057000,1.600000
202.786000,1.595000
205.353000,1.672000
229.790000,1.640000
235.599000,1.665000
262.019000,1.600000
267.542000,1.568000
301.354000,1.589000
309.257000,1.648000
7.552000,1.715000
28.468000,1.676000
55.030000,1.669000
84.648000,1.700000
102.230000,1.695000
116.890000,1.698000
129.498000,1.738000
134.286000,1.680000
162.782000,1.686000
207.450000,1.737000
215.792000,1.691000
224.076000,1.687000
237.731000,1.714000
249.487000,1.712000
252.588000,1.693000
268.992000,1.751000
297.445000,1.686000
298.608000,1.689000
312.914000,1.720000
0.876000,1.760000
17.351000,1.749000
83.326000,1.805000
97.544000,1.842000
111.875000,1.822000
141.298000,1.755000
156.326000,1.747000
184.496000,1.831000
186.514000,1.800000
199.389000,1.748000
250.667000,1.760000
285.295000,1.760000
287.293000,1.818000
293.423000,1.807000
5.105000,1.866000
24.528000,1.833000
41.465000,1.853000
42.725000,1.849000
75.865000,1.851000
82.187000,1.859000
92.909000,1.958000
103.657000,1.823000
169.332000,1.834000
177.081000,1.873000
179.886000,1.807000
182.003000,1.898000
187.674000,1.853000
214.114000,1.887000
220.650000,1.873000
227.352000,1.840000
247.598000,1.880000
258.544000,1.880000
300.267000,1.880000
302.667000,1.816000
10.858000,1.952000
23.257000,1.975000
74.729000,1.978000
80.397000,1.977000
86.862000,1.880000
119.590000,1.960000
122.570000,1.941000
152.817000,1.931000
163.925000,1.952000
173.943000,1.984000
201.487000,1.898000
212.495000,1.920000
217.143000,1.880000
253.829000,1.944000
276.036000,1.967000
279.906000,1.905000
290.590000,1.920000
32.914000,2.040000
66.135000,2.047000
137.716000,2.007000
168.152000,2.048000
175.048000,1.960000
192.686000,2.000000
232.135000,1.987000
233.659000,2.013000
273.448000,2.009000
311.811000,1.968000
46.365000,2.040000
47.762000,2.120000
90.550000,2.120000
107.152000,2.120000
115.733000,2.080000
143.709000,2.142000
145.981000,2.080000
178.590000,2.120000
183.217000,2.091000
198.154000,2.067000
244.038000,2.080000
246.398000,2.054000
282.099000,2.052000
305.238000,2.105000
8.703000,2.147000
14.437000,2.192000
27.133000,2.126000
35.637000,2.214000
40.364000,2.147000
64.946000,2.203000
110.819000,2.184000
127.221000,2.173000
158.421000,2.149000
166.993000,2.173000
173.049000,2.149000
195.335000,2.209000
218.458000,2.175000
225.236000,2.191000
228.610000,2.184000
260.210000,2.178000
271.255000,2.147000
278.054000,2.165000
283.352000,2.160000
306.459000,2.149000
12.131000,2.253000
15.962000,2.200000
19.916000,2.288000
36.855000,2.229000
48.858000,2.225000
73.563000,2.208000
99.162000,2.280000
160.874000,2.222000
209.087000,2.251000
230.607000,2.294000
239.830000,2.255000
242.362000,2.240000
296.152000,2.273000
30.682000,2.330000
50.286000,2.360000
51.390000,2.344000
85.607000,2.331000
88.136000,2.377000
94.057000,2.344000
104.800000,2.320000
118.378000,2.303000
123.751000,2.305000
130.667000,2.320000
142.626000,2.346000
154.971000,2.320000
165.350000,2.333000
171.619000,2.360000
190.265000,2.307000
206.324000,2.360000
240.876000,2.320000
255.141000,2.360000
284.433000,2.338000
308.305000,2.296000
25.840000,2.446000
44.130000,2.396000
45.255000,2.426000
53.274000,2.413000
56.398000,2.387000
62.254000,2.466000
63.550000,2.360000
68.343000,2.400000
77.904000,2.447000
101.185000,2.467000
124.933000,2.405000
126.056000,2.368000
128.440000,2.387000
133.143000,2.424000
138.905000,2.440000
151.657000,2.400000
170.496000,2.425000
188.990000,2.424000
219.757000,2.428000
221.906000,2.432000
264.136000,2.423000
274.440000,2.374000
288.593000,2.387000
291.640000,2.387000
303.962000,2.400000
313.926000,2.411000
1.943000,2.480000
29.164000,2.467000
33.905000,2.480000
37.867000,2.487000
54.340000,2.537000
60.893000,2.467000
79.200000,2.480000
91.810000,2.520000
109.426000,2.467000
136.457000,2.480000
148.284000,2.493000
196.897000,2.491000
211.505000,2.480000
223.124000,2.456000
265.410000,2.520000
286.268000,2.542000
310.307000,2.467000
31.924000,2.590000
69.595000,2.594000
72.184000,2.600000
81.431000,2.547000
162.071000,2.568000
185.431000,2.573000
204.114000,2.553000
234.697000,2.592000
236.080000,2.629000
238.474000,2.573000
251.788000,2.614000
256.360000,2.549000
262.607000,2.607000
268.007000,2.600000
277.012000,2.573000
299.314000,2.560000
4.042000,2.680000
9.960000,2.651000
13.379000,2.648000
18.476000,2.640000
22.078000,2.653000
84.362000,2.698000
95.678000,2.627000
96.852000,2.702000
105.790000,2.616000
108.152000,2.640000
117.477000,2.662000
135.010000,2.640000
150.265000,2.662000
181.105000,2.620000
191.287000,2.658000
200.457000,2.660000
210.226000,2.627000
216.387000,2.693000
257.524000,2.673000
266.610000,2.623000
270.324000,2.640000
281.009000,2.630000
289.562000,2.680000
57.812000,2.707000
67.068000,2.709000
70.907000,2.739000
102.622000,2.767000
113.600000,2.768000
121.676000,2.715000
157.410000,2.720000
159.993000,2.730000
207.895000,2.760000
215.191000,2.760000
226.362000,2.720000
248.817000,2.731000
261.410000,2.720000
294.631000,2.714000
6.249000,2.771000
39.679000,2.857000
76.817000,2.787000
114.741000,2.806000
147.065000,2.787000
153.752000,2.800000
176.000000,2.800000
213.922000,2.811000
237.181000,2.770000
245.105000,2.820000
249.960000,2.811000
300.668000,2.811000
301.830000,2.833000
7.431000,2.858000
11.302000,2.938000
16.897000,2.893000
20.800000,2.840000
41.583000,2.929000
42.890000,2.915000
82.665000,2.875000
140.116000,2.913000
144.670000,2.895000
177.517000,2.933000
179.886000,2.850000
194.269000,2.893000
202.821000,2.875000
205.305000,2.897000
232.952000,2.904000
253.240000,2.911000
269.084000,2.869000
272.229000,2.880000
279.049000,2.886000
292.838000,2.908000
309.295000,2.856000
27.943000,2.964000
55.407000,2.947000
89.489000,2.938000
119.450000,3.017000
129.600000,2.920000
131.810000,2.930000
164.428000,3.000000
199.010000,3.008000
201.674000,2.967000
212.668000,3.021000
220.975000,3.018000
229.676000,2.960000
297.105000,2.960000
312.836000,2.975000
15.221000,3.053000
52.173000,3.028000
97.964000,3.027000
112.229000,3.040000
116.122000,3.119000
134.057000,3.016000
145.966000,3.120000
163.105000,3.022000
166.231000,3.027000
183.793000,3.058000
186.667000,3.020000
224.098000,3.023000
259.315000,3.018000
302.965000,3.080000
0.724000,3.080000
47.086000,3.120000
58.933000,3.096000
75.560000,3.131000
86.964000,3.160000
93.105000,3.090000
94.583000,3.192000
100.154000,3.152000
182.073000,3.153000
187.755000,3.137000
193.236000,3.107000
197.760000,3.152000
217.621000,3.109000
247.678000,3.133000
283.238000,3.144000
290.622000,3.193000
307.314000,3.120000
40.610000,3.170000
49.693000,3.252000
80.229000,3.200000
141.351000,3.191000
143.505000,3.200000
149.235000,3.217000
155.962000,3.200000
168.746000,3.223000
195.810000,3.240000
225.265000,3.272000
273.200000,3.218000
285.426000,3.213000
287.504000,3.247000
5.163000,3.271000
32.984000,3.346000
34.840000,3.291000
74.364000,3.274000
152.593000,3.293000
167.550000,3.248000
174.836000,3.269000
192.192000,3.312000
206.857000,3.280000
231.640000,3.269000
243.276000,3.280000
254.286000,3.304000
271.106000,3.291000
275.790000,3.312000
311.602000,3.293000
8.738000,3.394000
23.030000,3.349000
24.419000,3.343000
61.507000,3.343000
104.098000,3.377000
122.933000,3.360000
124.318000,3.394000
137.448000,3.330000
171.184000,3.417000
172.305000,3.360000
173.790000,3.369000
240.133000,3.418000
241.474000,3.378000
282.024000,3.396000
19.429000,3.440000
29.906000,3.511000
38.777000,3.491000
46.040000,3.439000
62.785000,3.499000
64.173000,3.429000
65.127000,3.455000
88.457000,3.440000
90.784000,3.462000
99.200000,3.473000
120.718000,3.440000
125.552000,3.480000
126.988000,3.423000
128.131000,3.457000
147.826000,3.463000
154.590000,3.440000
189.303000,3.512000
223.039000,3.480000
228.495000,3.440000
246.345000,3.451000
295.744000,3.502000
306.133000,3.400000
12.427000,3.528000
14.268000,3.581000
37.274000,3.533000
43.828000,3.505000
44.838000,3.587000
48.533000,3.520000
50.781000,3.480000
56.914000,3.480000
60.076000,3.520000
72.952000,3.520000
83.617000,3.520000
85.924000,3.538000
118.438000,3.520000
158.590000,3.520000
178.722000,3.499000
190.621000,3.568000
211.048000,3.520000
219.538000,3.538000
227.383000,3.552000
265.829000,3.591000
278.019000,3.520000
284.343000,3.550000
304.684000,3.571000
1.694000,3.631000
26.631000,3.600000
36.054000,3.657000
106.272000,3.592000
107.446000,3.587000
111.103000,3.613000
130.743000,3.600000
138.552000,3.664000
161.166000,3.653000
209.448000,3.606000
233.981000,3.600000
236.571000,3.640000
250.952000,3.640000
255.602000,3.587000
260.609000,3.595000
264.589000,3.611000
267.459000,3.608000
298.434000,3.640000
308.402000,3.613000
310.307000,3.587000
68.907000,3.712000
70.514000,3.680000
101.770000,3.676000
133.068000,3.689000
136.000000,3.680000
142.514000,3.680000
170.019000,3.680000
204.318000,3.752000
235.391000,3.646000
238.911000,3.707000
244.419000,3.680000
263.314000,3.680000
274.364000,3.686000
291.946000,3.703000
313.714000,3.680000
17.922000,3.773000
25.579000,3.749000
71.924000,3.800000
77.790000,3.760000
79.065000,3.771000
150.341000,3.747000
153.493000,3.832000
176.669000,3.773000
181.105000,3.780000
184.857000,3.765000
200.299000,3.806000
207.983000,3.747000
221.961000,3.770000
237.698000,3.783000
252.360000,3.773000
262.188000,3.773000
276.857000,3.743000
280.610000,3.760000
299.716000,3.768000
10.400000,3.840000
20.458000,3.912000
33.888000,3.863000
42.315000,3.913000
81.752000,3.811000
105.013000,3.889000
109.850000,3.853000
113.867000,3.840000
162.325000,3.886000
196.907000,3.854000
270.019000,3.840000
293.531000,3.894000
21.617000,3.931000
31.543000,3.920000
53.143000,3.920000
54.573000,3.945000
66.331000,3.886000
67.615000,3.948000
91.946000,3.977000
96.742000,3.981000
108.762000,3.920000
151.638000,3.988000
156.838000,3.920000
157.769000,3.937000
163.695000,3.920000
183.155000,3.953000
205.488000,3.946000
216.229000,3.960000
230.588000,3.960000
256.744000,3.898000
286.370000,3.952000
288.440000,3.908000
301.213000,3.950000
28.876000,4.000000
76.465000,4.054000
95.372000,4.055000
102.855000,4.033000
115.179000,3.989000
117.350000,4.013000
145.067000,4.000000
146.743000,4.000000
165.390000,4.018000
175.619000,3.970000
193.905000,3.970000
195.031000,3.987000
214.599000,4.040000
218.055000,3.994000
220.738000,4.012000
226.265000,3.989000
248.457000,4.000000
258.032000,4.008000
272.198000,4.048000
296.855000,4.013000
303.568000,4.022000
4.364000,4.093000
55.924000,4.040000
84.952000,4.040000
97.867000,4.080000
134.552000,4.120000
140.061000,4.141000
159.962000,4.104000
186.000000,4.075000
212.058000,4.099000
224.114000,4.080000
249.659000,4.067000
268.724000,4.080000
6.762000,4.132000
15.771000,4.142000
57.981000,4.160000
87.495000,4.185000
94.078000,4.173000
129.011000,4.149000
155.671000,4.222000
166.629000,4.200000
179.845000,4.200000
198.950000,4.173000
201.557000,4.179000
213.430000,4.149000
232.495000,4.160000
242.402000,4.228000
289.524000,4.120000
302.324000,4.190000
11.535000,4.288000
47.069000,4.253000
51.884000,4.280000
59.182000,4.262000
116.343000,4.240000
119.340000,4.262000
123.505000,4.214000
131.771000,4.216000
141.600000,4.226000
173.010000,4.223000
187.200000,4.220000
188.571000,4.280000
202.827000,4.270000
206.912000,4.223000
229.295000,4.240000
259.430000,4.264000
273.159000,4.297000
311.176000,4.302000
312.400000,4.235000
0.686000,4.320000
5.714000,4.294000
16.969000,4.367000
27.619000,4.296000
40.988000,4.353000
60.817000,4.307000
89.562000,4.320000
122.281000,4.391000
191.712000,4.307000
192.723000,4.352000
245.465000,4.309000
247.106000,4.309000
266.517000,4.287000
279.429000,4.337000
309.316000,4.307000
75.050000,4.367000
80.212000,4.413000
100.744000,4.444000
112.080000,4.440000
136.935000,4.411000
143.487000,4.440000
177.812000,4.387000
182.115000,4.425000
233.541000,4.387000
285.410000,4.400000
291.159000,4.440000
306.989000,4.391000
7.962000,4.480000
9.330000,4.446000
13.274000,4.493000
22.726000,4.527000
45.677000,4.553000
49.785000,4.462000
63.410000,4.520000
73.752000,4.460000
120.796000,4.549000
124.687000,4.487000
127.505000,4.480000
168.550000,4.493000
172.009000,4.520000
210.286000,4.520000
225.126000,4.493000
228.274000,4.502000
241.164000,4.520000
253.371000,4.480000
254.646000,4.493000
271.183000,4.469000
294.744000,4.512000
297.943000,4.480000
23.941000,4.556000
30.589000,4.569000
39.695000,4.569000
126.021000,4.593000
130.192000,4.551000
149.105000,4.560000
158.840000,4.582000
178.705000,4.560000
189.850000,4.547000
239.812000,4.582000
265.171000,4.600000
275.354000,4.606000
282.876000,4.543000
14.615000,4.658000
26.346000,4.680000
44.287000,4.695000
57.143000,4.688000
72.801000,4.649000
82.624000,4.664000
84.038000,4.620000
88.686000,4.640000
90.847000,4.665000
104.043000,4.668000
145.888000,4.653000
147.893000,4.648000
169.676000,4.649000
197.880000,4.668000
217.159000,4.663000
219.503000,4.687000
222.895000,4.600000
234.647000,4.686000
236.914000,4.640000
260.591000,4.655000
305.505000,4.665000
19.446000,4.733000
33.036000,4.746000
38.346000,4.739000
48.612000,4.694000
62.190000,4.715000
65.027000,4.748000
78.552000,4.760000
133.486000,4.690000
142.445000,4.760000
170.932000,4.713000
174.491000,4.798000
209.126000,4.707000
243.738000,4.753000
250.455000,4.733000
281.676000,4.740000
287.545000,4.767000
308.016000,4.781000
37.046000,4.787000
43.065000,4.788000
69.752000,4.800000
71.297000,4.787000
118.019000,4.840000
153.007000,4.823000
160.783000,4.833000
183.949000,4.796000
204.417000,4.808000
207.984000,4.823000
227.141000,4.787000
255.812000,4.840000
284.190000,4.800000
292.512000,4.857000
304.495000,4.800000
18.057000,4.880000
24.952000,4.880000
34.574000,4.867000
86.162000,4.897000
92.457000,4.880000
99.010000,4.904000
102.138000,4.920000
105.787000,4.938000
106.971000,4.840000
108.207000,4.937000
154.116000,4.893000
181.064000,4.902000
199.830000,4.858000
221.856000,4.920000
231.543000,4.860000
235.962000,4.847000
251.713000,4.869000
261.674000,4.872000
263.010000,4.850000
267.826000,4.893000
274.136000,4.913000
276.571000,4.888000
299.081000,4.856000
31.875000,5.022000
35.740000,4.989000
77.389000,4.971000
81.181000,4.960000
110.781000,4.930000
112.951000,4.992000
137.998000,4.947000
144.610000,4.993000
161.732000,4.987000
164.497000,4.966000
185.238000,4.978000
195.695000,4.960000
200.783000,4.949000
215.069000,4.947000
249.241000,5.047000
264.114000,4.960000
269.579000,4.973000
278.207000,4.955000
280.591000,4.979000
295.906000,4.938000
313.617000,4.991000
20.861000,5.098000
50.840000,5.029000
52.893000,5.053000
55.276000,5.040000
66.113000,5.080000
109.514000,5.058000
139.149000,5.098000
150.002000,5.053000
151.602000,5.053000
162.991000,5.036000
176.291000,5.102000
211.316000,5.072000
230.265000,5.018000
246.438000,5.064000
300.311000,5.020000
12.381000,5.120000
53.850000,5.133000
68.478000,5.107000
96.503000,5.168000
136.000000,5.120000
190.818000,5.191000
205.823000,5.120000
257.181000,5.120000
310.171000,5.120000
1.790000,5.200000
4.895000,5.221000
10.704000,5.248000
67.408000,5.189000
85.046000,5.191000
93.743000,5.277000
97.752000,5.232000
114.400000,5.176000
132.512000,5.213000
155.276000,5.200000
156.722000,5.172000
166.171000,5.200000
167.515000,5.262000
187.856000,5.240000
193.275000,5.282000
194.629000,5.200000
212.495000,5.264000
238.802000,5.205000
258.474000,5.200000
301.884000,5.258000
131.276000,5.310000
140.862000,5.326000
173.210000,5.320000
189.079000,5.302000
220.550000,5.298000
244.820000,5.313000
247.930000,5.333000
286.454000,5.263000
303.314000,5.280000
47.407000,5.373000
100.284000,5.373000
117.232000,5.418000
119.418000,5.385000
146.857000,5.336000
159.712000,5.373000
179.698000,5.376000
186.317000,5.433000
196.990000,5.360000
201.981000,5.339000
225.981000,5.360000
232.838000,5.360000
22.019000,5.480000
29.429000,5.458000
41.960000,5.495000
60.055000,5.453000
75.849000,5.408000
79.467000,5.440000
95.429000,5.440000
123.294000,5.431000
127.010000,5.470000
128.838000,5.410000
158.019000,5.470000
203.281000,5.471000
206.990000,5.495000
213.922000,5.429000
218.400000,5.440000
224.307000,5.434000
237.695000,5.445000
242.243000,5.464000
272.059000,5.427000
293.845000,5.423000
306.477000,5.462000
309.008000,5.465000
312.593000,5.463000
7.070000,5.535000
16.114000,5.520000
23.312000,5.528000
28.250000,5.507000
30.857000,5.520000
58.498000,5.543000
61.257000,5.520000
87.278000,5.552000
89.826000,5.514000
115.522000,5.507000
124.571000,5.543000
134.857000,5.520000
170.400000,5.520000
191.941000,5.507000
198.764000,5.507000
229.198000,5.507000
288.504000,5.560000
289.773000,5.531000
0.744000,5.578000
3.542000,5.607000
5.979000,5.651000
8.498000,5.622000
13.720000,5.579000
40.686000,5.600000
72.132000,5.611000
103.179000,5.609000
111.827000,5.611000
121.846000,5.591000
136.884000,5.632000
143.467000,5.633000
183.127000,5.634000
215.979000,5.611000
234.095000,5.600000
252.745000,5.655000
254.895000,5.600000
259.691000,5.643000
270.781000,5.648000
273.175000,5.600000
285.183000,5.647000
291.293000,5.613000
296.703000,5.587000
311.200000,5.600000
18.865000,5.728000
19.962000,5.680000
27.218000,5.658000
33.730000,5.741000
38.476000,5.751000
39.543000,5.680000
44.838000,5.704000
56.107000,5.712000
64.016000,5.707000
70.493000,5.667000
73.388000,5.667000
74.569000,5.685000
120.669000,5.693000
175.390000,5.680000
177.430000,5.658000
209.391000,5.731000
253.731000,5.737000
260.985000,5.754000
268.571000,5.680000
274.704000,5.712000
298.038000,5.720000
14.895000,5.760000
25.774000,5.793000
36.558000,5.778000
46.189000,5.745000
101.447000,5.806000
208.207000,5.786000
210.607000,5.773000
228.040000,5.735000
277.314000,5.742000
278.878000,5.771000
17.295000,5.800000
51.908000,5.850000
57.371000,5.840000
62.705000,5.840000
69.283000,5.898000
82.156000,5.858000
91.140000,5.863000
125.676000,5.816000
130.057000,5.810000
147.980000,5.895000
149.275000,5.862000
169.106000,5.833000
171.657000,5.840000
174.362000,5.840000
217.164000,5.851000
219.426000,5.866000
235.221000,5.829000
236.533000,5.867000
241.103000,5.814000
265.890000,5.846000
275.862000,5.855000
283.010000,5.816000
304.288000,5.897000
9.620000,5.924000
24.268000,5.941000
32.602000,5.948000
35.041000,5.927000
76.890000,5.938000
83.692000,5.898000
118.248000,5.920000
133.638000,5.920000
156.021000,5.907000
163.733000,5.920000
178.531000,5.907000
181.867000,5.900000
221.964000,5.931000
223.010000,5.902000
239.885000,5.967000
250.341000,5.909000
256.246000,5.933000
267.314000,5.920000
292.552000,5.915000
295.145000,5.907000
299.542000,5.926000
307.826000,5.907000
43.356000,6.000000
48.843000,6.040000
49.831000,5.974000
78.231000,6.023000
86.194000,6.010000
88.474000,5.987000
110.878000,6.004000
139.848000,6.040000
150.819000,5.976000
165.240000,6.013000
195.543000,6.000000
199.846000,6.046000
201.181000,6.067000
243.369000,5.987000
245.749000,6.050000
251.564000,6.049000
280.229000,6.006000
281.237000,6.009000
301.009000,6.025000
11.657000,6.089000
65.219000,6.080000
80.571000,6.056000
112.868000,6.120000
138.269000,6.067000
142.210000,6.080000
153.465000,6.067000
154.375000,6.152000
162.476000,6.080000
180.478000,6.102000
184.876000,6.080000
204.821000,6.083000
211.900000,6.142000
262.228000,6.055000
263.469000,6.095000
284.114000,6.080000
53.007000,6.143000
54.419000,6.178000
66.877000,6.215000
92.800000,6.127000
96.748000,6.214000
104.473000,6.210000
107.124000,6.160000
108.457000,6.160000
109.678000,6.192000
128.038000,6.160000
135.910000,6.219000
146.171000,6.136000
161.350000,6.229000
194.196000,6.207000
227.010000,6.160000
244.419000,6.231000
247.429000,6.160000
248.762000,6.160000
264.610000,6.160000
68.038000,6.240000
94.362000,6.240000
105.905000,6.240000
113.964000,6.253000
152.376000,6.261000
160.229000,6.240000
176.381000,6.240000
192.862000,6.335000
214.705000,6.240000
231.351000,6.272000
258.681000,6.250000
116.455000,6.360000
119.580000,6.368000
159.001000,6.378000
166.895000,6.320000
172.669000,6.315000
188.457000,6.320000
189.676000,6.320000
191.048000,6.320000
198.126000,6.352000
213.240000,6.333000
230.210000,6.320000
238.648000,6.338000
257.486000,6.344000
269.829000,6.344000
286.248000,6.368000
287.619000,6.280000
302.615000,6.400000
310.227000,6.309000
99.410000,6.418000
132.505000,6.428000
186.065000,6.408000
187.335000,6.387000
196.710000,6.426000
206.036000,6.387000
220.952000,6.400000
225.122000,6.411000
305.380000,6.423000
312.762000,6.471000
18.043000,6.542000
30.324000,6.520000
131.314000,6.466000
157.600000,6.480000
202.705000,6.492000
288.821000,6.467000
308.966000,6.534000
12.792000,6.568000
22.688000,6.547000
58.226000,6.573000
75.446000,6.573000
84.843000,6.600000
115.087000,6.592000
137.219000,6.640000
141.187000,6.567000
143.409000,6.655000
145.219000,6.590000
223.962000,6.560000
233.126000,6.573000
293.460000,6.618000
311.543000,6.560000
313.942000,6.590000
4.858000,6.625000
10.667000,6.640000
29.064000,6.666000
31.739000,6.622000
45.438000,6.647000
50.895000,6.701000
71.541000,6.705000
79.505000,6.640000
83.022000,6.680000
98.133000,6.640000
123.410000,6.650000
168.288000,6.627000
169.905000,6.640000
171.086000,6.680000
207.221000,6.627000
218.324000,6.600000
237.570000,6.672000
271.560000,6.653000
278.127000,6.660000
1.350000,6.737000
21.486000,6.700000
25.237000,6.729000
26.571000,6.703000
27.771000,6.720000
35.870000,6.845000
37.426000,6.743000
41.964000,6.707000
47.983000,6.707000
59.352000,6.720000
60.512000,6.733000
61.812000,6.703000
72.894000,6.738000
74.379000,6.733000
95.771000,6.720000
100.435000,6.743000
122.131000,6.767000
127.010000,6.750000
134.950000,6.733000
183.945000,6.731000
234.230000,6.731000
254.056000,6.752000
273.981000,6.690000
296.004000,6.778000
6.139000,6.870000
16.520000,6.854000
39.178000,6.823000
117.418000,6.822000
125.752000,6.800000
129.111000,6.833000
173.811000,6.811000
182.744000,6.832000
216.208000,6.789000
229.012000,6.813000
252.686000,6.840000
259.792000,6.845000
272.686000,6.800000
290.057000,6.800000
303.467000,6.770000
3.729000,6.933000
7.414000,6.960000
14.000000,6.897000
20.380000,6.888000
46.788000,6.848000
56.655000,6.946000
70.002000,6.893000
81.295000,6.889000
87.450000,6.867000
90.476000,6.856000
91.810000,6.880000
111.695000,6.889000
124.589000,6.871000
130.141000,6.952000
148.817000,6.893000
177.410000,6.937000
208.648000,6.897000
211.103000,6.891000
235.507000,6.865000
249.563000,6.943000
255.335000,6.869000
263.992000,6.961000
276.403000,6.937000
282.327000,6.885000
291.429000,6.951000
297.465000,6.893000
300.268000,6.887000
306.723000,6.956000
63.390000,6.920000
64.464000,7.023000
86.229000,6.942000
88.800000,7.000000
102.987000,6.984000
140.093000,6.977000
164.406000,7.090000
165.848000,6.985000
195.643000,7.022000
209.867000,6.984000
219.604000,7.013000
240.705000,7.000000
242.324000,6.960000
246.569000,6.947000
256.580000,7.052000
284.875000,7.047000
294.743000,6.960000
298.612000,6.949000
14.993000,7.063000
33.067000,7.040000
34.226000,7.104000
40.346000,7.041000
44.249000,7.049000
55.335000,7.126000
66.009000,7.074000
68.841000,7.080000
76.648000,7.067000
78.188000,7.162000
151.429000,7.016000
155.581000,7.040000
163.315000,7.048000
175.221000,7.053000
181.202000,7.051000
217.288000,7.065000
226.274000,7.037000
227.864000,7.066000
251.282000,7.106000
261.195000,7.048000
262.621000,7.080000
301.699000,7.104000
308.068000,7.166000
2.813000,7.541000
9.034000,7.122000
138.844000,7.192000
147.638000,7.115000
150.116000,7.109000
152.954000,7.143000
156.673000,7.178000
190.438000,7.120000
200.686000,7.120000
201.752000,7.099000
203.869000,7.151000
212.364000,7.109000
214.038000,7.115000
222.743000,7.144000
239.467000,7.120000
243.467000,7.137000
248.047000,7.160000
267.773000,7.152000
275.086000,7.120000
283.788000,7.198000
53.731000,7.223000
67.390000,7.200000
101.772000,7.185000
133.907000,7.216000
146.684000,7.213000
154.303000,7.178000
159.657000,7.269000
167.507000,7.240000
176.267000,7.200000
189.198000,7.187000
191.924000,7.200000
199.295000,7.192000
232.135000,7.213000
266.341000,7.189000
268.933000,7.205000
279.586000,7.279000
280.731000,7.260000
23.589000,7.384000
93.449000,7.312000
110.552000,7.280000
112.845000,7.309000
136.302000,7.330000
142.302000,7.285000
144.268000,7.314000
161.743000,7.305000
180.036000,7.251000
187.839000,7.361000
205.179000,7.254000
245.200000,7.468000
258.122000,7.345000
270.629000,7.280000
99.276000,7.360000
118.666000,7.500000
160.610000,7.330000
172.289000,7.421000
178.781000,7.360000
185.257000,7.360000
186.560000,7.368000
194.303000,7.373000
215.145000,7.373000
265.181000,7.336000
12.145000,7.519000
52.798000,7.494000
104.065000,7.569000
105.616000,8.539000
108.070000,7.463000
109.316000,7.453000
127.848000,7.410000
158.402000,7.446000
196.838000,7.440000
225.250000,7.448000
230.265000,7.427000
43.203000,7.524000
48.858000,7.539000
49.867000,7.520000
84.208000,7.608000
96.783000,7.560000
114.074000,7.507000
206.349000,7.542000
236.876000,7.520000
286.886000,7.671000
292.838000,7.520000
26.440000,7.727000
38.040000,7.640000
94.688000,7.631000
97.870000,7.682000
106.840000,7.599000
168.952000,7.600000
296.629000,7.768000
309.013000,7.917000
312.212000,7.623000
29.928000,7.798000
30.848000,7.697000
71.319000,7.913000
80.305000,7.712000
121.380000,7.819000
122.745000,7.895000
132.839000,7.751000
233.257000,7.656000
285.761000,7.818000
289.500000,7.938000
304.533000,7.680000
307.254000,7.865000
313.315000,7.778000
4.375000,7.924000
13.320000,7.814000
17.367000,7.837000
28.354000,7.838000
35.048000,7.792000
36.857000,7.934000
115.356000,7.811000
116.533000,7.760000
135.229000,7.843000
140.978000,7.849000
145.735000,7.747000
198.002000,7.747000
218.969000,7.788000
277.447000,7.850000
44.969000,7.859000
46.058000,7.808000
47.416000,7.862000
51.558000,7.885000
57.645000,7.903000
59.950000,7.952000
61.909000,7.960000
124.151000,7.949000
207.493000,7.817000
216.533000,7.880000
221.193000,7.869000
223.868000,7.851000
238.097000,7.846000
241.555000,7.883000
252.515000,7.866000
253.514000,7.951000
260.492000,7.926000
290.775000,7.905000
302.762000,7.856000
305.694000,8.035000
310.705000,7.840000
0.533000,7.880000
8.251000,8.051000
22.385000,7.960000
24.453000,7.942000
40.838000,7.960000
54.605000,8.144000
56.133000,8.063000
73.798000,8.521000
75.321000,8.069000
79.325000,7.979000
89.714000,7.947000
91.010000,7.920000
91.505000,7.880000
92.488000,7.981000
125.468000,8.169000
126.590000,7.920000
129.106000,7.968000
131.410000,7.915000
137.676000,7.920000
148.167000,7.985000
157.511000,7.978000
177.867000,7.960000
193.445000,7.914000
278.588000,7.898000
282.818000,8.104000
288.237000,8.031000
294.171000,7.992000
299.640000,7.984000
300.627000,7.977000
5.620000,8.035000
6.558000,8.737000
14.918000,8.678000
21.159000,8.061000
65.524000,8.040000
72.528000,8.018000
82.784000,8.019000
85.583000,8.011000
87.170000,8.072000
100.876000,8.080000
118.048000,8.598000
149.541000,7.989000
166.597000,8.040000
170.362000,8.040000
174.398000,8.034000
209.448000,8.091000
213.067000,8.024000
217.748000,8.021000
228.990000,8.000000
231.275000,8.048000
234.462000,8.015000
259.234000,8.070000
271.351000,8.104000
272.598000,7.997000
273.944000,8.032000
295.546000,8.125000
10.457000,8.134000
32.125000,8.104000
33.942000,8.239000
39.374000,8.137000
41.981000,8.089000
58.866000,8.130000
66.684000,8.067000
130.171000,8.080000
139.588000,8.149000
153.752000,8.071000
165.122000,8.102000
173.373000,8.052000
180.988000,8.120000
182.230000,8.084000
183.259000,8.081000
227.543000,8.040000
235.804000,8.140000
247.543000,8.040000
254.722000,8.336000
269.862000,8.262000
297.631000,8.178000
24.990000,8.160000
88.131000,8.177000
143.352000,8.120000
146.958000,8.251000
150.888000,8.186000
152.389000,8.232000
156.000000,8.200000
162.667000,8.173000
189.774000,8.173000
192.381000,8.160000
200.305000,8.160000
203.088000,8.160000
240.502000,8.229000
244.105000,8.243000
248.781000,8.143000
257.143000,8.120000
261.965000,8.143000
275.771000,8.160000
1.410000,8.240000
81.573000,8.292000
163.849000,8.243000
175.666000,8.333000
191.067000,8.258000
201.658000,8.225000
210.667000,8.240000
214.192000,8.229000
220.135000,8.248000
222.248000,8.280000
226.210000,8.248000
242.639000,8.232000
255.908000,8.752000
263.162000,8.200000
267.211000,8.298000
301.943000,8.502000
19.810000,8.280000
63.898000,8.398000
68.158000,8.392000
161.562000,8.442000
167.868000,8.367000
171.677000,8.361000
184.757000,8.341000
187.238000,8.296000
188.554000,8.307000
194.839000,8.346000
195.936000,8.375000
204.324000,8.375000
250.744000,8.379000
264.508000,8.342000
281.219000,8.848000
284.148000,8.712000
49.815000,8.863000
134.171000,8.471000
179.181000,8.418000
211.907000,8.383000
225.007000,8.449000
232.249000,8.462000
291.984000,8.767000
293.303000,8.627000
77.592000,8.520000
119.460000,8.793000
122.247000,8.887000
160.097000,8.505000
185.981000,8.527000
205.655000,8.467000
60.190000,8.520000
93.521000,8.866000
102.761000,8.675000
124.015000,8.932000
239.274000,8.632000
279.639000,8.616000
18.210000,8.600000
69.027000,8.766000
99.997000,8.618000
110.632000,8.725000
121.026000,8.811000
122.895000,8.600000
136.522000,8.686000
199.010000,8.673000
215.522000,8.629000
230.112000,8.627000
258.179000,8.773000
303.890000,8.993000
3.284000,8.980000
37.889000,8.982000
60.827000,8.848000
104.160000,9.004000
158.798000,8.707000
174.564000,9.038000
245.149000,8.912000
278.378000,8.858000
18.917000,8.870000
25.328000,8.922000
30.570000,8.876000
57.941000,8.838000
80.251000,9.007000
144.457000,8.806000
177.206000,8.861000
237.095000,8.783000
277.333000,8.760000
305.195000,9.025000
4.843000,9.032000
10.807000,9.130000
17.510000,9.057000
44.237000,8.870000
56.827000,8.987000
72.743000,8.966000
96.295000,9.007000
113.537000,9.058000
142.343000,8.853000
246.670000,8.894000
257.275000,9.111000
296.754000,9.113000
298.526000,9.064000
307.778000,9.003000
311.525000,8.886000
312.689000,8.905000
314.112000,8.937000
7.884000,8.983000
8.946000,9.068000
21.423000,9.051000
22.707000,9.029000
27.792000,9.012000
29.213000,9.028000
32.941000,9.019000
35.456000,9.018000
40.288000,8.983000
43.040000,9.065000
47.932000,8.988000
51.367000,9.039000
53.772000,9.055000
59.427000,8.988000
63.272000,9.055000
64.840000,9.059000
66.109000,9.014000
70.348000,9.108000
82.339000,9.068000
83.713000,9.042000
87.913000,9.048000
89.255000,9.070000
91.934000,9.030000
97.665000,9.036000
101.613000,8.982000
125.976000,9.004000
127.359000,9.000000
138.480000,9.051000
141.284000,9.007000
145.654000,9.021000
259.202000,9.135000
269.092000,9.023000
286.335000,9.108000
310.459000,8.982000
12.334000,9.063000
16.499000,9.063000
20.364000,9.051000
31.594000,9.112000
41.451000,9.042000
46.594000,9.042000
52.590000,9.021000
55.415000,9.080000
62.074000,9.080000
67.429000,9.095000
71.454000,9.083000
75.166000,9.077000
76.796000,9.080000
78.089000,9.126000
84.988000,9.067000
86.647000,9.057000
90.571000,9.071000
95.236000,9.049000
109.105000,9.263000
132.207000,9.027000
156.741000,9.027000
217.647000,9.119000
233.357000,9.062000
234.645000,9.094000
236.028000,9.172000
247.938000,9.098000
249.314000,9.140000
252.267000,9.048000
253.377000,9.112000
261.455000,9.054000
288.273000,9.146000
290.713000,9.119000
295.773000,9.115000
299.747000,9.101000
306.399000,9.111000
1.215000,9.141000
45.451000,9.130000
98.937000,9.134000
117.100000,9.161000
129.656000,9.135000
131.010000,9.096000
148.939000,9.146000
162.281000,9.227000
165.831000,9.120000
168.762000,9.120000
238.191000,9.166000
243.118000,9.296000
260.169000,9.211000
267.771000,9.160000
271.827000,9.109000
276.648000,9.242000
294.664000,9.181000
303.024000,9.191000
309.391000,9.118000
107.657000,9.180000
112.078000,9.253000
115.192000,9.340000
128.513000,9.179000
133.314000,9.183000
135.221000,9.215000
137.417000,9.254000
150.362000,9.218000
153.011000,9.261000
154.193000,9.257000
155.598000,9.271000
163.302000,9.265000
172.800000,9.211000
176.259000,9.208000
192.935000,9.218000
195.302000,9.258000
197.680000,9.210000
202.129000,9.258000
207.596000,9.190000
208.613000,9.283000
216.568000,9.176000
227.130000,9.281000
240.705000,9.281000
241.880000,9.179000
254.710000,9.233000
262.722000,9.191000
266.590000,9.209000
270.396000,9.302000
275.449000,9.189000
282.159000,9.235000
282.895000,9.160000
287.733000,9.280000
289.391000,9.262000
301.274000,9.214000
146.629000,9.304000
147.826000,9.293000
151.712000,9.293000
170.057000,9.280000
171.234000,9.438000
180.080000,9.269000
183.866000,9.335000
189.350000,9.293000
191.674000,9.291000
194.303000,9.293000
196.499000,9.340000
200.897000,9.267000
206.273000,9.324000
222.821000,9.262000
224.133000,9.320000
225.679000,9.315000
228.608000,9.351000
263.983000,9.293000
265.332000,9.273000
273.007000,9.267000
274.441000,9.294000
140.040000,9.393000
159.568000,9.418000
164.610000,9.400000
167.107000,9.420000
178.417000,9.413000
181.199000,9.351000
182.494000,9.422000
185.297000,9.389000
188.145000,9.408000
199.807000,9.394000
209.922000,9.373000
219.181000,9.384000
221.562000,9.360000
232.152000,9.440000
250.893000,9.524000
143.415000,9.462000
157.752000,9.440000
160.933000,9.422000
186.763000,9.487000
190.552000,9.440000
203.641000,9.497000
211.217000,9.427000
220.362000,9.504000
230.895000,9.464000
212.381000,9.544000
213.562000,9.520000
214.612000,9.507000
204.893000,9.587000
79.619000,9.640000
68.267000,9.720000
