156.488500,0.038783
157.187800,1.534749
154.899300,0.026825
155.059400,1.115306
158.172900,-0.940396
157.157200,-0.686580
157.881200,0.753269
155.117800,-1.189959
156.229300,-1.625977
156.260800,1.222018
155.783900,2.321516
157.377900,2.513131
156.169200,3.219745
157.831600,3.501145
158.760800,1.654350
158.871100,2.919416
159.870700,1.834289
159.205100,4.160137
160.171600,3.655094
157.906000,4.555328
156.734000,5.368537
156.792500,4.090128
157.723900,6.298831
159.335400,5.772901
160.932800,5.211140
160.318100,6.674758
158.811600,7.036117
158.493500,8.726104
159.894600,8.486085
156.909300,6.999745
155.032600,7.356780
157.807100,7.448710
155.809100,6.345377
156.065400,8.161969
157.128800,8.610810
156.366600,9.295756
155.199100,8.804166
153.655500,8.561938
153.532700,7.401944
151.809600,8.072814
152.416700,9.047864
152.524800,7.257493
151.605200,6.145132
150.767200,7.836495
153.940200,6.031833
152.953900,5.392928
153.979800,4.614902
151.719900,4.221179
152.912800,3.823564
154.193200,2.771478
152.887700,2.261720
151.457400,3.129927
151.903900,1.728719
150.412800,3.128544
149.868900,2.198261
150.230800,4.402315
149.516600,5.310373
150.142500,6.136484
148.563700,4.684478
149.148300,3.455620
147.541900,3.802373
149.070200,1.534195
148.438800,2.438397
147.461200,2.651723
146.444500,2.633204
146.487000,1.258630
146.473500,3.889222
147.515300,1.377602
148.986200,0.150241
147.427900,0.244243
146.284200,0.136959
146.013100,-1.067540
144.976600,-0.246831
145.279300,1.430873
144.472600,0.639133
147.852400,-0.761037
148.795500,-2.291128
146.969300,-2.237957
149.246000,-0.854323
149.984500,0.027032
150.616500,-1.305840
150.116300,-2.407142
149.457100,-3.421951
151.245500,-2.061518
151.161100,-3.626943
150.247700,-4.246116
152.111600,-4.352219
149.708100,-5.534512
151.088100,-5.711373
149.141600,-4.597829
147.565900,-5.089300
148.213900,-3.350197
148.670300,-6.470478
149.957100,-7.708035
147.318200,-7.736880
150.308900,-6.713176
148.513600,-7.681583
147.180800,-6.457074
146.139800,-7.419075
146.564100,-5.657798
144.784100,-8.419047
146.725900,-9.273550
144.866500,-6.856538
145.954800,-6.430524
146.011600,-8.391040
145.082000,-5.894850
143.762600,-6.823831
144.041400,-5.232594
145.806700,-5.041440
144.914600,-3.998211
146.003800,-2.699826
143.342200,-4.470918
146.505200,-4.309158
143.806900,-2.638874
144.927500,-2.382035
143.488800,-1.164293
144.486400,-1.488436
142.670600,-2.358358
142.252500,0.307495
141.945800,-1.639939
141.710900,-0.506474
143.451200,-0.094607
140.685800,0.207208
140.112500,-1.266021
141.083800,-2.254318
141.064300,-3.856152
139.646200,-2.668177
139.620500,-4.370794
138.365200,-2.255633
139.014300,-1.247733
138.652500,-3.896345
139.118100,-5.491588
137.174700,-4.282598
137.426300,-3.262135
137.478200,-5.383345
136.493200,-6.131949
135.985300,-4.815445
138.316800,-6.659527
137.076500,-7.544353
139.623200,-7.688922
140.083800,-5.842211
140.202200,-6.869678
138.218300,-7.754847
137.190900,-8.643862
138.455600,-8.781788
139.704100,-8.908567
141.247400,-7.751650
141.046700,-8.926661
142.702000,-9.133472
143.806500,-8.152555
142.886100,-7.541008
142.297800,-6.305254
142.270200,-4.377238
141.687600,-5.413522
142.913500,-5.361607
141.152800,-6.582714
140.813600,-4.961409
141.954300,-3.396684
143.933300,-3.624446
135.790800,-9.086879
135.929800,-7.418819
134.948000,-5.888281
134.245000,-6.829337
134.789300,-8.577309
132.902200,-8.432040
133.917300,-9.220616
132.216100,-9.222604
133.833200,-7.844552
133.227000,-6.174830
131.969000,-6.139958
134.269600,-4.718737
133.164800,-5.015511
132.160400,-7.425124
132.116500,-5.086783
131.035000,-3.969326
131.037300,-6.487641
132.022400,-3.330738
130.586100,-5.369775
132.946500,-3.722330
133.729600,-2.614651
134.643300,-3.224417
132.930300,-2.010450
131.308100,-1.592235
134.275400,-1.786470
134.071500,-0.468533
132.729100,-0.408874
131.411500,0.776781
133.200000,1.206080
130.879500,-0.528639
134.437300,0.467589
134.938800,1.645176
135.473600,0.599799
135.106900,-1.123670
133.796000,2.212866
134.870800,3.021474
132.542300,3.531984
132.674500,2.056295
131.928400,2.689976
134.167800,3.794387
133.615400,4.824784
134.352600,5.557902
135.687200,4.639106
136.993100,3.738167
136.587900,6.196059
136.288800,2.976537
137.292800,5.490785
135.374900,5.684075
137.626000,4.499168
138.716000,3.006379
139.106700,5.008245
139.285900,3.847716
137.972600,6.323228
137.576200,2.734344
137.016300,1.818500
138.065600,1.209231
137.350300,0.293487
139.521500,-0.047535
136.495600,0.810746
139.690700,0.987968
138.294500,-0.016960
139.051700,1.883575
140.059300,2.118245
141.871400,1.687584
141.088400,3.287460
140.702000,4.910390
141.707400,5.026762
142.526900,4.164291
142.422600,2.919707
142.930500,1.932430
143.388300,3.504577
143.788500,2.486847
141.041400,2.265741
144.961600,3.807984
145.047900,2.379830
144.319300,5.552795
145.340500,5.321080
143.523700,4.728222
143.510700,6.279826
142.507400,5.638980
142.452900,6.746444
141.460900,6.720597
143.395800,7.310605
140.647200,5.924560
139.667400,6.247478
139.381300,7.391374
140.306700,7.824275
138.869800,8.580579
140.224600,9.023969
141.355800,9.294505
142.151600,8.035649
143.014200,9.011655
143.982800,8.287303
145.882400,7.856862
144.401000,9.335639
145.538100,9.279044
144.489400,6.742536
146.047200,6.175894
144.979900,8.459661
146.501400,8.792529
146.841300,7.327998
148.077000,8.786725
147.887700,7.718215
148.001300,6.411165
149.021300,7.344665
149.677400,8.318086
149.124600,6.225583
147.479400,5.262667
146.389900,4.903311
151.072600,9.056880
149.607800,9.382306
147.018300,6.279760
137.140800,7.879848
137.993500,9.436461
138.074600,7.318379
136.980800,8.881587
135.903500,9.063901
136.033800,7.718085
135.214600,7.107375
134.515900,7.884572
134.778000,9.168332
133.519200,9.216313
131.997400,8.288167
132.795800,7.474536
132.062600,9.362321
130.217900,8.768384
128.448100,8.226350
131.045900,7.085597
129.647800,7.941607
128.875200,6.433691
129.918700,6.287345
128.175200,9.185647
127.806800,7.351714
126.226600,7.245109
126.885200,8.932130
127.287100,5.884037
128.668800,4.852426
126.858500,4.479736
125.638500,6.174164
126.226000,5.333387
124.878800,5.396614
125.648400,3.587473
127.126100,2.341576
125.660200,1.795352
123.954000,2.924318
123.957400,4.296342
126.855300,3.311075
128.621200,3.059690
128.031300,1.782861
127.809100,3.985942
125.443200,4.560621
129.279900,3.968166
130.433300,5.256853
130.567100,3.369988
131.190100,4.180571
129.243500,2.067065
129.376400,0.795073
130.232500,1.588512
130.333200,0.526927
128.599300,0.169616
129.364600,-0.612814
128.377500,-2.102587
127.834200,-1.240287
129.527300,-1.626340
130.878300,-2.797305
129.777100,-2.671123
128.676800,-3.147475
128.916200,-4.619923
127.742400,-4.687060
129.758700,-3.970153
127.435100,-2.653016
126.446600,-2.761589
126.669200,-4.064153
126.090600,-1.458651
124.405200,-1.079162
126.616900,-0.056717
125.357000,-2.888581
125.468000,0.139664
124.482700,-2.176344
124.108800,-4.057233
123.302700,-1.336718
125.179500,-3.865094
123.446400,-2.457695
121.991000,-3.501564
121.670000,-1.667539
121.130000,0.088717
120.505500,-2.951263
120.253400,-1.476848
121.964300,-0.498108
122.646500,1.221845
123.114700,0.166775
120.109000,-0.485003
118.698100,-0.521066
119.519400,1.080061
118.889500,-1.756506
120.749200,1.241176
120.633100,2.537978
122.269500,2.159805
119.613700,2.651277
121.551900,2.932796
122.589600,4.471271
120.334500,3.675457
122.578300,3.470233
123.250600,2.157349
120.932000,4.636835
120.369600,6.451491
119.848400,4.868114
122.114200,6.017559
119.185700,3.816878
120.956300,5.666677
119.377500,5.744603
117.546500,5.908891
118.388600,6.408579
117.679900,4.836540
119.374700,6.768678
118.691100,4.775702
116.802300,4.291981
118.357700,3.037457
116.987900,3.214871
117.907700,2.118511
117.175900,1.146043
118.153200,0.549811
116.874400,2.150463
115.591900,2.076582
115.750800,3.555704
116.232300,0.429606
116.113400,-0.563423
115.220600,0.781885
115.134700,-0.807912
114.529700,-0.015533
117.330600,-0.342106
116.818700,-1.247092
117.643800,-1.774324
117.241500,-2.957717
115.955700,-2.317403
114.792300,-1.953102
115.563800,-3.873900
114.525400,-3.615083
116.815900,-4.017194
115.875700,-5.565749
117.606200,-4.993741
118.647000,-3.580924
117.070900,-5.852201
115.135000,-4.778761
114.325700,-6.159729
114.062500,-4.985259
112.904300,-6.444976
113.086900,-3.584311
112.202500,-5.369089
111.511600,-4.611098
111.899100,-6.698611
110.717100,-6.317163
112.984800,-4.661518
110.307300,-5.267965
109.193800,-4.102349
109.015400,-5.964899
110.105100,-3.470636
111.121600,-3.583696
108.431500,-4.762378
109.677600,-6.683013
109.568300,-7.808243
110.789900,-7.694890
107.798800,-7.111968
108.559500,-7.855158
107.062200,-9.007908
108.521500,-9.207279
110.006800,-9.118266
106.701400,-7.372694
105.582400,-8.131429
106.217900,-6.404133
107.880300,-5.871227
105.218100,-6.886372
107.624000,-8.145689
104.347700,-5.810250
105.296200,-5.230590
104.006400,-8.221436
106.311300,-5.329895
103.527100,-6.510513
102.483400,-7.772798
102.748600,-4.785353
102.633200,-6.045868
101.909300,-6.976623
101.423000,-8.818643
100.602200,-6.774261
100.651500,-7.913280
101.457000,-5.689298
101.655500,-3.827014
100.565500,-4.595518
100.252900,-5.583729
99.614940,-6.323253
98.404080,-6.258173
99.327370,-7.991264
99.094760,-5.002390
98.823190,-7.151952
98.377990,-8.610415
97.265790,-8.260907
96.071320,-8.036778
97.307270,-6.688505
95.791430,-9.082569
97.194570,-9.247319
96.288940,-7.051375
95.702870,-5.922090
95.101030,-7.210558
96.543900,-5.267297
97.816700,-5.153709
94.806320,-4.773442
97.018630,-4.082148
96.064900,-3.441469
94.903160,-2.468225
95.587090,-1.634073
96.665950,-2.494197
94.227610,-3.380168
97.939910,-3.300775
95.934070,-4.409663
98.998260,-3.318789
98.370830,-1.702875
99.514590,-2.149688
97.311770,-1.621335
97.274220,0.168738
98.484340,-0.090167
97.704760,1.549747
99.308240,1.420385
99.340550,-1.023522
96.593070,-0.534212
100.333500,0.380713
101.497800,0.390707
100.558500,-0.843898
100.369000,1.550908
101.024300,2.451093
99.198140,2.990211
100.233900,3.256095
102.195400,1.525211
102.019200,2.512733
101.906800,3.683598
103.211400,2.452277
102.650200,4.341784
102.951100,0.866583
104.000300,0.422815
102.521400,-0.336710
104.236400,-0.526171
106.040700,-0.719945
105.543200,-1.591279
103.855500,-1.944418
105.173400,1.110466
102.828000,-1.872113
105.099600,0.038610
106.099600,1.625301
104.057700,1.447987
106.752700,0.440066
107.646600,1.761162
107.458700,-0.389609
108.535100,0.860097
109.648000,1.663515
109.900400,-0.227630
108.664500,2.091540
108.453500,-0.331119
109.247700,-1.003741
107.846900,-1.501921
108.628900,-2.407170
106.644700,-1.530583
107.241100,-2.938048
105.640400,-2.688440
105.730300,-4.137147
107.366900,-4.321036
108.352900,-3.354735
109.597100,-2.207582
110.856300,-2.083320
112.087800,-1.856454
111.184300,-0.311013
112.277100,-3.037070
113.803100,-2.630626
113.015800,-1.512077
112.335300,0.150917
113.809700,-0.773825
113.582000,0.625807
113.368000,1.987165
112.335000,2.085513
111.956800,1.091810
110.661300,0.750071
111.143600,2.676512
109.631900,3.087893
112.823500,2.977293
110.709200,4.553722
111.890700,3.325800
110.607700,3.553178
111.008200,1.678475
111.832100,5.023465
109.631800,4.208167
109.934700,5.203435
109.486300,6.272516
108.591200,4.107057
110.671900,6.768521
108.416300,5.889051
108.073800,4.963644
107.326800,6.684402
106.611800,3.835102
107.715700,3.484325
106.274600,4.788414
106.895100,5.681455
105.182200,5.764494
105.736100,7.180732
105.249700,4.789833
103.846600,3.911077
104.957500,3.774498
104.154500,5.299938
103.388200,7.016410
103.305300,5.822183
104.372100,6.509469
102.321800,5.758820
101.070800,4.337387
101.850000,7.410560
100.826000,5.510368
101.407700,6.351116
100.922700,7.801633
100.295500,6.667092
99.217640,8.010243
98.689390,5.613662
99.856110,5.269769
98.891620,6.991675
97.797810,8.300954
97.677940,6.787669
96.200650,6.972121
96.691640,8.206960
97.540120,5.020955
96.348070,5.962575
94.947620,5.931248
96.325510,4.924204
94.940250,7.053281
95.113720,4.616346
96.949130,4.131935
96.821750,2.187750
97.910400,3.820124
97.321430,3.032598
98.683620,4.577583
95.380040,3.564445
96.345690,3.096639
95.655710,2.160435
95.381700,0.481909
94.553140,1.692304
94.052900,2.745532
93.184490,4.319489
93.004880,1.819401
93.832230,0.972499
92.405420,3.490530
94.174900,3.741711
93.870220,5.335370
93.756680,7.022660
92.466270,6.288435
92.480040,5.093464
91.122480,4.290808
91.297630,5.699468
90.439740,6.221648
90.986370,7.288081
89.395770,5.991074
90.297800,4.910655
92.394620,7.263394
93.382440,8.706311
91.475660,8.699227
90.232830,9.286222
89.948780,7.809106
92.398130,9.385541
88.545210,7.396531
88.504550,8.545278
87.172760,8.875493
87.559650,7.048850
87.019880,5.628633
85.772000,6.452325
85.961400,7.777789
88.075900,5.331395
86.635120,4.085912
88.501370,3.770829
89.068050,4.761360
87.637050,4.434433
88.333580,6.340383
90.112820,3.235391
91.598080,2.435301
88.849130,2.585552
90.359310,1.940045
88.839900,0.859052
91.333240,0.833521
90.490500,0.099072
89.172780,-0.754466
89.980420,-1.678787
92.313290,0.122284
91.805080,-0.841331
90.986470,-1.380252
89.648360,-2.737593
90.658550,-2.822083
92.863490,-1.276187
91.827680,-2.664442
93.163340,-2.399790
92.423230,-4.001141
91.276500,-3.769155
91.499470,-5.688155
90.493390,-5.112417
89.998660,-4.178680
88.894660,-5.101029
88.154670,-4.064086
89.004620,-3.530328
87.257270,-3.159681
88.423710,-2.002908
86.563960,-1.575807
88.222420,-0.993663
87.239980,0.518568
86.449490,-0.364033
86.400270,1.135900
85.592720,-1.238011
85.345160,0.341325
84.848850,-0.587858
83.155050,-0.979566
83.953350,0.203597
84.145650,-1.874902
85.220010,-2.334227
86.345660,-2.549400
85.676720,-3.710880
84.261300,-3.961505
84.147620,-2.871453
82.514590,-2.214894
83.082730,-3.202935
83.392600,-4.587549
82.281080,-4.014860
81.730030,-4.825901
82.315100,-5.627523
84.176610,-5.551436
85.326270,-4.844507
83.771860,-6.463003
82.761550,-7.165522
85.481650,-7.161337
84.262080,-7.748434
85.101320,-8.416780
84.117290,-9.136172
82.587130,-8.446602
81.188020,-8.789306
83.060360,-9.313064
81.357010,-7.539560
81.944760,-6.626496
81.009090,-6.268781
80.248220,-6.980947
78.752350,-8.165524
79.611830,-8.819476
80.229550,-5.111998
79.883000,-6.073167
78.496060,-6.543091
79.682170,-7.798633
77.824550,-7.256990
78.357990,-9.203362
77.232910,-9.060025
75.315640,-9.001956
76.139400,-7.896786
76.268010,-9.225540
75.099560,-8.016141
74.134720,-7.292170
74.810130,-6.229611
74.226820,-8.812155
75.773320,-6.794679
73.187750,-8.368517
71.402150,-7.775383
72.445750,-6.880805
71.985400,-8.740857
73.544850,-6.489271
71.627660,-6.342639
74.422290,-5.016401
72.331440,-5.219825
73.234200,-4.673784
71.869370,-4.249855
74.174040,-3.069213
72.869080,-3.407540
73.546680,-2.148849
71.944370,-2.537954
73.979800,-4.030658
70.944930,-3.102999
69.922240,-1.808786
70.507840,-4.025628
71.124110,-1.297073
69.301100,-3.272983
68.197490,-2.944771
68.805340,-4.647874
67.808860,-4.218114
68.916600,-2.041284
67.267810,-1.733421
69.062880,-0.395375
70.101700,-0.578751
67.924250,-0.804878
67.616960,0.227951
66.654090,-0.913019
66.474430,0.240431
65.819820,1.916792
65.585660,-1.254743
64.875590,0.264829
67.329570,1.876392
65.052600,1.274554
64.074380,-0.412070
63.446870,2.315705
63.716980,0.562652
64.462730,2.833160
66.211300,2.826878
66.540820,4.579470
67.459470,3.257460
65.654010,3.752584
64.714870,5.001847
63.892520,4.123507
62.355290,4.693934
63.600450,5.367065
62.952010,3.162686
61.497580,3.428418
62.667550,1.301498
61.626950,2.034927
61.636020,0.974055
60.420850,3.299504
60.461440,1.022357
59.771530,2.138208
58.478870,3.482993
58.492630,1.654467
59.223590,0.475892
57.536690,-0.388323
59.485860,-0.755954
57.318050,0.656092
57.362010,2.052883
55.910210,1.546265
56.220590,-0.060489
56.769980,-1.023430
55.214470,-0.809783
57.766480,-1.610262
56.893230,-2.603097
55.618810,-2.354426
54.236610,-2.591323
55.320050,-3.838397
56.739350,-3.746663
58.424820,-3.577049
57.289770,-4.842597
55.947070,-4.766743
54.618210,-5.872955
56.712410,-6.519520
55.967780,-5.873606
54.910360,-4.870186
53.370250,-5.311731
54.071910,-3.604005
52.287140,-4.121757
52.438290,-2.567059
53.035220,-1.339404
51.070180,-2.878971
51.364950,-1.674723
52.162690,-0.804412
50.993910,0.186244
52.781800,0.952474
50.371780,-0.716688
53.995030,-0.187479
52.920430,-0.068123
51.721730,0.978134
50.113120,1.066039
51.012640,2.521731
52.778130,2.302400
53.341900,3.539050
51.589130,3.710969
54.144250,2.304548
53.731950,1.281554
55.014870,1.067783
55.490790,2.441748
56.396140,4.086896
55.421480,4.333544
55.187580,3.386341
53.933630,4.675443
56.630540,3.078436
52.475760,4.719069
54.995360,5.412745
53.792760,5.825960
54.847270,6.382100
52.503590,5.730815
52.776860,7.639901
51.513070,5.942312
51.869010,6.906358
50.889060,5.121881
50.207440,6.292967
50.111390,4.032840
49.329460,4.916733
48.082970,6.026549
49.437200,3.108616
48.113460,4.583536
46.973540,4.333647
46.871380,5.384650
48.089390,2.680778
46.879610,3.123080
46.749650,1.845635
45.828390,3.608320
45.495910,2.045802
45.206250,0.435951
44.420960,2.770801
46.231490,0.248303
43.679280,1.763073
44.097030,0.811681
44.819810,3.866599
45.186780,5.183117
43.946490,5.228387
43.774830,3.805837
42.767770,4.552951
42.545520,3.402620
41.623480,3.812150
42.215240,2.261478
41.165410,2.081631
40.665890,3.316483
41.645530,5.016991
43.374500,2.746751
42.803240,1.041949
43.161590,-0.697634
42.109830,-0.622988
41.656680,1.014341
39.931190,1.792534
40.194990,0.012936
41.063770,-0.743337
39.172570,-0.630185
40.775350,-1.794188
42.247580,-2.144936
43.921430,-2.101747
41.897120,-3.427636
43.500750,-3.593376
43.533900,-5.185962
41.964040,-4.586470
44.790670,-4.577581
45.345310,-3.472686
47.219790,-3.572852
44.368420,-3.105853
45.516750,-2.389200
46.258850,-4.726360
46.848670,-2.254097
48.140470,-2.406780
47.089030,-1.208967
48.448700,-1.390825
45.350710,-1.260079
44.225130,-0.506773
49.693810,-2.844057
50.031550,-1.813714
49.220470,0.348845
48.200980,-0.190825
49.081770,-0.619886
48.225510,0.801301
49.216550,2.119412
47.236810,0.536832
48.203370,-4.058598
50.102080,-4.602261
49.102410,-4.481735
51.298570,-3.835079
51.403590,-5.348580
50.782310,-6.779843
52.447000,-6.194160
51.872590,-7.232892
49.962100,-5.669041
48.382330,-5.174975
49.189020,-6.974978
49.936090,-8.402357
48.791020,-8.310343
47.842890,-7.869837
48.590270,-6.172626
47.484620,-6.567621
50.797880,-7.848807
51.975060,-8.417560
50.347830,-9.326193
53.404030,-7.717237
53.516960,-8.949578
54.495430,-8.325439
55.372400,-9.288899
56.834970,-8.351622
55.626330,-8.325062
54.841520,-7.148859
53.727900,-6.581360
55.844760,-7.287253
57.887920,-7.842363
58.339640,-9.343415
59.428610,-8.709384
59.293140,-7.158408
58.261670,-5.945897
60.053430,-6.237151
58.785130,-5.049650
60.644740,-4.494987
59.394070,-4.236863
59.829910,-2.771854
58.525930,-2.502437
59.905050,-5.249476
60.831280,-3.426135
62.342230,-4.022201
60.843670,-2.270007
62.624230,-1.567649
60.489550,-1.094445
61.608570,-1.254632
62.463420,-2.642925
59.740730,-1.751569
63.613860,-1.968573
63.524390,-3.533267
64.354550,-2.849689
64.703890,-4.427982
65.553890,-3.690942
65.922590,-2.650004
66.948100,-3.010636
66.362400,-4.320227
65.012660,-5.603336
67.270530,-5.060529
66.137520,-5.613258
67.427310,-6.518509
65.225930,-6.855340
65.357520,-8.104332
63.471930,-6.026818
66.365430,-6.846759
63.966070,-8.028337
62.199860,-7.481662
62.949860,-9.084021
62.148290,-8.477251
65.250310,-9.172503
64.072480,-6.983961
62.369750,-6.496230
61.694900,-5.499886
61.292860,-6.668601
61.049190,-7.880778
60.541600,-9.154090
60.013710,-7.816626
66.141880,-8.734577
67.086020,-9.182585
68.120160,-9.235638
68.014110,-8.176990
67.021370,-7.629378
69.451680,-6.933320
69.212150,-8.428784
68.490360,-6.603052
69.860720,-5.533420
69.982760,-7.781758
68.254920,-5.464128
70.670830,-9.111374
70.625730,-6.380086
71.325910,-5.263519
63.990140,-9.052362
63.125770,-4.903520
62.538880,-0.422326
60.748550,0.088034
57.297810,-9.228531
46.230180,-7.303164
47.323060,-4.855906
46.892250,-8.283948
45.739900,-8.172660
47.448810,-9.235925
45.425440,-9.209202
45.159170,-7.362195
43.739420,-8.474030
42.538670,-7.800168
43.227230,-6.835787
41.865390,-8.828042
44.422080,-9.270834
44.132960,-7.479847
42.905570,-9.167671
44.580560,-6.144451
45.653080,-6.302629
46.646050,-5.624702
40.389050,-8.969748
40.841710,-7.658413
40.005770,-6.530948
41.420930,-6.324143
39.201910,-7.968187
38.649920,-9.168218
38.379070,-6.231806
37.991640,-7.596364
37.677750,-9.029419
36.277130,-7.692332
36.512560,-8.983708
34.735980,-8.214452
34.643670,-9.329575
33.190210,-8.549358
33.875390,-7.574508
32.203250,-7.116331
33.184700,-6.797832
32.073290,-8.289082
35.069450,-6.034535
33.865910,-5.746468
34.973660,-7.182389
36.010060,-6.318174
37.012090,-5.209815
35.700480,-4.588243
37.155020,-6.429323
34.761890,-5.060312
35.713200,-3.603393
33.449680,-4.440946
34.334040,-3.273102
33.566740,-2.624088
32.736230,-3.228745
35.082700,-2.513793
34.668200,-1.492130
33.473460,-0.606676
34.950970,-0.399567
36.545050,-1.283209
33.276790,-1.665536
35.941010,-0.508932
37.532750,-0.076713
35.990910,1.435356
37.453700,-1.725041
36.584540,0.597523
35.451680,0.513322
34.173290,0.314892
34.973170,1.497510
35.820320,2.398218
37.601550,2.171399
34.561760,3.397507
37.059900,3.727530
33.988400,2.577156
35.801570,3.740923
35.255590,5.535857
36.420760,5.584716
35.345300,6.596938
37.121760,6.584472
36.516400,7.528708
37.916200,5.602138
37.575810,4.615088
38.553390,3.899353
35.897830,4.755865
34.976220,4.296664
34.013340,4.794653
32.423970,5.651417
32.735650,4.537205
33.466560,6.168894
33.584080,3.777199
32.427670,3.602682
32.883310,2.537930
31.437970,3.382494
31.349140,2.104922
33.255380,0.839109
32.261230,1.095191
30.652610,0.242430
31.634090,-0.390378
32.627590,-0.086911
32.172100,-1.430303
30.505140,-2.234690
31.242420,-2.911694
30.371950,-1.089641
28.804410,-0.669216
29.555730,-2.687851
29.429400,0.179139
29.114700,-1.689018
28.018190,-1.828978
28.501770,-3.039705
27.417870,-0.859009
27.987640,0.283200
26.289250,-1.678452
25.675260,-0.004322
26.901440,0.317575
26.874380,-2.562723
25.144280,-2.587713
27.239970,-3.766681
25.766650,-3.637426
24.612700,-3.812273
25.829130,-4.673661
24.768450,-4.899485
24.094370,-2.934352
22.277270,-2.538424
23.551730,-4.773516
23.435290,-2.193965
22.792100,-3.787201
24.931930,-1.214075
23.777550,-1.040870
24.115220,0.506337
22.152530,-0.989553
23.098670,0.524257
23.419860,1.671454
22.422390,2.028379
21.703660,-0.003873
24.508430,1.650241
21.464960,1.281609
19.816400,0.548741
22.170840,3.091053
21.264550,2.411393
20.222100,1.728866
20.784720,3.403126
19.399150,2.390760
18.554820,1.878278
18.751380,0.626723
17.216470,1.637862
18.324890,-0.322140
19.357380,-0.491036
17.663950,0.494246
16.030810,1.537106
15.881650,0.394293
16.656040,-1.115422
16.525960,-2.276871
15.265010,-0.372719
18.117960,-1.419659
17.630420,-2.733822
15.634800,-1.606289
13.785840,-1.851861
14.932820,-2.654120
13.572480,-3.504958
15.325920,-4.177240
14.605210,-1.282921
16.548910,-3.715924
16.196760,-4.636815
17.476250,-4.289262
16.831360,-5.562716
15.081900,-5.795670
18.197860,-5.055742
17.138990,-7.355254
16.204220,-6.636278
18.636200,-6.210489
17.551160,-6.299503
19.219660,-7.071220
20.833410,-7.641469
19.074280,-8.444879
19.645350,-5.629747
17.951050,-8.214264
20.774850,-6.597136
20.180890,-8.721094
21.139710,-9.364030
21.814030,-8.398701
22.790170,-7.257091
23.539770,-8.350130
21.781870,-6.917572
23.049090,-9.205540
24.358780,-9.275169
25.582670,-7.817139
24.130830,-7.488276
25.527290,-9.170360
27.140260,-9.168275
27.024770,-8.123534
27.158070,-6.752088
28.209780,-7.958748
28.230180,-9.196209
29.784460,-9.334282
29.255750,-8.329968
30.149200,-6.702822
30.784750,-8.102593
29.061960,-7.182990
30.790410,-9.345846
32.067280,-9.366577
28.576060,-5.915167
30.118720,-5.665064
30.961680,-4.751383
29.401320,-4.807430
31.786240,-5.410766
30.185210,-3.857064
31.309740,-6.400233
28.348550,-4.859788
27.033240,-5.131396
25.742620,-6.357833
24.602770,-6.227604
23.661540,-5.815975
22.110950,-5.707294
20.754810,-4.626872
21.082440,-5.578743
21.769990,-4.588957
20.539070,-3.121253
19.486730,-3.766996
19.180880,-1.962007
21.080640,-1.346025
18.736730,-3.017634
20.218760,-2.110985
20.416050,-0.482256
21.505380,-3.580986
32.123450,-4.237789
32.877630,-5.274181
17.473470,-9.116022
16.258510,-8.634235
15.182580,-9.055478
15.309670,-7.952872
14.090440,-6.787941
13.927700,-8.097118
12.892320,-6.874333
12.878790,-9.302243
14.122110,-9.135397
15.111200,-6.775571
13.959340,-5.780421
14.006870,-4.790129
12.496630,-5.712191
12.981480,-4.793001
11.443730,-3.735727
12.724430,-2.875153
11.730580,-4.964098
10.216720,-5.506559
10.347420,-4.075900
11.518950,-6.762086
12.483750,-3.861566
11.707830,-8.580844
9.624722,-7.197033
10.360120,-8.046746
12.608240,-8.102333
10.084990,-9.229968
10.536910,-6.759932
8.700925,-9.005936
8.722711,-7.915046
6.986440,-8.279677
7.385804,-9.331244
6.016984,-9.230549
5.951552,-8.090749
6.062627,-6.685714
4.898924,-8.774523
4.492441,-6.837689
7.279708,-6.701958
4.084559,-8.211024
3.554923,-6.533596
2.857164,-8.501211
2.656690,-7.425576
1.362987,-8.670281
2.799215,-5.708016
2.066249,-6.436558
0.861044,-7.457194
0.184405,-5.847996
0.120066,-4.540682
1.165175,-4.776291
2.360449,-3.921054
2.248451,-4.901199
0.602442,-3.013283
1.617624,-3.185568
0.782860,-1.357877
2.396866,-2.527246
3.268860,-1.298399
3.866987,-3.735702
3.533972,-2.436032
2.171594,-0.713667
0.745648,0.394910
3.935417,-0.165427
3.241970,0.648868
1.918741,0.294802
2.136391,1.276994
0.820914,1.595355
1.462819,2.610681
0.826585,3.372493
0.305139,2.475499
0.028513,4.077394
0.298114,5.871190
1.739760,4.168493
1.518884,5.304973
1.659378,6.367967
3.339744,5.774446
2.507515,4.882410
3.060086,3.611008
2.738686,6.770690
3.985101,4.180129
4.984629,4.626966
5.018434,3.242983
4.574919,5.538104
4.023481,2.839890
5.900097,4.012696
2.776966,2.649497
3.985461,1.857561
5.439984,2.040715
5.339174,0.718570
5.522245,-1.049587
6.585348,1.402833
6.540807,0.318471
8.080926,1.102087
7.943261,-0.450528
6.559517,-0.898712
8.151227,-1.926061
5.970827,-2.297092
7.124147,-2.572314
5.793674,-3.561672
7.070633,-3.899984
9.007023,-2.941281
8.990358,-4.123359
10.333960,-2.238747
9.643295,-1.290389
11.248080,-1.687626
9.217490,-0.181173
10.211770,-0.221799
11.907950,0.102928
10.383630,1.585082
9.440965,0.790132
8.741241,2.314279
11.149640,0.843644
12.853990,1.179847
11.766910,2.280478
12.757060,2.816360
10.989460,3.000776
11.542830,3.916046
9.925129,2.561360
13.608050,2.272115
12.706360,3.978293
13.467190,4.866280
11.372920,5.062884
14.551370,4.009426
12.465740,5.005159
12.538660,6.773967
13.688130,3.498002
11.253310,6.169177
13.775770,6.100762
14.561440,6.849980
15.197110,4.817623
15.181690,6.055712
13.089430,7.667468
11.571930,8.382306
12.402580,9.038621
14.398020,9.082086
14.539210,8.033875
15.626140,8.561332
15.777380,7.098706
16.595380,8.041522
17.058360,5.865861
17.576200,7.825084
16.791080,6.992873
17.962080,6.774474
17.735380,5.133188
19.466550,6.181209
19.573890,7.425960
18.584690,8.034230
18.496380,5.940076
18.089920,4.149435
19.628160,4.667591
21.039060,5.679980
18.925750,3.343086
21.309750,4.539486
22.822410,5.103639
24.114650,5.774492
22.557530,6.189081
22.475580,4.147843
24.129860,4.482877
23.190110,3.191712
23.482740,6.665299
22.975040,8.457894
24.480330,6.812476
24.378870,8.289897
21.736580,7.286082
21.069510,8.050162
20.466350,6.996461
20.978350,9.062968
22.047090,9.014838
22.834340,7.432034
23.479150,9.332215
25.221850,9.193440
25.889680,8.401687
26.513790,9.265639
26.308450,7.375089
27.584490,8.076066
28.059200,9.283656
29.163020,9.384736
29.378200,8.409322
30.585320,8.012567
28.590300,6.954652
29.891440,6.782521
30.833140,9.337291
32.410080,9.267520
32.049870,8.212129
31.559310,6.570148
33.409640,9.006482
33.141760,8.018582
33.898110,7.246844
34.661150,8.825629
35.951830,8.473622
35.299230,7.689525
36.941100,9.259137
37.560410,8.398080
38.599070,8.166986
38.647210,9.338132
38.340170,6.897300
39.404540,6.594771
39.089920,5.261753
40.009850,7.763890
40.503090,9.098334
41.581570,8.100587
40.346830,6.331238
41.074170,7.057052
42.486530,7.172339
40.394150,5.302905
42.304470,5.862937
43.710200,6.315879
43.895120,7.701945
44.999400,7.523826
45.215140,6.251930
46.443650,7.679782
46.986940,6.394808
48.890250,6.787959
48.110070,7.386624
49.518910,7.664451
47.364600,9.113519
48.956380,8.965562
48.108400,8.421748
50.017630,9.173612
50.344340,8.244601
51.391640,8.044856
51.739940,9.201056
53.626970,8.783502
55.025370,8.318219
54.130730,7.154389
55.356540,9.343747
56.036570,7.577191
56.403020,8.910275
56.943280,7.089475
57.541140,8.764089
59.275380,9.034219
58.348950,7.172788
59.196480,7.788379
58.947830,5.922931
60.355460,7.602256
59.883740,6.578190
60.404170,8.679955
61.808700,7.913680
61.613060,8.899545
61.378600,6.986831
62.866860,8.908086
63.802650,7.262662
63.962680,8.568639
62.790820,7.128715
64.783770,9.115941
65.138260,7.828113
66.209330,8.700105
67.778590,8.611728
67.123350,7.740117
66.837030,6.768458
68.814780,7.808393
70.162410,6.416347
67.995600,7.003377
70.081540,9.227872
69.920180,8.176890
68.673600,9.403354
68.927100,5.949132
70.688020,7.474185
72.118250,7.888236
71.427260,8.957763
71.444590,6.262324
70.185650,5.275999
72.900900,5.458311
71.844870,4.931195
72.655180,7.069827
74.036870,7.201291
73.672870,8.135476
72.945350,8.977704
73.963750,5.640354
75.460660,5.831843
74.975060,4.712471
73.505810,4.523935
72.806010,3.828727
74.385960,3.627307
73.366330,2.779285
73.759390,1.233930
71.628510,2.499314
74.563320,2.035765
72.293500,1.437458
72.573280,0.195857
73.737440,0.184510
71.241870,-0.055090
70.861000,1.406595
69.206910,1.699923
70.203870,2.278829
70.234360,0.468843
69.220340,0.686500
70.538410,3.298604
69.549730,3.751863
68.261090,2.287477
68.137290,4.458744
69.150710,4.717581
71.027810,4.225605
69.099930,2.834777
68.137020,1.248128
67.559970,5.800191
66.555230,5.731879
65.151080,6.788758
64.184290,6.251015
72.657410,-0.895257
74.434320,-0.958281
75.149200,-2.342930
75.278630,-0.137320
74.806200,0.931457
76.574970,0.748828
76.257950,2.179019
76.896540,3.274039
77.809310,1.250664
75.782810,3.075100
77.436530,2.248235
77.752290,3.988702
78.399270,2.809393
79.153500,1.449702
79.149940,0.160454
80.364280,1.705053
80.322290,0.165109
80.250450,2.780756
80.898340,3.609386
79.249120,4.299099
81.475230,1.454585
81.884010,3.718864
81.409920,2.504782
80.359080,4.558242
81.622440,5.182268
80.203140,6.418411
79.592280,5.641486
78.834640,6.456964
77.696000,5.429399
79.384190,7.327165
80.249840,8.966891
78.269040,7.899676
78.702610,9.050517
80.327520,7.611773
77.621230,6.869727
81.319630,7.392581
82.119260,8.811942
83.195130,7.371776
81.932610,6.613427
83.758010,6.211068
83.998830,5.011277
84.900020,5.733107
84.755930,7.447007
83.226900,4.351335
82.552300,5.634583
82.438640,2.604731
83.485320,3.110630
85.087750,4.425215
84.494410,3.360226
85.609730,1.900916
85.389380,2.877547
83.776210,2.133916
84.775240,1.138842
83.347290,1.106045
82.160390,-0.007079
81.265680,-0.578453
80.714290,-1.774580
80.244160,-0.822034
79.520320,-1.567898
78.682190,-0.871236
77.971690,-2.015810
77.070370,-0.278837
79.032850,-2.627992
80.065590,-2.995927
79.098270,-4.138146
77.593040,-3.036416
77.998410,-4.041078
76.766750,-4.619856
76.493080,-3.128221
78.172420,-5.164209
76.447780,-5.827052
75.523050,-5.335733
77.535470,-6.081882
75.470290,-4.209299
76.022300,-1.355053
80.885060,-4.003959
81.602010,-3.054859
82.195640,-1.290242
76.983360,-1.975076
78.128740,0.110328
86.765640,2.963465
87.201710,1.822435
84.258000,8.646312
83.070980,8.358310
85.750430,8.840119
86.063220,5.286941
76.751850,8.153087
76.154500,7.278686
76.481170,6.296502
75.079590,6.824292
76.598690,4.368677
75.361570,8.536817
74.631910,9.402308
76.353540,9.311336
77.574330,9.072156
81.248090,9.322696
79.345700,3.328086
71.840400,3.630685
62.476710,5.943861
61.195050,4.822743
59.422720,4.584764
61.139320,5.888463
60.036820,5.536727
58.163830,5.096319
56.581810,6.132992
57.548710,4.274749
57.883780,6.119865
57.039430,5.219682
53.239210,6.673194
45.828160,8.588473
44.281920,9.221379
42.360130,9.343982
43.077640,8.281165
50.752610,7.194571
39.582120,4.123631
41.296580,6.031409
38.771420,2.884184
38.611920,1.412517
37.696870,1.062722
39.524380,8.798469
30.124480,5.524322
31.233860,4.761230
29.885620,3.865940
29.261400,4.738652
29.050440,3.044873
30.127720,2.843477
29.326640,2.080288
28.131660,3.515597
28.225850,4.791075
27.569930,6.358793
26.922550,5.089799
28.912940,5.807674
27.197740,3.925376
25.949250,2.907588
25.442620,4.676633
27.429670,2.425013
28.756380,1.005543
27.287710,1.323640
26.266560,1.421291
29.846920,1.108045
24.794470,3.084980
25.726800,6.412462
26.156780,3.940566
19.529100,8.515246
18.061790,9.280135
19.998810,9.416692
17.182930,3.674099
17.988800,2.693327
16.055640,2.602848
14.657580,1.493051
15.641280,3.528275
14.742960,2.596321
16.315890,4.419660
13.854020,-0.021741
12.992910,-0.789889
16.122290,5.554153
16.754020,9.365788
10.717370,9.034518
10.920170,7.204265
9.218881,8.928435
9.749040,7.359893
8.778062,7.227149
9.874504,6.168897
8.567722,6.162247
7.947128,7.900109
7.278212,6.557186
6.108450,8.493361
7.250114,8.636760
6.364392,7.251859
4.960274,8.382119
5.357290,6.414134
6.438566,5.667624
7.549217,5.312742
7.021823,4.014656
8.147606,3.910991
7.555656,3.055518
6.084416,3.046172
9.416634,3.465381
10.386720,5.104035
8.938625,4.580536
4.040125,6.723176
5.214221,7.388041
3.621372,8.040858
2.099683,8.901031
3.707448,9.111104
4.987871,9.413732
1.880308,7.332379
0.764156,7.536183
0.039386,8.540797
1.194194,8.479825
8.106752,9.425336
12.434120,-1.748520
11.613000,-2.751891
8.984670,-5.833794
8.248515,-5.176249
7.986491,-3.306227
6.358566,-5.385384
4.926369,-5.043746
5.413372,-5.921168
3.900310,-5.106223
4.775918,-3.118589
4.610829,-1.716222
0.078987,-0.408919
0.534990,-9.322690
0.114362,-8.283314
3.648913,-9.344229
8.632240,-6.847807
18.502770,-4.109934
25.260530,1.024723
38.713000,-2.662409
37.926730,-3.466681
38.907860,-1.705269
38.150700,-1.016900
36.108100,-2.627724
36.889020,-3.345454
40.096720,-1.086016
39.149450,0.479284
40.601120,1.081255
39.707170,-2.714490
39.689650,-4.516363
40.899620,-2.766634
40.727370,-4.295595
39.223340,-5.481757
37.688560,-4.460490
39.117980,-3.643916
40.241340,-5.511523
42.449390,-6.144794
41.185570,-5.222163
48.558200,-9.291611
46.443500,-9.161432
52.607790,8.704616
54.111150,-1.335363
53.249770,-4.313113
58.246420,0.351298
65.350550,5.778504
76.747840,-6.933841
85.784410,-9.178779
87.318090,-9.232590
86.685940,-7.734184
87.436770,-6.686633
88.547240,-7.633334
86.526210,-5.815517
86.714990,-4.795206
85.282910,-6.139007
87.836110,-5.076567
89.185120,-6.340350
90.938130,-6.793098
89.792730,-7.216156
90.726300,-8.856951
89.204630,-8.738639
90.780120,-7.771086
92.300130,-8.234174
91.942260,-6.884118
93.682610,-6.099057
92.608040,-5.734725
93.035890,-7.019453
94.084800,-7.124638
93.812350,-8.455218
92.970360,-8.948090
94.779460,-9.119527
94.652210,-5.815887
93.456070,-4.813989
88.229300,0.094717
93.946980,-1.149772
94.015550,-0.151782
89.997910,0.984480
87.805160,2.960949
94.393630,8.520167
95.503020,7.895764
95.573700,8.914018
95.035680,-0.538691
96.109360,1.280939
98.221580,2.571698
98.108320,9.340842
99.574610,9.419047
96.853250,9.356929
100.144100,8.419616
101.400900,8.745423
103.206000,9.437301
103.127500,8.231473
104.794200,7.861917
104.192500,9.140046
105.234800,9.351880
106.528600,8.146022
106.824800,9.202209
107.630300,8.400342
109.098100,8.852788
109.104700,7.750686
108.602600,6.908908
108.275300,9.408216
110.317800,7.706157
111.420800,7.414344
111.290600,8.411977
110.828600,9.351754
112.273800,9.298268
112.301100,8.166493
112.759900,6.816779
113.592300,8.032592
113.432900,9.159457
114.986900,8.647597
115.589800,7.232285
116.829200,8.340621
114.474700,7.132005
115.813900,9.298972
115.328800,5.816879
113.913400,5.905924
115.050700,4.755465
113.037300,4.532303
112.892000,5.804882
114.066300,4.777535
114.447900,3.094724
114.408600,1.893734
113.578100,3.699059
116.438300,5.464133
116.421400,6.700662
117.876400,7.628737
117.797400,8.657428
119.307300,8.610202
120.410500,8.175778
121.061900,9.120028
118.625000,9.346576
122.789600,8.471660
121.538500,7.539006
120.003500,9.328486
122.263000,9.422452
122.898700,6.810174
124.525000,7.802407
123.615000,5.905461
125.467400,8.066440
123.469700,9.236829
124.411300,8.842813
124.000400,6.835031
125.347200,9.330304
125.203500,7.083371
111.498800,6.181878
99.605840,4.243224
105.112000,2.479454
104.149300,2.756448
106.051100,2.871782
112.267400,-0.835938
110.398700,-1.209974
104.063200,-3.580530
104.622600,-4.455450
103.021800,-3.802408
103.712800,-5.016737
101.727300,-2.409223
100.527000,-2.275182
103.090900,-2.826819
101.820400,-1.370077
99.994900,-3.143295
99.667660,-4.142363
99.706380,-8.894605
102.921600,-9.329929
104.662900,-9.242442
106.064100,-9.172753
104.271200,-7.176097
111.386200,-8.677997
112.503300,-7.906412
112.972900,-9.074645
114.591600,-9.237348
114.601000,-8.093145
113.544500,-7.914687
115.249400,-6.973723
116.399700,-7.592020
116.240100,-6.476187
116.009200,-8.758978
117.380200,-8.665154
117.772200,-7.488646
118.589100,-8.055748
119.098500,-9.274273
120.675900,-8.215134
119.792500,-7.732608
120.304400,-9.330663
121.873000,-9.013703
123.256400,-8.175847
121.795500,-7.799294
123.788400,-9.214108
124.928100,-9.195057
124.210200,-7.841391
123.987500,-6.787571
125.380200,-6.319995
122.727000,-6.914742
125.725300,-7.744218
126.851200,-6.883759
126.123600,-9.054582
127.340900,-8.689725
128.261200,-7.781740
128.581800,-8.819065
127.955100,-6.843894
129.396500,-6.026045
127.141300,-5.694592
129.608900,-7.444910
126.797800,-7.865570
131.216000,-8.404057
129.762200,-8.656222
130.602900,-7.444757
125.913000,-5.269183
128.289500,-5.545444
125.017000,-4.841281
123.353400,-5.842116
123.132100,-4.454578
122.181000,-5.685252
120.741800,-5.896712
121.583900,-6.735496
120.640600,-4.512628
122.047300,-4.513024
119.486100,-5.196541
119.648000,-3.446299
118.819800,-6.642527
118.579200,-4.825572
119.815300,-6.471974
124.416700,-5.874759
124.605600,1.077509
124.711500,2.141006
126.514800,1.167589
127.564800,0.495229
121.697600,0.900823
131.300400,1.757503
132.200600,5.847171
131.431600,5.228436
132.505000,4.657989
133.397800,6.239290
134.027300,7.036611
130.953200,8.101327
140.107900,3.261192
143.455500,1.068373
136.506200,-0.307443
137.922200,-1.311972
136.890800,-1.347215
136.494300,-2.420193
135.498400,-3.873703
135.390400,-2.251749
135.928900,1.856865
132.005300,-2.330260
140.999600,1.232373
147.017000,-3.285344
147.637800,-8.897892
148.696400,-9.214592
150.618400,-8.968122
151.774700,-8.094386
151.837900,-6.342226
153.263700,-7.329766
151.195400,-7.180062
152.904900,-8.808177
151.649000,-9.224305
154.347900,-8.502865
155.561900,-8.368053
154.290900,-6.891726
155.676400,-7.145638
155.176100,-9.313558
156.920200,-8.691054
158.076600,-7.646634
158.118700,-8.992630
156.609100,-7.576606
157.539300,-6.681983
155.258000,-6.245612
156.166500,-5.813215
157.278700,-4.985429
154.927300,-5.146274
155.925800,-4.093310
157.084200,-3.865054
154.562800,-4.021997
155.524400,-2.903593
157.082500,-2.548382
158.370300,-2.739802
159.978300,-3.499204
159.287600,-2.205361
158.916500,-3.628283
158.828600,-5.436631
160.487000,-2.496634
160.067400,-4.867194
159.736800,-6.070239
161.738800,-5.702977
161.138300,-3.876055
160.769700,-6.112174
160.280900,-7.097199
161.971200,-7.076838
161.940200,-8.260989
163.279500,-6.651336
163.095000,-5.554842
163.586400,-7.840897
160.883900,-7.984043
160.054200,-8.958600
161.638400,-9.349493
159.452700,-7.991874
162.630200,-9.356692
163.683600,-9.000914
165.240900,-8.371040
164.924300,-9.359963
166.071700,-9.306336
166.668900,-7.056608
164.825000,-7.330940
166.734900,-8.274363
167.831500,-7.555890
168.173500,-9.037091
165.670500,-6.722888
164.461500,-5.226134
167.141900,-5.559735
166.047900,-5.581599
164.465400,-6.222280
166.461500,-3.717578
167.733900,-6.439345
165.528400,-4.461116
167.588900,-4.428500
168.543600,-4.929513
168.103200,-3.292121
169.078600,-4.041062
167.001600,-2.615651
165.541700,-2.331784
165.933500,-1.428800
167.650900,-1.289992
168.570300,-1.692326
167.956000,-0.007131
169.606000,-1.928335
169.190900,-0.937617
169.101700,-2.974106
170.310500,-1.125311
171.673000,-1.263418
169.941500,-0.191926
170.931100,0.699668
169.008700,0.099562
171.953900,-0.207324
171.453600,-2.554650
170.471200,-2.765892
171.422400,-3.791439
172.278500,-3.305272
170.489900,-4.453367
172.429700,-4.348520
171.313200,-5.389937
169.524600,-5.699421
169.810900,-7.365377
169.034300,-7.976836
169.900400,-8.768372
171.295400,-6.775826
173.015500,-6.442883
171.893700,-7.684742
172.296700,-5.489976
174.072600,-6.118191
174.161800,-4.954538
173.271000,-3.834405
174.361000,-3.682074
173.219500,-2.022387
173.172700,-4.998935
174.367000,-2.685911
175.239800,-4.395348
175.230100,-0.952011
175.716200,-2.999267
175.590200,-1.987966
173.580800,-1.090095
173.068400,0.320623
174.194000,0.312694
173.262300,1.730376
175.944700,0.519858
174.897200,1.646805
175.293800,2.886807
173.959400,2.781346
176.448400,2.674574
176.539300,1.569304
177.734500,1.757365
176.522600,-0.299476
178.188600,0.842897
178.609100,2.624189
179.522200,0.528836
178.870800,1.567071
177.803200,-0.193906
179.184300,-0.438501
179.947700,1.517677
181.400900,1.451646
180.856700,0.391159
181.157900,2.746488
179.729100,2.888296
178.862100,3.757156
180.335300,4.061322
179.635600,5.751632
180.992100,4.941477
182.138900,3.429727
178.775900,5.098098
177.142500,5.238414
178.504000,6.772698
179.595800,7.254691
177.065000,6.937869
177.395200,7.902133
178.451300,8.465047
180.401000,6.410038
180.889700,7.923949
182.164000,5.630645
181.305200,6.778680
179.906900,8.236596
179.393200,9.390523
181.263500,9.323813
177.656000,9.041629
176.412100,7.726794
176.486600,8.924340
175.238200,7.948270
174.943800,9.371987
173.696100,9.234120
173.713700,8.136930
172.474400,9.173238
172.852400,7.207833
173.306600,6.243011
173.922200,7.130172
172.190900,8.045747
171.429700,6.534911
170.517700,8.723594
171.143800,7.646329
171.328100,9.330100
169.305700,7.297805
170.430600,5.939891
169.435600,4.471581
172.158000,5.183125
168.678100,5.640846
170.834900,4.279448
172.004000,3.410558
170.738800,3.157043
169.115400,3.406500
169.915300,2.587061
172.734600,4.343081
174.660500,4.360522
172.934600,2.770942
173.573900,4.956010
174.376800,5.775703
175.296600,5.151888
175.911900,3.818391
175.374900,6.812053
176.902300,4.078662
175.999900,5.871623
177.575800,3.285236
172.073900,1.499877
173.818600,3.834347
171.250500,2.066625
170.310100,1.488780
169.158500,1.225688
168.099700,2.254436
167.593400,1.355106
165.708900,1.312049
166.334700,2.326667
166.779000,-0.259017
167.743200,3.280429
166.512800,3.371716
166.669500,4.761469
167.834600,4.979424
167.371300,6.868455
166.232600,6.085706
164.525400,6.683625
164.864100,5.468770
165.370200,7.379661
167.307400,5.853359
166.493500,7.664477
165.210800,4.463976
165.106500,3.376884
163.464600,5.033176
163.995000,3.461217
162.136300,2.953303
162.881200,3.891368
163.241900,1.852029
164.646900,1.689962
165.419600,0.210685
163.759000,0.438297
163.206800,2.868202
161.930700,1.945364
160.859300,1.922813
162.133400,0.635926
161.231500,3.684355
160.644100,0.657577
159.250500,0.340709
161.149100,-1.136912
160.064700,-0.251519
161.914000,-0.444136
159.602800,-1.228033
162.113000,-1.440270
163.119000,-1.802318
163.835500,-0.661034
161.417200,-2.147076
162.428500,-3.783352
163.898800,-3.688179
163.047700,-4.574596
164.353500,-1.960687
162.310800,-2.810433
165.001300,-0.792828
162.151000,5.054963
163.372500,6.211535
161.869800,6.390018
160.916500,7.641822
163.260400,7.425258
161.636900,8.323745
162.258000,7.385978
163.282800,8.909085
164.513400,8.198915
164.601000,9.394610
162.222300,9.331256
165.627100,9.260743
166.914700,8.697246
168.352400,9.287152
168.274100,8.106849
169.529400,9.194823
160.737900,9.359115
162.910900,-0.335793
168.423500,6.711839
166.702700,0.924510
182.257800,7.994035
182.470800,9.043315
183.642400,8.122977
185.025700,9.121818
182.654000,7.102361
185.410400,7.771255
183.677700,6.294086
184.766500,6.633147
186.373800,7.049024
185.027700,4.813051
185.933600,5.749583
184.489500,5.659188
183.345800,4.899220
186.056900,4.607615
183.955500,3.840032
183.244600,2.184239
185.764100,3.288465
184.282500,2.689955
182.333300,4.663019
184.004000,1.029880
184.948700,1.793359
185.974700,0.500925
186.383400,1.879236
184.833300,0.332653
184.229400,-0.787251
183.031300,0.725181
185.574600,-0.954166
186.907800,-2.013770
184.176700,-1.845166
186.891600,-0.111639
185.903700,-2.870078
187.383800,-1.134385
185.113100,-2.157791
183.258300,-2.268818
184.639900,-3.138855
183.685700,-3.403460
184.353500,-4.653708
183.175100,-5.271763
182.831500,-4.165540
182.156300,-2.864645
185.457800,-3.920448
186.445300,-3.836027
186.002900,-4.974272
185.158800,-6.024930
187.212800,-5.275291
186.535900,-6.195010
187.529300,-4.206192
189.147900,-5.197964
189.313700,-3.955811
188.984000,-2.950415
187.162000,-2.960157
188.196700,-5.570198
189.775700,-6.495495
188.620000,-6.742010
187.431100,-7.251620
186.302300,-7.740237
189.366700,-7.414406
187.916800,-8.192214
189.223600,-8.628260
186.413700,-9.154920
187.996000,-9.324045
185.416300,-8.189001
183.672900,-7.893199
183.794800,-8.964948
184.498500,-6.880513
183.548200,-6.587677
185.774600,-6.889237
182.356800,-6.033578
182.178600,-7.784816
181.825300,-6.873901
184.121500,-5.744405
180.608900,-7.988980
180.283800,-5.883025
181.255100,-5.488710
180.352600,-6.928083
179.279400,-7.646798
179.091000,-6.152226
180.235900,-4.828510
177.939800,-5.664211
179.018800,-5.094619
178.258900,-6.962555
177.917500,-4.629183
178.136900,-3.626610
176.692200,-4.673436
177.061200,-3.166068
179.543200,-3.949856
176.985600,-6.253485
175.323900,-5.712167
175.272500,-6.967329
176.736900,-7.759485
177.670600,-9.164119
175.512400,-8.318105
176.643900,-9.193556
178.100600,-8.167553
179.390000,-8.618889
178.664700,-9.341647
174.770400,-9.123375
173.927200,-7.552907
173.358200,-9.135670
172.811300,-8.121355
172.071500,-9.364675
171.043500,-8.561593
181.115600,-4.200471
178.817800,-2.917233
180.208100,-2.201921
181.154400,-3.063704
181.332700,-1.615569
182.578100,-0.360884
180.592000,-0.935239
179.540500,-1.378405
178.434700,-1.401320
177.360300,-1.560119
180.303400,-9.006163
181.403100,-9.030870
182.464500,-8.885549
182.021600,-4.766702
184.880600,-9.346075
190.361800,-8.329988
190.942600,-9.131212
190.584400,-7.373030
191.962500,-8.400987
191.400300,-6.656136
192.374100,-6.951762
193.587000,-7.898239
192.961700,-5.502606
192.998500,-8.722835
190.952400,-5.781892
193.611900,-6.711237
194.561000,-5.244835
194.623000,-7.669417
195.210300,-6.678009
196.642600,-7.446770
195.969000,-5.021544
195.557800,-8.503065
196.896300,-6.188109
197.581000,-4.969619
198.050800,-7.548746
198.607500,-5.396648
198.337800,-6.549970
199.274400,-8.182973
199.577300,-5.873316
199.882400,-7.084337
201.517200,-7.419295
200.879900,-8.470954
200.704200,-5.845900
201.644200,-6.410520
201.413400,-4.678630
202.636000,-7.300406
202.295300,-8.218134
202.715100,-5.616595
203.523700,-6.438784
203.601400,-4.798313
204.677200,-7.997810
204.875400,-5.609819
203.596900,-8.036090
205.003300,-6.989957
206.636000,-6.009643
205.789700,-7.849884
205.178100,-8.870046
206.350000,-9.096212
208.235900,-9.195825
206.878500,-7.223272
207.167400,-8.487948
209.058300,-8.284996
208.106300,-6.792673
207.813200,-5.148847
209.942800,-6.978856
208.995900,-5.475309
208.133100,-3.796569
210.586200,-5.763942
210.070400,-4.732104
211.603100,-5.619294
211.600400,-4.428747
210.157700,-3.233658
208.522200,-2.360438
211.548000,-1.909676
212.060800,-2.901273
210.591900,-2.159369
209.573100,-1.914477
208.916600,-4.450747
209.172100,-3.418366
207.471800,-3.004402
206.009300,-3.994635
206.373300,-1.513748
206.306200,-2.952820
207.427000,-1.833098
206.946300,-4.588904
205.774300,-5.028917
204.622000,-3.488766
203.647600,-3.599329
203.245300,-2.398044
205.145700,-2.582282
203.926200,-1.598580
204.933400,-0.897948
205.285900,0.276919
203.297300,-0.187361
204.275800,0.917304
203.839300,1.803764
202.974300,1.329961
205.367000,2.223837
204.159700,2.752511
206.092600,0.956680
206.574000,-0.515317
207.773500,0.648434
207.269200,2.502389
206.270900,2.745508
207.232600,3.479025
205.538000,4.199770
206.534500,4.387408
207.014200,6.224002
205.257300,5.372053
207.700500,4.779844
205.116800,3.243775
204.432300,4.774795
203.351300,3.442517
201.558300,3.362482
203.357700,5.242939
202.130300,2.032109
202.173500,4.456020
202.284100,5.640178
200.869600,4.986351
200.549300,3.381317
201.317500,6.037823
199.667100,5.262128
200.233200,6.772197
201.943100,7.431863
203.129900,6.655982
203.188000,7.656690
204.406000,6.373388
204.552800,7.582828
202.543200,8.433209
201.033000,9.113622
204.094700,8.873561
202.801700,9.424085
200.700600,7.793860
199.134600,6.936616
199.497300,9.270240
199.194200,7.928401
197.903000,6.814456
197.437500,8.485011
198.520300,8.756177
196.782200,9.384353
196.685400,7.740752
195.212400,8.825658
195.608200,7.934007
194.245700,7.592399
196.052000,6.673573
194.965600,6.776742
194.199200,8.975217
193.446600,8.200509
192.468900,8.769937
191.782600,7.080329
191.616900,9.333728
193.031900,7.312020
190.592300,8.762355
193.289500,9.346112
190.903700,7.545672
189.421500,7.818236
189.389300,8.958369
187.644300,8.461192
188.161100,6.586983
186.076200,9.341975
186.635000,8.015916
188.373600,7.795033
188.183700,9.378770
187.015600,6.131889
188.690200,5.175995
187.323900,4.567080
188.478200,3.353520
187.031900,3.295391
188.282500,2.362421
187.475900,1.662773
189.300100,1.978091
188.472000,0.370308
189.868500,-0.544942
190.171200,0.796275
188.834800,-1.233618
190.748700,-1.254207
190.250500,-2.364884
190.752800,-4.186156
191.650700,-3.073460
191.579900,-1.796714
192.171400,-0.910117
193.479000,-1.843642
191.090300,0.034064
192.767800,-2.519268
193.844000,-3.779263
194.429600,-2.444376
192.557400,-4.329751
193.184300,-0.708701
194.854000,-0.094527
193.883900,0.779472
192.592300,0.531942
193.261000,1.793863
191.733000,1.929599
191.068400,3.499089
192.450900,3.497738
190.584100,1.853986
193.650700,2.873413
191.423200,5.098997
193.229100,5.048752
192.134900,4.431784
194.348800,3.634843
193.387200,3.998646
195.453200,3.007299
194.223700,4.720817
194.720000,1.887681
195.633700,4.301893
197.476100,3.734030
196.568900,4.826052
196.728300,2.911083
195.020900,5.451517
194.175200,6.161449
198.400300,2.552343
197.909800,1.664392
196.621500,1.815717
196.775000,-0.099786
197.180100,0.827352
195.738900,1.273988
197.473000,-0.822524
198.095600,0.166228
198.874100,1.428653
195.811400,-0.452342
194.207000,-0.858931
195.382300,-1.625801
196.438300,-1.626238
197.605000,-3.136150
198.222500,-1.528252
195.597900,-2.760780
196.565500,-3.147988
195.754600,-3.727047
198.435500,-3.654092
200.290200,-3.738328
199.338100,-4.612018
199.849000,-2.464227
197.332100,-2.063050
197.129700,-3.991647
198.781000,-2.436320
199.308300,-1.367284
200.365400,-1.306446
199.448700,-0.142747
201.382200,-0.205226
201.467800,-1.281744
201.120000,-2.689546
202.256800,-2.320711
201.668400,-3.501899
202.534500,-4.032282
200.368300,-4.860069
202.211400,0.363561
201.250100,1.448884
202.459400,-0.719905
199.945300,1.580195
200.490100,0.571569
199.980700,2.582409
199.108900,4.011242
198.302800,4.997075
197.023400,6.231607
193.171300,6.032657
192.063200,6.131401
190.250900,4.576715
190.785300,5.958499
189.223500,6.089397
189.461600,3.449056
190.025600,6.976403
191.651200,-4.847018
194.876700,-4.274057
190.195100,2.766500
205.311400,8.407973
205.791900,9.307359
207.141700,9.442088
207.186000,8.275348
205.753200,7.482493
208.336700,8.159701
207.691300,7.140416
208.204700,9.134696
209.513000,9.355533
209.351900,8.185132
211.342800,9.360417
210.191800,7.666890
211.958900,7.614779
209.001100,6.742135
210.385400,6.598987
211.053900,8.211413
212.478100,9.261670
212.828600,8.124438
212.038200,6.573235
213.219300,6.947150
211.811800,4.966550
213.012100,4.953693
213.911400,3.314125
213.456300,5.930962
211.423000,4.069530
212.322000,3.178845
214.482400,4.108553
216.125200,3.065946
214.875000,2.540378
215.338200,5.479719
215.799100,4.282554
217.476400,3.852442
217.068200,5.138895
216.003300,6.612161
218.411400,5.447673
216.992100,6.786666
217.967100,8.315661
216.852600,8.157302
218.811600,7.062779
215.658800,8.088410
214.208700,7.736094
216.831000,9.330709
215.066700,9.256310
213.895500,8.846463
214.782800,6.435909
217.860900,6.292096
220.013800,6.073527
220.124700,8.329812
219.886000,7.162812
218.862400,8.930858
221.427200,6.613186
221.190900,8.483655
222.115700,8.795304
222.809000,7.530408
220.431100,9.323792
222.984200,5.697326
224.072800,8.362208
224.518200,7.244132
223.779600,6.527837
221.656900,7.602937
223.532200,9.317212
225.357100,9.355006
226.996700,8.616914
226.119200,8.133990
225.482300,6.542879
227.615600,7.035892
227.901900,8.241252
226.668100,6.712670
225.108700,8.287070
226.872900,5.198109
227.543200,6.040764
228.452000,5.179235
227.505400,4.178311
229.235000,6.231004
230.658700,6.211426
230.364500,7.719901
230.038700,4.579915
228.794300,7.479793
228.341700,9.146853
229.666200,8.744966
231.247600,9.108241
232.216100,8.235379
232.644300,9.388257
233.907100,9.297774
233.007300,7.649470
233.990400,8.048837
235.148300,8.105002
234.523800,6.254090
233.075100,6.388969
234.453400,5.263404
231.808200,7.099757
232.003800,6.052727
231.834900,4.900095
232.951300,4.543028
231.851800,3.106704
234.552400,3.430844
233.489200,2.781623
234.061600,4.284369
235.585300,3.322613
235.927400,4.832345
233.431800,5.416699
236.911300,3.993793
237.339400,5.289083
237.035700,6.394251
235.913300,6.630235
236.588500,8.346349
237.542500,7.365439
238.311200,6.625062
237.066200,9.246024
239.189900,7.145246
238.659600,8.494191
239.602400,8.947461
238.071900,9.424705
240.150300,7.454471
239.697800,5.578842
240.972100,9.097766
241.113600,5.852201
241.846700,7.188481
241.428900,8.138354
242.463600,9.302367
243.007000,8.226537
243.074400,7.131063
244.200200,6.859433
242.653000,5.572526
244.616800,8.076133
244.305300,5.864107
245.257400,6.160271
243.039700,4.437332
244.354400,3.915983
245.294300,4.950429
246.480200,5.536122
245.200300,3.078848
246.123900,4.163793
247.045900,4.572050
246.956400,3.118196
248.616200,4.158030
248.467100,5.216347
247.669700,3.807460
247.520200,5.549520
248.588300,7.106406
246.338200,6.745488
247.657900,6.758254
249.365800,6.105956
250.381400,7.753444
250.530500,6.768785
250.389400,4.605228
250.422400,5.716177
249.508900,5.123711
251.788500,5.319036
251.322100,3.839992
252.597000,6.886003
252.755600,5.822124
253.138900,4.637688
252.344700,3.501079
253.965100,3.552876
253.112400,2.055628
250.604500,2.997710
251.615700,2.308105
252.158200,0.763800
249.907900,2.060228
251.123500,0.711995
250.286400,-0.748699
252.018300,-0.670772
250.043800,0.959081
249.443500,0.025888
248.568600,0.733602
247.811900,-0.774573
249.249300,-1.276027
248.863300,1.832133
248.258900,2.939406
249.583300,3.303029
247.097800,2.109594
247.295700,0.862218
245.863800,0.216099
246.581600,-0.654684
246.017100,1.225313
245.049900,1.479720
244.624700,0.117186
244.661300,-1.523878
243.417300,0.223126
243.736000,1.516631
242.884700,-0.605436
245.816600,-1.261144
246.754700,-2.930608
244.719200,-2.604217
247.418000,-2.012746
243.957600,-0.679044
242.388800,0.244767
243.517200,-2.297111
242.112900,-1.287932
241.104900,-1.658190
242.128000,-2.353255
241.312000,-3.039173
240.567200,-0.166790
239.005500,-1.273791
238.900200,0.480518
241.178400,0.684323
239.510000,1.306958
239.890900,-1.710701
241.547600,-0.280477
241.096700,1.692607
240.426800,3.047994
241.917800,2.617346
242.398200,1.639372
243.352200,2.690084
241.765800,3.800596
240.526600,4.282875
241.834800,4.920169
238.582100,4.435322
238.943800,3.253276
237.838000,3.500380
238.294700,2.386455
237.034100,2.938400
236.031800,1.929428
237.286500,1.137036
235.603100,0.644053
236.523100,-0.183610
238.002000,-0.099399
237.959600,-1.813232
236.797200,-1.336360
235.939100,-2.826517
235.785100,-1.305676
237.052200,-2.493802
235.106900,-2.230515
234.371900,-1.120767
233.639400,-2.881927
234.726200,-3.734642
234.191900,-5.604215
233.633100,-4.390298
235.623800,-5.200277
235.893400,-4.056574
236.995800,-4.490221
238.737400,-4.423294
238.158000,-2.975315
238.119300,-5.225616
236.974400,-3.482291
236.624200,-6.095839
236.662200,-7.386477
237.882600,-6.246240
235.339800,-7.203480
238.082000,-7.315499
235.045300,-6.127852
233.962900,-6.935631
233.024000,-6.632240
233.074200,-8.140977
234.720100,-8.629241
232.433600,-5.804282
231.186700,-6.628903
231.230600,-5.195617
231.973500,-4.353732
231.983400,-7.489110
231.573300,-9.306396
230.454900,-8.113198
228.510100,-8.010118
229.054600,-9.028306
229.380900,-7.123210
230.591700,-9.153337
230.125400,-6.330431
230.493100,-4.466468
228.861600,-5.516363
227.720900,-5.803933
229.606500,-3.863807
227.555300,-6.802238
228.227000,-4.479448
228.098200,-3.277188
226.596600,-4.423306
227.057400,-3.483076
226.703500,-5.651803
229.089000,-3.014309
227.875000,-1.491506
230.513600,-1.764802
228.976600,-1.075686
229.496900,-1.902667
230.534400,-3.324544
227.312500,-2.525239
225.947600,-1.392170
225.571500,-2.625460
225.743700,-3.626758
227.334900,-0.575377
227.870000,0.693013
226.497500,0.657151
225.616600,0.148232
228.674800,0.076838
228.668300,1.622423
229.582300,0.850823
230.497600,-0.401378
227.652300,1.663348
229.078800,2.675921
226.713500,2.785663
226.112200,1.923020
227.860200,2.726113
228.727500,4.191194
229.919000,3.447166
229.886300,1.879010
230.966500,1.951529
230.871900,3.924571
232.688600,1.072859
230.804600,0.811723
232.278000,2.095529
231.870000,0.431848
233.894200,1.720523
234.882200,1.911232
234.160600,0.663188
233.298700,-0.024278
232.269200,-1.630276
233.341800,-1.204799
235.132400,-0.471429
232.290500,-2.789068
232.176700,-0.570795
231.261500,-1.117772
224.293700,2.243728
224.871400,1.204481
224.999900,3.463002
226.002800,3.663669
223.442700,3.747334
224.178700,4.743451
225.064600,5.298785
222.339800,4.415520
221.332000,5.028415
222.625200,3.187051
221.305200,3.130026
220.310300,2.981355
220.102900,1.729607
222.572400,1.738207
219.824800,4.015276
221.460600,1.744774
221.726900,-0.006634
220.317200,0.467581
219.524300,-0.845498
219.336300,1.045334
218.909700,0.162722
221.402600,-1.037152
220.213700,-1.695478
222.927600,-0.400320
221.313100,-2.646136
222.763100,-1.754846
224.161700,-0.808664
224.478600,-2.368124
223.159800,-2.681488
223.405600,-4.169621
221.890000,-3.460532
224.598700,-3.648813
224.529100,-5.522195
224.876800,-4.606735
223.356700,-5.761878
225.678900,-5.534224
225.212400,-7.122370
223.682300,-7.484496
225.617300,-8.514142
226.456400,-7.310858
224.042600,-8.643923
222.264800,-8.465112
222.716900,-7.234033
221.219700,-6.831830
222.186600,-5.479784
221.360000,-7.825089
220.115100,-7.662182
220.367900,-9.067585
221.475900,-9.327344
219.843100,-6.654317
218.769600,-6.764503
220.748000,-5.543272
219.780800,-4.774108
219.164100,-5.590376
218.590500,-7.967666
216.975600,-7.929211
218.434900,-9.079535
217.443000,-7.059594
217.103700,-8.930169
215.789900,-9.104289
215.801600,-7.995934
214.021400,-7.890451
215.411700,-6.657916
214.520200,-9.133634
212.651100,-9.117218
211.008800,-8.313457
211.981800,-7.932786
212.740700,-7.220187
210.484800,-9.142866
211.453700,-6.720253
212.546700,-6.075089
213.485400,-4.588972
214.277000,-6.631087
214.834500,-5.720818
213.670300,-5.787930
214.470900,-4.786470
215.867800,-5.663745
216.668200,-6.338542
217.786200,-5.898736
217.450100,-4.842112
215.908300,-4.570035
217.369500,-3.574043
214.340800,-3.422025
215.930900,-3.003339
215.429600,-1.741925
217.240400,-1.778845
214.715100,-2.471267
214.121700,-0.885184
213.231900,-2.661541
213.026900,-1.298633
212.720000,-3.968930
212.436400,-5.030816
212.517900,-0.226731
213.885800,0.426671
214.986700,0.364786
213.578900,1.692700
215.374300,-0.530448
212.551400,1.413645
214.939100,1.564483
216.728800,1.141754
216.008500,0.377463
217.395400,0.336172
216.770700,-0.707924
218.016500,-0.679058
217.844000,1.202811
218.208400,-2.421496
218.972900,-1.756444
218.374200,-3.779929
219.718400,-2.661671
220.258400,-3.554492
221.348900,-4.644193
218.933400,2.788836
217.551300,2.192588
215.921900,1.947369
218.582800,4.232628
210.806500,1.995587
211.507200,1.311664
211.530800,-0.173748
210.532800,-0.536675
210.094700,0.423522
209.036600,0.879806
209.140500,-0.207024
209.664400,1.669963
208.310200,-1.356090
207.647800,-0.519916
208.485900,1.915270
209.347200,2.654634
210.257800,3.273236
209.153900,4.060707
209.837400,4.866930
208.854500,5.570861
210.704500,5.345455
208.232500,3.224694
213.135300,2.627721
219.452600,-8.564565
222.830700,-9.319479
226.955600,-8.682946
227.961800,-9.030206
224.125100,-6.580442
223.224200,0.717110
220.604700,-0.474561
220.239600,4.941693
224.639500,0.134142
231.342100,-2.359726
228.590700,-6.509716
229.986100,-5.332968
232.655700,-9.273102
236.286800,-8.883829
238.176700,-9.322362
237.721500,-8.256136
239.071400,-7.574694
239.287100,-8.765570
240.296400,-8.436431
241.528800,-7.044784
241.355300,-9.167578
240.200700,-6.791256
242.206700,-8.104804
243.410100,-8.880410
243.463500,-7.317726
242.536700,-6.636493
241.550300,-4.998174
242.804300,-5.150665
240.831900,-5.688988
244.181300,-6.340735
246.014600,-6.267180
244.245300,-8.141919
245.564700,-7.659799
245.178100,-5.355487
243.957400,-4.978553
243.576300,-3.858735
244.868400,-4.118564
242.606000,-4.118362
242.744400,-3.113392
240.693800,-4.043692
239.329300,-3.053569
239.327300,-5.284954
239.250300,-6.437161
240.291400,-2.662154
246.233500,-4.470979
247.576800,-4.317193
247.349800,-5.563622
245.664400,-2.908925
248.367700,-6.628522
248.776400,-4.941411
247.239900,-7.426237
246.465900,-8.990529
248.699400,-8.026626
247.554500,-8.681651
249.446400,-9.142503
248.398300,-9.260143
249.703200,-7.950774
249.943600,-6.484472
251.055500,-6.878719
250.757800,-8.358161
251.627300,-7.834213
252.585200,-9.258071
252.484300,-6.344653
253.128800,-7.487231
251.599700,-5.926374
251.385500,-9.208034
251.073500,-4.483183
253.263500,-5.027371
249.883600,-5.268951
249.592600,-3.525930
248.812800,-2.379097
250.950200,-2.229938
247.832000,-2.946548
251.157400,-3.348547
252.343800,-3.193606
252.262900,-4.261653
252.256800,-1.783241
250.010500,-2.548916
253.302400,-2.556831
253.233700,-0.653050
254.065100,-1.735706
255.228400,-3.213529
253.953400,0.090764
255.442900,-2.030963
255.289300,-0.224931
255.337900,0.784114
256.334400,-0.327337
256.429200,0.677525
254.757300,1.589606
256.376000,-1.514255
257.037200,-2.330948
257.339700,-1.319460
257.443200,-0.148286
258.231000,1.266245
258.805000,-0.192718
258.986900,-1.564904
260.087300,0.599654
260.339200,-1.135317
259.278400,1.451079
260.329700,2.340466
258.624700,2.622793
260.964100,1.475322
257.669100,2.265918
257.091200,3.183843
256.952900,1.550138
256.269000,2.419250
258.170500,4.137439
259.149800,3.446695
260.571000,3.801166
258.689600,5.265555
259.703600,5.067613
261.562700,5.639752
260.033300,6.644393
258.704300,6.405742
260.948700,4.822744
262.151500,4.571192
262.140800,3.376890
262.774100,5.433630
262.201400,6.556231
263.319900,3.884476
263.601100,6.103517
264.578900,4.846169
265.514300,3.791150
265.631400,6.366963
265.845700,4.946033
264.101700,3.275675
263.336500,1.770054
264.986700,2.228882
265.455100,0.602882
266.554700,2.303389
263.217900,2.741005
264.191200,0.980580
262.477600,0.578701
264.128800,-0.099942
263.140200,-1.256188
265.292200,-1.495524
262.453200,-0.405971
264.181000,-1.414794
265.820600,-0.644653
267.681200,-0.355181
266.850600,-1.442698
266.463600,0.217804
265.722400,-2.559580
266.758100,-3.610809
264.040600,-3.294601
265.929900,-4.345758
265.060800,-3.633231
267.623200,-2.700909
264.595800,-2.401538
263.020400,-3.366653
261.771700,-2.436466
262.989300,-5.285067
263.881300,-4.423957
262.802900,-2.228961
261.983600,-4.750219
261.312800,-3.640811
259.528700,-3.991046
260.435400,-2.624304
260.107900,-4.898697
261.082700,-5.574328
259.361300,-5.824210
260.743200,-7.163102
262.063400,-6.242305
263.576700,-7.093700
262.349100,-7.977618
260.664200,-8.315000
263.140000,-9.120220
261.904000,-9.058250
264.239900,-7.905188
265.473400,-8.935746
265.948600,-7.306048
264.486600,-9.302390
265.161400,-6.411282
266.734400,-5.323879
266.171400,-6.185699
264.291400,-5.393592
265.289300,-5.405127
267.903200,-6.267509
267.079200,-7.161999
267.518300,-8.304161
268.532700,-8.021754
269.981300,-8.754414
268.228100,-9.050546
268.985800,-6.550041
269.950300,-6.922677
270.853200,-6.498366
271.855200,-6.700018
270.151200,-5.445970
270.909600,-8.206934
271.882700,-8.506567
271.010500,-9.277244
273.755800,-8.550635
272.805300,-7.982836
272.596100,-9.340511
273.859600,-7.275262
272.874400,-6.118834
274.250100,-5.691875
272.238600,-4.977201
273.188700,-4.685912
271.271500,-5.296281
274.677900,-6.614417
275.562200,-4.930289
275.358500,-7.693382
276.016200,-5.906006
277.356200,-4.867312
277.286400,-6.410723
276.451000,-7.383981
276.134500,-9.170150
278.225100,-6.864532
275.150700,-8.761481
277.662600,-7.847386
277.089800,-8.841295
278.144700,-8.785145
279.323800,-7.386096
279.216700,-8.616451
280.833100,-7.935030
280.893200,-9.067307
281.816800,-8.193661
283.615200,-8.938390
283.321000,-7.477961
281.171100,-6.569210
282.420500,-6.535400
282.621200,-8.929605
284.325300,-8.211040
285.944600,-7.717582
284.428900,-6.796242
285.080000,-8.890531
286.764500,-8.713672
288.260300,-9.079901
287.167300,-7.098624
288.012800,-7.664180
288.758600,-6.550464
287.662800,-5.889433
289.825200,-7.778557
288.880900,-8.262129
290.715600,-8.483980
292.042800,-8.564104
289.425400,-9.296665
290.776900,-7.145938
290.000200,-6.246849
291.022300,-5.505604
291.467500,-6.413393
292.667100,-7.528661
294.439300,-7.292977
293.693400,-6.126636
293.976300,-8.276731
292.503400,-6.274286
291.685600,-7.529963
292.586200,-5.073351
291.608100,-4.633099
293.923700,-5.154104
295.867800,-5.231406
294.257200,-3.600546
294.931900,-4.751885
292.991500,-3.453014
294.891700,-5.769382
295.938600,-7.411848
296.653000,-5.901753
297.974500,-5.518123
296.711900,-3.998887
297.733500,-7.169264
296.780700,-6.896054
296.935600,-8.365222
298.663300,-8.602774
299.144100,-6.372971
299.535900,-7.281746
300.766200,-6.211114
300.752000,-7.619197
300.233100,-8.856717
299.646700,-5.477362
299.870700,-3.818258
301.059100,-4.206302
298.751200,-4.046177
301.508300,-5.248678
302.122900,-6.989709
302.517600,-4.210104
303.286500,-5.603164
302.273800,-5.951654
303.632100,-7.328970
304.031800,-8.512005
304.594900,-6.020126
304.779100,-7.562212
303.118300,-8.916751
305.428300,-6.677582
306.637200,-5.854570
306.058000,-7.780503
307.206700,-6.911066
305.612100,-5.675001
305.997100,-4.467202
304.875300,-4.372929
307.181100,-4.713389
304.151700,-5.097340
303.731700,-4.122325
305.080700,-3.407176
304.026200,-2.884741
306.326300,-2.849831
304.652000,-2.039525
303.226500,-2.276258
305.671200,-1.712734
304.993400,-0.507165
303.740000,-0.956865
303.659900,0.422451
302.766100,-0.082979
302.542000,-1.315863
301.841900,0.252360
301.078700,-0.881110
301.440800,-2.269205
302.318900,-3.108142
299.881100,-1.859051
300.480800,-2.992527
298.884000,-2.533167
297.193200,-2.719048
298.069700,-3.180296
299.609100,-0.798921
298.083200,-1.948965
298.835800,-0.199869
297.308000,-0.534670
296.308900,-1.210934
296.261200,-2.302243
294.792700,-1.438858
294.598900,-2.669691
295.516200,-3.698960
293.268000,-1.684969
291.907800,-1.354550
294.200300,-0.440613
292.803600,-0.523674
292.250600,-2.555067
290.454900,-3.301654
291.028800,-2.040338
292.017600,-3.629695
289.517500,-1.360661
291.595700,-0.273843
290.472800,-1.056939
289.316800,-2.516714
289.410100,-3.938907
288.239100,-1.081560
287.741500,-2.612000
288.287400,-3.962636
286.940100,-4.071721
289.958200,-4.962521
286.976900,-5.151489
288.249000,-4.955978
285.547800,-6.263741
285.334000,-4.958837
283.805600,-4.807525
285.455000,-3.709271
284.140100,-3.475350
282.672000,-2.893876
283.803700,-2.334906
285.490000,-2.480383
283.144900,-3.832299
282.521000,-4.608584
281.655200,-3.760026
282.844900,-5.540927
281.007200,-5.465964
283.463700,-6.449240
284.545600,-5.639066
279.508600,-5.492285
279.489300,-4.446460
280.673300,-3.890958
279.245000,-3.123206
280.913800,-2.315091
279.930300,-1.613358
282.695600,-1.628159
281.575100,-1.107843
280.516700,-0.467698
278.872000,-1.001203
280.526300,0.954015
278.892100,0.279061
281.553600,0.974067
281.142900,2.420419
282.823300,0.818601
282.543300,-0.616963
282.785600,1.955387
282.067400,2.850907
281.498800,-0.113780
280.064900,1.836034
278.566000,2.668731
278.522100,1.523476
279.405700,3.424868
280.796500,3.615746
280.096200,4.433341
282.073600,3.977633
279.062600,4.352614
281.323900,4.858528
279.949100,5.478289
282.408900,5.146979
280.592200,6.344685
282.103600,6.612594
282.451000,8.039168
283.328700,5.717945
280.632000,7.456777
283.690100,6.759128
281.508800,5.833727
281.334000,8.168567
283.072400,8.795976
281.595100,9.230683
279.848500,9.144368
279.660600,7.861567
278.354700,9.068295
277.899000,7.921332
278.227300,6.914268
279.226200,6.487715
278.641600,5.599792
277.449600,6.239568
276.049300,5.186937
276.216900,7.131583
277.685100,4.651529
276.453000,6.142280
276.622000,4.361560
274.806000,5.706841
273.128200,4.774516
273.960300,7.005025
275.162400,7.400260
272.975100,6.007873
274.716200,4.619259
275.658800,3.809283
274.274300,3.452197
272.681900,3.690556
274.341100,1.855286
275.270800,2.247220
273.222900,2.596037
272.313200,0.977232
271.537700,3.390816
274.070300,0.844981
271.906000,2.260647
273.361500,1.541424
270.606000,0.807775
270.400900,2.984192
270.683000,1.993568
269.036100,1.292121
269.443600,3.256537
268.111100,4.515950
270.046500,4.928622
268.542500,2.635324
270.873000,4.292089
269.045100,4.799994
268.435900,5.628121
269.563000,6.399131
267.404300,5.470746
270.465400,5.971259
270.051600,7.656814
272.169400,5.290588
271.148300,7.120788
272.006400,6.417666
272.673600,8.227965
270.885300,8.715446
274.203500,8.792546
273.349900,9.302018
271.682100,8.102923
272.729400,7.085259
272.047100,9.068704
276.053100,8.614238
269.165100,9.081365
267.575500,7.961421
268.123000,9.246089
268.773400,7.643821
266.542700,9.150559
265.791900,7.911607
265.129000,9.350877
264.067100,8.471906
262.648900,8.208373
262.775800,9.387074
264.293400,7.089597
263.024300,7.219205
261.295300,7.979095
261.859400,9.014005
260.013100,9.098523
259.917600,8.056394
261.018300,6.449267
258.522600,8.150071
258.595200,9.255416
257.514000,8.807969
257.397800,7.583016
256.310500,8.183112
256.884200,6.678626
255.780900,6.786857
256.561300,9.308377
257.721500,5.940635
256.996500,5.278559
255.888700,5.541994
256.791900,4.276969
255.224100,4.356962
255.973500,3.403590
254.769600,2.989807
254.349700,5.491431
254.065500,6.949897
254.808100,8.211265
253.393400,8.389316
254.843400,9.411382
251.557900,8.723531
251.770200,7.546227
252.738100,9.437913
251.537000,6.309561
250.010400,8.968980
248.130200,8.566022
249.334100,7.956714
248.885700,9.298545
247.142100,8.812739
245.906400,9.094033
246.810400,7.853873
245.400100,7.297463
244.929800,9.021985
243.927700,9.109221
267.323100,6.747809
266.485300,5.882169
266.355800,7.057799
266.792100,4.331513
267.551200,2.930531
266.575600,3.351133
268.042100,1.068342
266.903900,1.392399
268.841700,0.065055
268.738600,-1.188942
269.794800,-0.612250
269.614300,-1.654587
270.849800,-0.777015
271.173400,-1.774627
269.026200,-3.046352
270.389900,-2.745210
271.258900,-3.979750
270.198300,-3.973427
272.229400,-2.908533
269.181200,-4.262188
268.666700,-5.241049
267.596500,-4.842842
268.287300,-3.761039
272.829300,-1.086281
273.849100,-2.956000
275.264600,-2.431637
274.051300,-1.594943
275.365700,-3.734046
272.948000,-3.737370
274.295200,-4.201760
276.601500,-2.812589
276.710000,-3.829191
278.109000,-3.733981
277.607400,-2.861719
277.590000,-1.732816
276.534300,-1.709959
278.659200,-2.097512
276.550600,-0.292793
277.633100,-0.236038
274.874900,-1.024871
274.235800,-0.249843
275.053100,0.575337
275.993000,1.087919
277.347500,1.970336
276.135500,2.850852
277.823700,3.436934
273.110700,0.137216
277.704800,0.803211
271.657400,0.108683
273.102600,-2.241758
268.351700,6.665551
269.701100,2.014600
277.112300,8.505300
284.597000,8.709617
283.459400,7.731671
284.794900,6.841607
285.063500,5.392620
286.335700,6.755254
286.289000,7.803823
286.490400,9.187247
287.403100,8.260406
287.822100,6.882575
285.599400,8.513370
288.922000,8.355666
287.864300,5.178436
287.089000,5.925192
289.416600,6.216975
289.716200,7.339135
290.954700,6.162700
290.948400,8.204181
289.679100,9.117625
291.372100,7.055991
292.669900,7.529010
291.889800,5.253501
292.270900,8.560267
292.523700,6.254826
293.555500,6.146027
293.335800,5.062904
293.714600,7.785018
294.311700,6.840148
294.900500,8.211753
294.169300,9.147056
295.490800,6.451599
295.809800,7.442092
295.749000,9.156358
296.800300,8.596959
298.312600,9.324073
297.768600,7.536864
298.689300,8.165486
297.163800,6.721145
298.917000,7.026322
297.875700,5.434072
296.539500,5.643220
298.800800,6.028198
300.153400,5.201740
299.934300,6.886325
298.702400,4.336600
299.046400,2.721900
299.853400,3.905288
297.696000,4.032701
297.469300,3.036130
298.337600,1.699759
296.337700,3.867966
296.086700,2.623612
297.073100,1.474357
295.651700,0.681196
297.628700,0.601637
296.365400,-0.216537
299.167000,0.858504
300.634200,1.835299
300.573500,0.479842
301.987700,1.482905
301.344300,3.551483
302.282000,2.587720
304.143600,2.064129
303.378400,3.160766
302.073800,4.513423
302.987200,1.331146
304.893200,1.329772
305.828000,0.215728
306.032600,2.854655
304.678400,3.260430
306.677000,1.670652
307.448600,2.626100
306.850500,0.479928
307.986400,1.417013
307.819000,0.193133
306.711900,-1.154570
308.242700,-1.061871
309.220500,0.354761
309.292800,-0.622748
309.196000,1.558001
310.219000,2.231824
308.457900,2.565980
310.218100,0.734343
311.003900,1.457606
309.269700,3.477401
308.144100,4.646484
310.117200,5.224220
311.044300,3.484906
307.334400,3.718472
309.210700,4.539718
310.475300,4.281941
308.423800,5.669412
309.833900,6.245226
311.009700,7.443009
311.609200,6.191896
307.998000,6.656703
309.297900,7.918586
311.194100,5.145888
312.887000,5.934682
312.789500,4.504190
312.325800,3.379765
311.889000,2.175288
312.701000,1.507362
312.879500,2.527705
312.827900,-0.206246
311.479600,0.541722
310.658300,-0.638743
311.934300,-0.909571
310.669800,-1.878549
312.263300,-1.878916
311.463400,-2.500454
309.957500,-2.783027
312.167000,-4.161124
311.008200,-3.950443
312.595300,-2.843573
311.334400,-5.466293
309.575300,-3.909966
309.682100,-5.264673
312.479500,-5.175446
312.579400,-6.410189
311.483200,-6.533925
312.543800,-7.865547
310.403000,-7.638783
311.432100,-8.206933
310.220700,-6.229870
309.196500,-7.761075
308.595900,-6.697345
308.703000,-5.293471
307.921000,-8.365624
307.154700,-9.259998
309.300200,-9.315769
310.937200,-9.221156
308.227200,-9.321809
309.972900,-8.526916
312.595600,-9.025641
305.871200,-8.807206
308.322100,-3.288192
308.139600,-4.451453
307.768400,-2.070791
308.754000,-2.255491
307.317100,-2.995263
312.110100,7.528062
310.873000,8.861587
311.896100,8.966281
312.955600,8.933188
309.740900,9.217732
308.231800,9.131677
307.446200,8.284232
308.317100,7.594956
306.534600,8.776568
305.175500,9.338786
305.498800,7.935222
306.963700,7.101102
305.740700,6.970880
307.175600,5.401484
305.905700,5.775141
305.854800,4.264149
304.151200,4.876928
304.172400,6.780704
303.215100,5.804558
304.622100,5.779253
303.178100,4.525066
302.058100,5.679180
301.834400,7.097058
300.794600,6.297928
302.861800,7.330213
302.415300,8.407353
303.265700,9.165450
304.113800,7.925469
301.557900,9.142051
299.987700,8.023219
299.950500,9.324925
301.056500,7.876342
301.112900,4.778625
309.642500,-1.659942
300.498300,3.028557
294.148900,0.730087
295.261900,-0.271293
294.749100,1.994211
293.558900,2.793236
294.551400,3.482204
293.357700,1.476318
292.467000,0.994012
292.390200,2.594018
291.172100,2.806616
291.447900,1.510903
292.601200,3.848364
291.612400,4.130563
290.263500,4.154503
290.211500,3.122858
290.867200,5.041420
289.641400,1.536173
289.428400,4.855994
289.048800,2.709844
288.335200,3.380342
286.762000,3.922529
287.878000,2.135571
286.795100,2.763908
285.367900,2.358472
286.201200,0.962640
285.374400,3.782460
287.515900,0.995127
288.524400,0.551732
286.061800,-0.209221
284.904500,1.224747
284.997500,-0.071731
284.649400,-1.261392
286.897200,-1.867293
287.216100,-0.596708
289.029900,-0.323111
290.153400,-0.041545
285.792200,-1.281247
286.494300,-3.048927
283.829600,0.004274
283.842300,1.082111
283.965800,2.501004
283.398500,3.332635
284.385100,4.385531
283.390300,4.429023
286.062100,4.703711
294.367800,4.603484
295.453600,4.839952
294.585200,5.615471
296.939100,4.741958
291.340700,9.175147
293.117600,9.196078
288.125700,9.185063
286.107400,5.749317
283.561900,-0.964531
278.531600,-4.840312
280.198300,-6.350421
278.388600,-5.841527
289.194800,-5.665451
290.516900,0.973476
301.279800,-9.171144
301.877300,-8.300129
295.614600,-8.924963
297.804800,-9.366248
297.634800,-4.562479
293.532900,-9.327768
294.612500,-9.205318
266.885100,-9.124063
259.466400,-8.637859
259.541800,-7.300682
260.600300,-9.329967
258.410700,-7.496635
257.902100,-6.344975
256.703000,-6.623200
257.841600,-4.419987
256.142600,-5.625681
257.099800,-5.211564
258.853900,-4.796069
258.696400,-2.930017
257.620300,-3.241491
255.956700,-4.169521
256.585400,-3.270670
254.714900,-5.521225
254.112300,-3.857785
255.140200,-6.641460
253.989400,-6.284911
255.114000,-7.644687
254.094800,-8.014532
254.179200,-9.246647
255.370100,-9.098165
256.431000,-7.959331
256.915900,-9.354135
257.370500,-7.652718
258.242200,-8.876619
254.986900,-4.501415
254.315800,-2.696464
261.727700,-1.071127
261.095200,0.373953
262.123700,1.730423
261.208100,3.011466
265.770700,1.540888
264.611600,6.052552
253.212900,1.008069
254.900100,-1.147573
248.611800,-3.580804
244.955300,-8.861790
242.454600,-9.266032
233.761300,-9.178483
239.617300,-3.999053
239.423100,2.361126
239.462400,-0.342208
238.276700,1.399737
246.146800,2.391040
244.352900,2.329986
243.904000,4.901955
240.306700,6.408788
235.640300,9.441083
235.388500,5.766315
214.156500,5.092607
211.404200,2.801568
205.741200,6.276583
206.464000,5.399917
207.066800,1.409493
204.869500,-4.520773
205.652900,-6.214496
203.914500,-9.185056
199.497200,-9.320175
198.381400,-9.115630
196.976100,-8.769195
201.596100,-9.172797
194.333700,-8.784154
193.688300,-4.757363
190.209700,-5.128733
188.145300,-2.324338
183.263700,-1.244389
181.564400,-0.487157
181.897000,0.474878
182.143200,2.395444
183.096600,3.199611
178.007200,4.244051
176.317200,-1.328975
177.028200,0.535884
177.885000,-2.423378
168.708700,-6.309827
164.727000,-2.878075
163.722200,-2.719300
161.764300,-4.630781
158.809300,-6.838326
153.739300,-3.302619
153.998800,-2.089652
153.093900,-0.859139
152.346700,-2.981731
153.481000,-4.513748
152.228200,-1.385963
152.009200,0.413021
153.859100,-0.134038
153.484800,1.327820
150.256900,1.101096
151.515200,-0.608018
153.371400,-6.185925
152.234600,-5.409144
158.314700,-4.530418
145.285400,-9.357554
149.309900,-8.439244
151.021500,0.485805
155.205300,3.483322
155.082500,5.130178
150.794000,5.386388
288.668500,-2.813526
255.085100,-8.848348
133.085700,0.409644
93.452960,-3.577059
258.752400,-1.403377
236.159500,-2.669422
170.794100,-4.935628
153.192800,7.129307
193.150900,-7.262444
42.660890,4.995339
81.416790,-9.174655
138.016700,-2.082329
150.868000,4.410017
157.841200,8.725518
183.536100,-2.667596
76.460960,-5.158761
143.051800,-6.876828
47.042630,2.966089
196.366600,-3.590927
124.668000,-3.467485
188.602700,4.725578
10.587370,2.983198
255.202100,-0.851256
196.003900,-2.420135
277.279400,6.573785
144.263500,6.956323
225.916700,7.905945
275.968300,-0.730891
29.025590,-3.788554
256.032400,-6.944367
46.798130,-0.187745
36.600850,5.854901
177.593700,-4.838470
65.935500,-5.973223
141.192200,-1.337061
54.427980,2.643066
256.070300,-7.633176
140.572900,6.350021
73.458500,-8.748569
164.266800,7.466477
262.921900,-7.699572
177.189100,-4.596549
22.674390,3.718884
313.463100,2.682911
56.215450,0.019919
177.558900,5.794630
88.849160,-1.836350
134.107300,1.863150
119.852300,-8.387265
284.317000,-6.830808
8.185888,-2.395668
173.176300,6.115654
87.769840,-3.388979
312.606700,6.977401
250.888800,4.431177
44.546190,3.459903
151.722200,-1.749400
122.946500,-4.806614
153.818500,9.255176
33.338450,6.733603
171.300700,-0.258939
62.302910,-5.543917
298.369600,5.969922
202.628000,-7.309429
308.712100,7.987772
75.427550,-5.831357
70.956840,5.220476
222.592900,-1.928635
137.510600,7.961658
77.322220,-5.871307
61.009350,0.966747
238.113000,-3.248101
72.838480,3.986855
260.160700,6.920485
149.054100,4.093910
273.120500,2.338696
172.894900,6.557389
183.090100,7.332385
70.528930,3.545703
187.054900,-5.425996
263.885400,-6.502788
86.755230,-0.131741
28.174290,-8.183671
153.322400,-1.752796
31.211830,-7.410586
195.497900,2.649063
109.820800,3.524166
83.925920,-2.816426
3.472359,-6.910409
234.199500,-0.859692
127.572900,9.193263
170.475400,-8.163402
58.572650,7.140135
154.944300,0.848123
60.141600,8.106481
77.646480,-7.619407
34.846550,-1.973870
239.996800,-9.201770
197.687400,8.384142
308.390600,3.551132
62.124650,-4.454746
136.383000,7.983565
154.916900,1.034233
186.118200,-4.639500
277.880700,7.331549
192.794400,5.224404
175.998500,6.563186
287.671100,-0.683359
211.066800,-4.354009
172.537600,6.547232
63.167750,9.160680
267.866400,-5.611132
82.885910,-2.652295
288.979800,-0.935351
225.994600,-7.837228
22.174700,-7.849178
173.532200,-7.807209
226.581000,-8.195495
24.197370,4.108634
175.115400,0.304979
279.099700,-5.309080
225.162400,-0.259552
104.875400,-8.246310
198.917800,-8.134131
202.090600,-6.528618
137.813500,-8.516454
288.963500,8.025626
284.227900,3.242807
273.601100,-3.795500
110.899600,-8.397582
45.150010,3.727108
42.624630,-8.024091
170.340300,2.609766
282.464300,0.648456
54.652810,-7.553754
186.769800,-6.015914
133.139700,0.802260
21.556740,4.383257
201.011500,-1.091622
158.674800,7.467719
264.933100,-2.060956
312.306200,6.883128
168.459100,-5.514692
100.665300,-8.050330
149.675200,-8.237372
105.232800,-3.557072
