220.462800,1.944259
203.148900,3.169812
56.096100,-6.763806
88.094420,-2.338460
189.039600,-4.581405
156.004200,-5.201265
88.731930,-1.146203
182.794300,-4.036709
311.553200,-7.722650
16.353330,-4.598574
219.482300,-0.234869
226.463300,-8.263324
140.487700,-8.762488
133.063900,1.013878
115.401300,2.901100
281.322200,6.481532
243.475300,7.044080
300.180100,5.677582
75.720290,6.580775
108.862500,-5.194289
92.996410,4.945455
147.604900,4.082862
233.204700,3.744448
213.650600,2.858425
46.434920,7.860602
231.771300,1.107899
156.945400,3.902229
196.501200,5.548569
256.667600,-7.385432
202.534000,0.894938
66.015750,-3.550216
57.271130,-7.816658
221.375700,-2.563386
260.229800,-8.611815
202.725300,-3.446004
151.526000,5.245942
243.210900,3.390085
159.441500,-8.130637
159.653400,0.222170
269.641900,7.834094
6.614998,6.948792
88.458680,-1.402830
91.110800,-0.934041
240.524900,0.331635
60.045270,6.932202
253.598200,4.748585
304.959300,-5.696381
46.966700,2.018917
9.855649,-8.770314
71.774890,-3.267025
152.914400,-7.809531
107.305200,-0.164064
33.407330,-7.825958
4.424989,0.444757
174.640900,-8.803817
264.519800,1.961938
248.820800,-4.118356
263.069600,0.373887
88.080770,-2.457626
300.450700,3.510199
99.800170,-7.356925
108.087600,1.327435
38.006160,-1.959991
66.865680,-6.839034
307.816300,1.331385
210.676700,-4.359043
197.751900,8.327399
257.992200,-1.072288
85.928630,-5.614545
285.699100,9.299682
114.869800,4.464819
61.139070,9.367797
27.066570,-8.856404
179.818100,-2.833001
96.881130,-7.841304
278.923300,-8.207242
78.594670,-3.914288
255.431600,-9.200208
14.063590,-5.811455
81.151670,-8.360776
55.780490,-4.977105
275.935200,1.668306
114.629500,7.388585
203.831900,-1.707480
297.958300,2.427314
206.665800,-4.631146
35.472380,8.801461
228.542200,6.074439
287.220000,-3.610928
83.142860,3.723761
299.493600,6.455402
69.357110,0.792416
154.249000,2.748259
205.079900,-0.759862
185.120100,7.530704
177.233900,8.616475
2.780114,-3.807979
250.037400,-1.768304
222.127000,0.886742
167.651000,-5.103828
272.226700,-4.804530
90.608250,9.293458
56.059950,7.588902
312.410500,-4.651095
60.214310,0.108823
84.654240,0.467405
92.999800,-5.939049
183.381600,0.375664
267.496700,3.897009
2.370154,3.083967
36.887800,9.358027
115.781700,-2.580935
133.247300,3.099827
22.609250,-2.870536
240.670400,1.846606
179.544200,-0.349149
259.677400,-1.412447
268.208000,-7.678897
101.656000,-2.128663
88.702420,-7.076167
117.493400,4.005436
180.217600,7.270981
276.809600,-3.833237
298.464600,5.537072
248.691700,4.680110
202.896800,-9.092681
19.883800,7.742029
248.169000,1.031353
67.586650,-8.501767
152.224000,5.712830
22.851980,5.427891
19.130480,-0.595753
128.093900,-5.747054
57.170620,6.514694
287.237400,4.760719
108.905500,-4.279374
293.531300,-0.248441
74.432170,5.804989
72.566830,-6.249195
28.584890,-2.937478
53.747190,-3.545059
143.572900,-5.120803
142.751400,4.099208
269.285800,4.015759
44.586150,4.989330
117.566400,-3.833435
284.928000,-0.355114
67.544600,6.699815
15.658700,4.048868
116.102900,-6.765175
272.095000,-2.822218
43.178570,-5.243198
196.192400,7.465549
293.437700,7.588887
126.913800,-5.723783
258.290700,1.757814
231.201500,4.802506
294.754200,-6.951750
200.784600,-8.181790
13.034850,-9.273738
86.899770,4.854033
268.879300,2.229373
47.026390,3.262352
293.048600,-7.126752
77.667850,-5.981047
115.674500,5.335815
299.219600,3.882630
188.361600,-3.519275
114.136300,9.063855
282.710100,5.663261
253.966400,1.968127
17.309100,-5.372845
97.569720,-2.821435
227.487900,5.269424
74.761390,-5.357027
153.772700,0.140408
13.877530,7.841586
207.244200,-2.677545
159.276900,-5.846430
290.237100,3.456904
194.603700,-7.282535
127.225800,6.640536
131.775200,-6.477862
226.520700,-2.071514
20.019050,4.868520
294.674100,5.877532
166.074800,2.153063
16.198460,-4.910240
291.445300,0.527137
30.655320,8.905128
220.836100,9.296079
264.099500,8.180289
164.021400,-1.006498
115.690600,-5.977900
37.024730,-2.243143
245.104900,6.690871
265.580000,3.612866
133.698200,6.717654
55.089150,-2.491501
269.694800,-6.107465
22.989170,-6.014771
280.885300,3.219506
237.620400,8.014128
188.893700,-1.287933
81.167120,9.274154
241.132700,3.905210
111.224100,6.696686
268.507100,7.563910
301.333800,-1.598163
126.716200,-2.104241
154.285500,-1.661326
30.723260,0.746528
299.666600,2.226071
221.115900,-7.596546
149.697900,-8.951253
284.574700,7.847407
94.017090,4.609165
200.647800,2.452868
229.687000,-2.561493
203.885900,1.733838
283.873000,2.669221
54.906590,-9.306415
308.653800,-7.691433
46.580170,-7.567276
214.393200,3.808098
15.420510,-1.387540
174.524100,-7.857357
212.229900,3.646125
194.626600,-1.538757
64.223690,6.706088
49.981850,-0.947182
270.543900,-6.103436
260.609600,-7.108999
29.777490,6.158157
266.754100,7.212989
68.329700,3.161548
223.608200,0.105407
8.636926,1.850747
156.232800,-5.921987
161.892800,-0.228799
72.094640,-4.684191
206.373300,8.787290
223.765500,7.996774
197.905900,-6.648468
58.953280,3.657044
232.063300,-3.400143
301.796900,9.446052
22.984390,1.932962
161.365500,0.593595
235.598200,2.256606
21.716460,4.202411
73.977250,-6.734969
252.197700,1.476630
258.868300,-3.382051
95.294650,-6.351723
18.962660,-5.769387
128.582300,-5.701000
298.469700,0.425598
302.868500,1.212686
273.453000,-0.069470
203.372700,7.644977
236.194100,-9.222266
287.722700,-0.344902
182.207400,-2.588600
176.978300,-1.703591
277.071100,-2.775974
102.120500,8.619090
287.961100,-4.827971
250.646500,4.316579
75.907620,1.829080
251.857600,-2.799333
250.644600,-7.151659
132.426900,4.737710
179.490700,-8.564704
40.044060,7.669763
41.563950,-3.226933
37.264000,6.881629
127.143600,2.995353
180.519900,-3.823210
309.531600,3.079279
9.061174,4.848448
269.098100,-4.814898
298.740500,9.154687
35.885100,-8.649215
117.205300,7.054600
218.793300,-3.829489
95.340580,-5.755749
138.250300,1.687094
287.028100,8.906249
141.742300,7.749677
253.750700,6.159757
148.072300,-1.461145
154.848400,-7.348817
300.759500,5.938895
239.004700,2.323031
66.631860,-3.047622
197.232000,-7.446996
133.934800,-8.758859
106.195000,3.291019
110.992800,4.935214
260.091700,8.678399
70.541730,8.787162
10.701200,3.787186
244.541600,1.098660
42.389240,-0.908498
166.868700,-2.479421
139.493000,8.283149
303.638300,-6.274313
23.152620,-2.735689
173.978000,7.814358
230.655000,-5.815627
168.199600,-0.232734
306.599700,-1.567210
112.598000,2.845807
178.108100,6.076786
213.173300,2.562202
95.214730,-2.420926
11.436460,-3.099434
261.552400,-7.593314
39.359280,-0.813974
168.558800,8.558131
269.460700,-7.943955
92.551490,8.120341
247.886400,4.178518
90.368940,5.211364
177.469300,-8.300664
157.641200,-2.666512
139.454100,-3.440589
265.992100,-4.628656
213.749800,2.153646
101.715600,-5.294448
250.616100,-7.513337
150.281500,-2.887737
225.976500,0.060124
77.515930,-8.234776
132.358300,4.992426
18.130060,-0.332488
23.519980,-4.017522
43.287020,-4.762987
94.535800,3.734542
270.075600,-0.535724
215.691400,-8.637908
276.811500,-1.359004
155.199900,8.410848
138.843900,-0.221289
254.660700,-4.903578
303.106400,4.237471
235.152400,2.984013
95.662490,-1.681654
11.208690,1.974020
55.570140,-2.203090
206.786200,-5.763292
296.348200,4.143171
135.284400,3.932266
233.203400,5.068539
130.408400,4.043036
35.401340,-7.495313
115.736100,-9.243945
251.006100,0.807403
151.646900,0.335938
238.880800,-2.810399
178.859800,-0.423017
162.828200,-6.696971
166.596700,5.767754
288.585400,-8.546313
129.848700,1.867800
205.735900,-0.565228
73.207180,-1.118588
40.180420,-4.823028
287.272200,6.094610
93.057300,6.730025
221.563100,2.202625
223.755800,1.225060
42.884860,-3.169513
64.804460,-7.691115
268.652600,-7.610959
232.340100,6.600059
232.500900,-7.587575
272.962700,-4.898362
86.531070,-8.478076
41.447650,8.480460
37.303770,5.854603
91.443870,-7.004170
184.739200,4.251200
178.489900,-2.837259
200.194300,1.238559
124.016300,-2.127169
54.985540,-4.382157
262.853100,-0.742259
284.712600,4.703202
34.821510,-7.399199
235.673100,8.355727
129.625800,8.339566
133.924100,-9.271388
35.648520,1.400268
87.452210,8.189691
118.892200,-4.413706
221.657900,-8.960788
105.187700,5.986870
25.555600,4.403421
298.029900,5.972217
180.354500,-0.483201
81.165710,-0.139282
311.412900,-6.935742
225.665300,8.493310
275.188400,-4.011815
104.400600,6.862392
15.146920,2.620764
272.151000,6.557773
274.487400,-9.279565
19.657480,5.743525
282.175300,-0.349174
252.044200,1.269105
30.279800,9.129626
200.701500,5.626539
24.213900,-8.641374
84.160220,-3.482425
144.599300,0.492249
63.225360,1.807513
131.003900,-3.639031
220.208900,-1.917287
9.318836,-6.677029
178.320400,4.706607
107.067200,2.302299
106.316100,-1.613919
99.211760,-1.101912
180.335300,-9.305297
281.387800,-3.542601
291.520400,-0.421132
82.722490,1.247628
93.165500,3.884933
207.134900,-0.503372
170.301600,2.143637
233.590800,3.945209
305.937300,3.786128
177.427900,7.569976
293.267200,-0.652516
151.226000,6.036089
146.912100,1.348601
230.462800,0.175546
206.908200,-0.124639
102.978300,-6.720422
262.546900,-1.700446
241.670600,-3.288353
290.324800,-0.250090
78.453040,1.836563
32.534240,-1.625151
104.575400,-5.314466
237.606400,-0.979247
242.439200,-2.383455
235.870000,2.171060
264.728600,8.397639
273.665900,-7.687823
52.962860,3.887659
141.442300,0.365010
124.480400,-1.613318
14.947050,9.299283
104.102000,-3.217579
151.473900,-3.511177
27.024710,-6.726050
158.494000,-7.706364
56.190680,6.416886
295.741800,-8.056077
275.931100,2.017833
82.353940,4.797580
133.021500,-5.057821
80.171660,-7.814195
49.741390,6.632541
77.811500,8.898486
160.477100,2.375655
151.287800,6.338095
77.020910,1.622625
85.067340,-1.450855
301.855000,0.526649
286.327700,-3.283012
160.143400,6.803391
76.647580,-3.854196
85.125080,6.697846
229.377100,8.987224
82.118600,-0.196283
102.427900,7.083897
110.207000,-2.597755
198.945400,9.019521
155.890600,-4.169002
205.911300,-0.725332
275.639300,7.040113
265.751000,5.829883
94.705230,1.076058
191.830600,4.918314
117.399400,5.508856
207.513300,-2.647182
125.097100,6.183737
220.636100,7.589944
144.400300,3.767128
195.494600,2.196485
133.176300,-0.881532
208.021100,6.986867
142.282300,-7.957486
163.378300,6.663167
65.068390,3.075019
255.836400,-2.063138
240.249300,4.242893
258.528800,-8.193377
21.351200,-3.988273
24.984460,8.844956
74.261250,3.386862
282.043400,2.762145
52.856230,3.161525
17.553210,9.409293
32.597930,3.394569
62.715080,1.618132
294.709400,-3.397886
122.269800,-2.232530
152.537500,1.873920
224.267300,-4.625504
273.114400,-5.669955
242.440900,6.215526
151.007200,-1.515181
264.024400,-7.895380
126.149600,4.225384
258.092600,9.117768
228.123400,4.563585
168.576700,4.465299
124.570500,-8.412013
162.857700,-4.779819
297.588400,8.518128
283.804800,0.342540
234.333600,-0.526682
265.423200,9.094831
302.689900,-3.169966
170.370900,3.377590
150.324800,8.089540
308.974000,1.691443
176.924000,-8.914083
175.546800,0.875593
134.701700,2.188932
156.967600,3.622934
119.828600,4.893097
170.068500,-0.610953
62.472680,-8.801963
191.414200,-0.007222
54.364250,-2.001581
191.478900,-3.470103
281.595500,1.512103
270.666700,3.736895
218.467000,-0.469668
17.019530,4.638271
245.629500,-0.905175
307.035300,8.336377
105.188300,1.676443
302.690500,2.417851
281.218900,0.417179
192.795400,-5.193979
15.814240,8.249505
101.426200,-4.563676
157.894300,-5.565800
292.936300,7.646501
270.174400,-2.974164
215.321500,0.869390
137.997500,8.985391
78.908420,4.162542
58.099410,7.464234
228.388700,-4.817825
220.006500,-4.008908
292.759600,3.703567
137.651800,-7.635648
287.118900,8.452409
301.287400,2.668045
134.549100,-8.643071
259.621800,3.065759
60.494770,1.887841
224.242700,-2.712048
68.991290,-9.121041
7.274224,0.516115
91.957110,5.613515
298.172000,2.219164
71.106860,-6.524706
182.375600,-1.591366
120.882000,-6.143718
94.147220,0.195690
24.787430,-4.487237
12.162550,7.779958
117.993900,-3.337079
225.504500,5.102515
265.015800,-7.676091
175.501100,-0.228155
164.807100,-3.106962
304.958900,3.073696
306.053400,-8.570014
228.365300,3.432157
262.815700,4.751667
162.600600,4.670830
205.795400,6.772463
202.334700,-2.996133
126.236700,4.791604
214.123100,3.453183
297.484700,8.751540
126.473400,-8.663856
139.905700,-7.959083
231.976100,4.491213
128.336400,3.634011
231.582700,-1.625349
135.057600,-7.277404
7.216095,-5.244751
164.255600,-1.838701
173.865400,2.960670
245.065500,-0.471403
187.803500,4.840271
170.796700,-4.881119
159.765400,9.224992
33.552090,4.954703
176.389400,3.777500
310.641800,-1.632911
72.536760,-4.086607
286.256000,8.486773
162.100800,-4.582591
138.732200,-7.724214
199.213700,3.454303
190.205500,-6.204597
57.081560,5.826920
116.255800,-8.880197
202.011600,-4.431702
139.132800,-6.450450
273.982100,-3.032671
13.591700,7.607688
74.763030,6.209990
218.628500,0.405021
219.702800,7.749372
281.416700,-2.239713
96.786100,-6.059374
237.577500,-4.662637
111.732700,8.911101
247.688400,9.318713
102.785100,5.812033
53.344310,-6.813958
69.455830,5.738213
68.937970,0.749182
169.240300,-1.326912
107.715000,2.461712
99.704140,5.897647
93.189700,2.944711
236.447500,-8.700980
46.800150,1.724986
227.817300,-0.459290
184.190300,-2.762766
301.830700,3.275345
70.496550,4.297897
260.568400,1.719374
309.531800,-5.318914
11.440490,-2.309700
115.176200,4.506424
156.524100,-7.966588
141.135700,-4.811453
266.978400,4.656953
140.706700,6.351926
94.006970,-4.747174
107.291200,-7.948518
258.361000,-9.215278
5.640019,2.537426
53.970340,-7.130494
247.288200,-0.983637
140.023800,3.616426
27.404820,6.182700
168.205600,-7.244094
128.036300,-5.033087
289.549600,1.562883
188.481300,-3.804143
115.629600,4.367613
128.049800,-6.182779
189.532200,-7.299817
31.586760,-6.586164
183.953500,-7.013861
41.452950,-6.721324
118.579600,-6.072723
172.588600,4.607020
257.312000,-7.244709
100.380900,8.883590
216.003600,5.827074
306.002500,3.825786
125.045900,-5.652617
266.635300,2.212747
56.129710,-6.227835
125.191000,-6.587119
296.039000,7.840003
77.486050,2.049512
106.587000,-7.865258
4.434951,-4.444959
307.286400,-1.431741
263.278100,0.697872
265.941400,0.094004
53.936160,2.883608
147.737500,-1.222958
292.497900,-0.471336
73.496320,9.262931
181.182200,6.922251
131.538200,6.860753
195.785000,-4.807107
268.720500,-5.786690
299.109300,6.513593
190.740900,-2.663841
268.947200,1.274211
114.905600,0.168462
145.352200,7.017272
177.414300,-6.823382
97.738700,4.619648
67.515120,-2.971499
260.646300,0.045133
172.742900,-8.776109
195.609400,-2.524318
250.790900,1.762958
173.598900,-2.230509
53.829420,0.216566
276.703900,3.013554
300.446700,1.405548
159.662400,-4.717595
193.324300,-8.857400
86.406870,-5.102754
182.739200,-1.370068
262.542300,-3.774038
220.278700,-4.390533
72.013820,-7.757795
273.969000,-5.972780
100.785900,9.193089
170.232400,2.281771
55.076570,-4.801461
189.571100,5.038520
169.596100,-7.553088
233.592200,-8.057946
174.875500,6.282908
172.138100,-1.260677
241.293400,-5.142986
289.603300,-1.218433
69.351840,5.093681
107.817700,7.742557
255.784700,-5.932404
52.621590,-2.673063
174.917700,0.815032
52.926110,-1.149767
224.309500,0.230481
243.395400,4.353691
99.871590,1.805992
82.188210,-5.184686
187.669500,6.815866
194.436100,-2.580302
57.807160,0.082850
168.076600,-1.473340
35.611510,-0.349320
289.886500,-3.036430
155.078100,5.303528
31.882880,-7.970902
204.528700,-5.233266
209.397600,8.316480
244.201600,-0.184260
247.372300,-8.822478
155.072400,-0.828753
131.123500,2.073598
263.277400,0.407872
133.241300,-9.118108
32.458500,-0.142753
24.567300,0.415553
51.380740,3.394843
253.659100,-3.151401
176.196400,-1.295968
227.210200,1.034933
209.744700,2.291415
90.463750,-2.224732
63.651100,3.342207
242.045900,4.547220
80.971920,-7.715799
249.152000,-4.214116
250.195400,-6.896514
170.611600,-9.167874
62.003690,6.506463
89.534100,3.840138
133.131400,3.791348
106.513200,-7.103932
190.578400,8.872182
203.619000,-9.151843
39.598020,7.163947
23.819570,-3.611872
298.285000,-7.395085
282.510900,-8.024339
116.946600,5.149027
86.079100,-5.586848
26.065660,-4.237333
108.503600,-3.701355
146.682300,5.152740
282.507300,-5.753496
224.648800,-7.486795
33.233760,9.401694
302.738700,5.850370
304.856900,8.012636
261.397700,2.332513
89.737580,-3.025844
151.737500,0.908319
28.429340,-6.915986
133.508900,-5.399232
60.962860,-2.958242
29.980500,-4.521364
31.257760,-7.562913
55.496530,-6.245960
293.193700,7.459992
253.593100,2.736069
30.188240,-3.741798
45.664660,-5.668208
83.498950,-5.171038
272.740000,-0.548645
198.409400,6.919423
78.926600,-4.554470
222.289300,1.116399
138.301800,-2.143262
98.324830,-3.900714
118.711900,-6.942597
275.945200,-5.642400
27.783620,5.306581
19.951450,-3.411364
267.412400,-5.590224
50.376250,3.070234
20.834200,6.103494
185.781900,7.492484
238.820500,-2.043853
77.266480,-3.467687
181.505800,3.906023
217.315900,5.498522
33.662450,3.748143
112.019900,-4.633944
277.994500,0.651668
166.285200,9.172767
162.428300,-6.814892
52.306770,-6.583873
69.353530,-9.235358
111.723700,-8.918431
40.351190,-2.222899
8.908504,0.784051
261.024400,1.937568
101.512800,-1.637511
139.234500,-0.028293
199.567400,6.526422
250.416700,-7.212409
161.702300,-5.081921
111.804300,-5.982671
164.182900,-1.824791
199.709800,-2.669891
219.442600,2.179437
175.533600,-7.791165
60.166180,4.936244
293.420800,-6.335739
9.380696,5.500576
286.374000,-1.517262
278.979900,8.000256
147.603100,-3.843229
190.263100,-4.637522
148.204500,3.110819
297.638800,-8.618657
218.865600,-1.002673
49.280830,-0.154014
193.158700,-5.546692
1.509791,-5.462602
14.541900,-2.749878
255.002200,-3.673680
238.458600,-7.074471
13.169350,8.541678
119.747200,-5.942581
48.388460,-1.093204
2.007615,8.797826
53.775170,1.657393
187.071600,1.023652
232.627100,3.711439
242.541300,0.165669
73.793620,3.652347
290.851500,0.339375
144.552400,6.191889
29.371040,-0.465263
61.062590,-3.369812
153.905900,-2.205788
307.618100,-1.545197
7.685004,-2.712349
259.264100,-8.397866
304.934300,-7.153323
168.659100,8.529651
125.511500,-3.901802
95.725390,-8.571853
10.180360,-5.130341
296.656300,-4.714096
181.111700,-0.698965
39.310330,-1.824205
30.313780,8.662639
45.468790,6.535572
118.067700,-2.424854
142.577900,1.867280
187.050200,7.785220
278.243700,-2.548278
240.605000,6.929660
257.509900,6.162791
94.697020,-2.516700
298.833200,-6.327736
257.181900,2.698385
16.396570,1.439754
218.970900,8.514436
208.803100,7.855732
263.120500,2.753820
85.182810,0.341820
179.506800,-7.832771
186.157700,-5.012119
14.537430,-7.555255
224.601500,-3.617455
16.956140,5.532733
26.157480,-5.338016
200.637600,3.067520
224.899500,9.181394
219.391900,-6.323635
107.103200,6.558933
269.568700,9.356238
241.925900,-7.084146
163.544700,4.048991
52.415450,-2.664318
264.108200,5.337845
167.160300,-4.326224
258.620400,1.396030
165.484900,-6.598233
28.120750,1.678309
112.402200,1.398065
252.980200,9.058991
249.948900,-0.656850
117.618300,-7.975284
12.863600,-4.903728
284.826000,-3.094167
221.241900,-8.973250
177.986600,-2.774850
275.425800,5.851683
165.355700,-3.452126
289.727900,5.870041
108.919800,-3.378384
74.627630,-0.442106
152.253800,3.676404
176.574100,-6.129417
238.781000,-4.528013
49.858240,3.510498
88.137960,0.535715
212.357100,6.259083
271.880000,-1.363984
167.085800,6.260941
220.798100,-5.978213
241.619000,3.606708
263.461700,5.820100
91.351530,2.701191
2.439326,-3.511937
45.361260,7.516697
149.890200,-4.802098
26.344740,-0.108444
231.415100,1.007444
221.989100,5.590703
165.096600,-2.439207
48.932370,3.481183
301.764600,8.510715
94.099880,4.183980
75.326030,5.246089
225.191400,3.325020
199.706700,8.703931
213.547700,2.571090
157.757900,-4.194274
64.459640,8.843909
126.077500,0.570759
30.610290,0.535603
130.319800,-8.922851
282.898200,3.926820
259.270500,8.921432
125.827800,-3.050260
124.726700,3.267898
271.369700,-2.983891
269.461000,-4.466171
282.119900,6.849581
47.873250,-8.888789
196.205100,-4.071761
217.881800,4.424508
21.037830,4.705492
236.662200,-4.273795
243.453700,9.405950
113.783600,-7.956582
57.473240,4.978174
245.769000,-1.915140
100.937300,7.506377
263.373400,-3.674598
290.287000,-0.432008
300.860900,5.384099
30.402580,-7.834512
116.965700,-3.777717
21.934800,-7.102256
37.732640,5.938377
263.298400,-2.556001
223.063800,-7.528652
243.800800,1.306144
47.969620,-2.702151
63.995100,-0.644620
67.420910,-3.223412
225.077800,4.460016
203.580700,5.292011
140.764500,-1.462155
195.768600,-5.350701
259.916200,8.721076
65.897370,1.931109
259.371800,-4.204221
282.717900,4.942711
2.485553,-7.233699
100.556000,4.981364
66.012290,-0.998337
264.525000,-2.831438
268.655400,-7.978459
175.897900,-8.636088
260.672900,-0.188893
171.316600,1.064530
235.003900,-4.048723
187.791000,-7.570643
123.328200,-6.447852
227.296500,-2.033574
180.676700,9.075147
190.724100,3.328656
122.609000,-7.956082
261.029300,-2.777082
245.484400,4.962748
232.477500,4.427774
64.220120,0.601502
222.155700,-3.212294
209.207900,0.722436
26.299030,-2.995796
198.457300,1.082584
115.475500,-1.608448
10.779100,-2.165257
1.096399,-3.374923
117.696700,-2.336673
192.232100,-5.372289
117.396700,-4.287663
105.118700,7.713385
212.623900,-1.367064
92.130450,1.827498
75.281520,-0.432954
162.861100,-3.474435
82.679100,8.288247
82.610630,-7.626487
307.471700,7.754670
67.904720,1.167480
176.622100,6.218392
119.316500,-1.385129
258.507100,-3.998311
232.870200,-7.071826
144.147100,-3.911080
48.418980,-6.697696
89.549100,4.125378
125.213900,8.552655
166.220500,-9.002894
36.695100,-6.676771
83.533830,-6.318655
3.794977,6.215044
57.442610,-7.727149
44.573760,0.117408
8.009935,-5.175634
75.300220,-3.152861
251.930300,4.924191
157.752000,-4.955773
289.900500,-7.195909
291.218500,-9.029292
121.752800,0.191339
228.081500,0.950886
128.175400,-3.950739
122.948300,4.150029
14.926900,-5.751673
83.394290,9.335675
170.377400,3.353908
210.657800,4.786440
148.707600,5.543270
288.061400,6.213017
16.255430,1.194937
267.575200,6.149373
71.747170,4.999117
274.218400,-1.230093
132.711900,4.640479
121.034800,-3.880491
186.748400,1.911124
223.444100,-9.222260
224.429200,0.600204
129.506500,1.563977
42.301070,-2.208881
248.323500,-5.424378
97.512890,9.418447
228.780600,-8.037457
268.113300,-5.717086
222.409700,5.523850
291.011900,-6.764367
100.038000,0.956570
176.399900,3.252785
39.576490,-6.776676
49.367100,1.447275
266.045800,-4.947846
52.075930,2.007111
113.382200,3.449302
55.749940,-1.330575
274.396400,7.957587
301.906600,-3.723408
93.049380,-3.144761
152.804600,7.168433
115.229200,-6.956964
70.938070,-5.648342
133.444700,-3.509903
19.977340,1.864518
76.242170,7.092751
49.403480,8.291444
196.610300,1.624633
89.227490,-4.538866
104.110300,-0.018843
163.809600,-1.861237
284.400600,-6.949864
281.833600,5.419241
181.895600,-8.207305
78.637380,-6.831887
18.763020,1.260644
275.162400,-1.722744
158.110000,5.676611
274.909100,-5.908443
263.194800,5.651107
180.808700,-1.401228
194.343400,5.870017
128.691800,7.408391
233.888300,-2.615205
285.114200,2.702546
4.191729,-2.564135
5.648749,-5.066345
117.265200,1.046414
62.844690,-4.624432
209.056600,8.120988
187.085500,-9.301915
207.355300,-2.371591
90.560790,1.561743
10.278000,4.924855
81.109110,-4.084097
141.558000,-0.491380
268.787500,0.747513
115.819100,8.371617
68.003920,8.553279
181.596000,-7.383021
117.480700,-6.742884
268.957900,-6.790932
27.902380,1.649950
299.061400,8.166516
241.065100,1.423580
56.685970,1.518159
74.406390,1.046791
201.473600,-6.109771
106.578400,-5.363414
254.815900,5.439130
38.648300,3.736624
132.135400,-8.216695
177.552900,7.671165
167.481500,-5.608170
304.985700,-7.488540
224.929000,8.757925
35.188420,7.224252
211.477100,2.584616
155.535200,-1.125215
95.510340,-5.251828
240.210700,2.212879
110.894100,-1.152338
301.514500,-2.732031
41.508350,-6.670230
249.126000,6.431317
119.418500,2.399204
54.600570,1.093985
33.382850,-2.548071
97.408620,6.826729
41.627780,-3.772663
49.319110,5.280324
126.856100,-6.392289
51.956250,7.050620
279.319600,-6.154304
280.141400,8.378322
86.984610,-3.393689
184.688000,7.421696
4.968443,4.154937
150.949700,-1.938903
184.849500,2.798793
306.910200,2.233324
260.374000,2.213139
190.458800,4.254694
209.896000,-0.191989
282.920700,1.924205
121.313100,-2.171635
301.053800,8.317677
310.525700,8.199374
191.660200,4.101315
177.172000,-7.031915
215.019600,-7.600642
7.342090,3.276920
57.882900,8.554255
145.630700,2.356054
81.947380,-2.476371
294.236800,8.567710
192.051400,-6.519407
63.289460,-8.100001
201.303200,-0.775745
42.037560,6.225259
226.056000,-5.692464
128.097700,0.807870
233.317300,5.952570
75.492920,8.766238
63.166070,-8.521102
68.081900,6.794021
230.261900,0.194560
201.959800,-7.841777
22.859290,2.943760
252.045200,-0.743437
42.206790,-5.287613
30.359560,-8.840018
288.226800,-0.311642
262.994400,-8.446877
124.084600,-8.873380
146.395200,-7.636422
218.258700,-5.524131
1.442223,9.319987
166.748200,-9.301648
200.216800,-8.986154
65.067530,-1.202725
213.903600,3.998670
196.380200,-7.971047
110.092200,-2.171040
264.346200,-2.392982
101.834700,-6.288119
271.084100,1.045198
45.572840,-2.356655
301.185500,6.389184
198.768600,-7.795360
305.556800,-7.599320
275.212600,-2.543015
117.313800,0.519003
119.077100,6.408507
74.895820,-0.138544
191.097200,-4.670916
151.835800,-5.046338
139.796400,-9.034228
222.216700,-4.667611
148.598600,-1.333652
144.793900,7.205010
309.255700,-6.180532
210.942600,-3.606342
225.475800,6.822575
29.654110,4.717442
88.113160,-1.437387
239.556300,-0.872071
193.973600,-2.153085
126.322000,-4.257242
55.878210,4.747448
177.722200,9.314656
220.825000,-5.448788
206.665700,-6.960860
130.953000,-9.041665
268.125000,3.902514
71.331950,5.303055
43.799140,-4.232759
212.525000,-8.984960
159.858600,2.788503
64.658240,8.698762
145.136100,-0.459283
189.478600,6.940433
215.501300,-3.426160
27.874990,4.809945
118.124700,-1.862432
160.994900,2.693594
108.519800,8.125663
163.195700,-1.803404
293.410500,1.945836
97.340980,0.636230
33.322370,-2.529192
106.501700,1.343882
310.305100,-8.191997
181.941100,2.700741
171.626000,-4.318501
97.053310,0.434860
259.293700,-1.042154
52.908050,5.983709
32.504690,5.288933
259.175000,7.004674
229.498700,8.237620
67.368720,-2.648986
248.694200,3.830562
33.232010,-3.453624
287.329900,3.209452
148.324100,2.647759
194.683700,-6.014433
249.624200,-8.471808
82.971050,5.587980
71.379410,3.926368
119.280500,-8.045655
92.208160,-7.370153
304.539600,-5.667845
220.484800,8.891061
7.217662,1.885980
285.114500,9.273528
4.501027,-3.187912
309.619800,-1.451605
51.543640,0.410609
259.494900,3.420997
185.172300,-8.090135
167.034900,8.538775
73.896810,7.255149
0.864481,4.381814
114.629600,2.912987
127.772600,-5.048833
154.446600,6.871350
112.411200,-1.722010
285.482000,5.970730
93.671040,6.135166
301.347600,8.358750
177.069500,-7.415590
76.095060,7.073948
309.726000,-2.415798
235.089400,-0.513850
207.774700,0.607211
83.316350,-6.900237
289.572700,3.877827
288.832500,1.816888
236.297500,-6.203763
231.240600,-0.031263
106.620700,-9.201623
35.991920,7.537230
117.683800,8.669082
237.898700,-3.344405
103.330400,-6.759027
208.008200,7.022086
19.934210,8.371684
19.547340,-7.830768
289.713400,2.107480
76.770330,-8.174830
281.997300,-4.145658
167.773700,5.890738
213.947100,-4.620320
36.329090,2.761405
87.750020,-5.529428
250.294100,-8.381188
25.350210,1.272569
73.296680,1.963861
193.565800,-0.967607
38.659790,3.122066
181.657100,9.083154
86.729000,7.032592
107.442100,-1.477061
54.329740,6.447219
29.661720,-5.896092
217.568800,7.760514
226.640300,-1.317272
275.411900,4.192420
55.184320,3.500392
78.173100,-0.063598
270.360100,7.507533
269.441700,3.550017
43.052190,3.476033
230.707100,0.766103
181.333100,1.986179
196.229400,-3.147819
71.450680,-6.641680
121.570100,-5.804331
179.550700,7.112102
100.512900,-2.219997
54.846820,4.557232
10.588820,-6.145302
299.609900,-2.977000
37.607320,2.321028
216.259000,2.239270
12.323170,-8.107310
103.198700,8.236651
98.377820,-0.084576
301.371200,-6.689553
252.178200,-1.840660
297.365400,2.832509
239.538800,8.195503
12.483230,9.370198
237.063100,3.219798
226.810600,9.084493
1.347232,3.423083
22.808850,-6.828517
243.080900,-5.855921
162.894000,-7.982945
285.157800,-3.155042
188.575100,-1.786263
160.944800,2.515614
77.568980,3.932140
191.022800,1.761791
69.775640,3.736884
18.145360,-2.241400
52.777510,8.646045
245.725100,-7.374229
272.192800,6.001540
97.053430,0.207905
127.388800,-4.795074
228.648900,-6.449967
307.664500,1.683832
75.571380,-4.244072
306.747200,-1.253439
10.338480,-4.174932
237.164700,8.866920
276.279300,8.961841
63.774750,4.816425
123.586500,9.372313
170.376700,1.547265
221.683400,5.295277
308.209100,-6.090665
304.645400,3.191803
172.952600,3.348706
138.550500,1.803866
174.838800,4.443504
272.049300,-7.606060
168.555100,0.026209
9.703127,6.360623
162.485900,-8.411231
292.703300,-8.031262
151.963800,9.268199
159.291100,5.165854
69.810350,-7.097027
134.189300,-7.242257
106.026800,-5.009564
84.575140,7.723372
87.457060,-4.479249
35.940700,8.705932
163.751200,6.017174
242.254000,-5.809945
278.192000,6.222166
262.432900,2.829151
223.794700,-7.231234
173.308300,-8.499845
145.929500,0.029756
264.449200,5.105174
189.866600,6.767386
28.470650,-8.405250
106.067700,-5.098842
75.487550,7.936307
45.552770,8.813701
249.935400,6.592743
159.486500,-7.916572
62.682910,4.481960
140.469200,1.562923
138.598800,-5.859124
2.003474,1.621685
173.738300,-3.974342
3.734535,2.466388
165.602300,-3.594875
127.874900,-1.798513
13.459850,6.947680
41.175480,-8.094289
273.209800,-0.952445
293.586100,-3.068435
310.444200,-5.754250
122.524700,4.954932
50.722190,5.255536
287.069000,-6.706040
45.649850,2.883509
303.884900,3.175694
245.595300,0.038895
183.465000,7.414107
19.824560,-3.250920
83.059780,-7.484334
225.419400,-1.302180
144.246100,-1.218473
306.166200,7.633019
64.470090,-5.735633
178.387400,4.107318
280.976200,-1.576392
175.108500,-7.601342
240.518400,1.435696
294.372300,2.165757
290.655400,-3.686747
13.270240,-3.413903
297.486500,-2.551225
244.740100,3.143460
306.696400,5.270285
230.769300,4.178375
241.735000,5.048388
91.925540,6.997979
243.913600,5.379850
160.490200,-2.669086
12.607020,7.818194
236.056200,5.204700
58.730800,-8.254901
299.071900,2.026360
151.570000,3.757975
215.765400,-9.302466
57.181880,-6.256576
92.267490,-5.177335
240.063200,9.014878
56.375250,1.640708
225.343300,-8.317300
123.421600,7.958011
63.821200,6.573317
307.631400,-8.983268
75.884600,8.243203
212.761500,7.896321
257.583600,6.301998
167.124600,-4.159863
120.476200,-0.655662
85.264180,3.741741
168.233500,-0.687636
154.967600,1.439024
198.376800,-0.261306
92.523920,-6.170401
264.238400,-3.343183
205.446500,-8.632564
297.647300,1.062050
52.881230,0.955233
309.213900,-8.980708
13.023960,3.426316
224.327600,-1.449115
208.172300,1.065746
187.748800,3.116279
155.026800,-2.609065
135.367800,-6.522182
137.642800,-9.235953
224.898300,-7.105615
289.443400,5.974639
125.076600,9.364642
41.495930,2.974172
169.882900,-0.998113
242.046600,1.047105
245.368700,4.220913
36.234700,-1.170903
111.219500,-6.808281
144.990100,2.676307
150.371600,2.260916
217.511300,-1.721160
77.830000,-1.379633
28.571500,5.699781
294.543000,1.411266
143.394300,1.376900
233.629600,6.412072
235.971100,-6.641770
231.658900,2.423294
223.197500,-1.367943
286.871500,4.012004
118.497700,7.925643
126.868900,5.762890
8.831122,1.055322
206.735300,3.329502
51.864430,-3.653244
109.824900,1.582715
35.590210,-5.509658
73.676380,6.546521
60.742540,6.720774
277.855400,3.291243
19.124920,-4.617474
195.883500,-2.668493
218.539500,4.619587
20.503290,-4.808794
5.001052,-4.413574
41.491530,-3.012948
241.950700,-8.148808
124.927500,4.748832
244.907200,8.745820
233.981800,6.290235
256.160400,-3.857493
42.545300,2.435075
28.263540,-0.174996
158.015700,2.662318
1.623101,8.179324
312.231100,4.202346
87.509600,-4.996054
298.079700,1.215842
20.130870,-0.217840
230.596100,0.023727
39.207540,-7.119417
206.107000,-2.844280
300.125100,4.702139
292.659300,3.727200
76.812120,-4.476180
161.650400,0.567452
179.091300,-9.003789
250.993800,-2.448195
305.657500,-2.310922
283.044000,2.724362
90.694690,5.438849
103.012800,6.668923
81.437870,1.678316
180.303900,-7.336639
298.204600,3.386135
9.815951,2.165647
117.460300,7.701936
27.361800,-9.233569
133.344800,-2.195146
27.705010,1.486893
186.175500,9.372962
237.257500,-0.034105
41.813510,-5.587090
226.353200,-0.608632
312.850100,0.651138
35.630950,-2.426295
280.075000,0.776161
150.460800,-2.530500
115.488700,5.940192
35.343590,3.259773
252.421500,1.234124
53.247270,-3.923348
24.578680,-4.204416
244.362200,3.468774
148.338800,0.260341
279.169600,-6.516068
104.729400,1.366065
209.950200,3.338302
173.181000,5.428824
287.607300,2.643011
123.996200,-2.249504
86.988080,-6.193953
123.821600,7.716122
57.778960,4.271940
120.406700,-2.710155
23.136060,7.279737
126.294800,-7.606057
15.608480,6.145231
55.965330,7.676143
307.973500,-6.808981
252.470700,8.307176
27.077010,-1.756825
214.245400,1.458260
176.205700,1.851600
109.096100,-8.628980
157.515800,3.140430
27.591930,-0.611079
216.548600,-4.934752
259.886700,-5.554713
218.855600,-4.767173
126.522900,8.569482
265.827600,6.086465
201.642900,-6.664166
189.733700,-7.685822
248.931500,-1.166778
168.128500,-3.579371
156.969500,3.617745
189.803900,7.209303
172.688800,-0.392796
111.704600,1.238575
137.488200,-5.827196
44.591000,2.899111
253.315600,-0.112763
159.255300,-1.048633
302.440600,-0.820087
160.271100,5.004079
120.105700,0.321819
293.384300,6.926755
128.413700,-0.121251
56.217470,-9.161117
7.346119,1.843897
11.969470,7.051503
195.341400,-2.759241
277.421500,-7.401294
181.410100,7.675405
22.243050,4.288821
167.152200,5.923231
295.960500,-1.613962
111.936400,-7.862936
134.600600,-5.276266
304.998600,3.477343
17.867170,-2.018038
59.802710,5.977347
209.501100,6.250090
132.980200,-6.944973
168.268100,-1.359567
194.767000,-1.531139
163.874700,6.376936
8.439930,-9.017581
222.271900,0.084861
241.077500,2.241018
20.645300,-4.877144
59.004960,7.400448
263.828300,-8.435975
240.972500,-1.321494
279.046100,-2.898601
253.498700,4.913495
46.522110,3.708870
154.094000,7.720803
113.868200,7.258088
48.346860,0.018146
308.490600,6.544600
66.033630,5.049371
20.900460,0.257784
295.882000,6.766597
231.244600,-6.122860
266.890800,6.706752
95.247930,-2.195557
196.053200,3.191116
45.908290,-1.087316
66.446500,-2.070554
37.578670,5.182465
24.141220,1.121525
21.098500,6.241669
249.114200,4.342448
207.546200,-5.769457
177.021300,9.140922
104.182000,1.296291
126.642800,-5.469609
53.152100,8.670030
31.107220,-3.066364
304.835000,-3.641175
225.365900,-5.834330
61.189400,6.412240
272.673700,-6.323628
262.540100,-8.197780
27.208720,-6.706979
58.209850,6.575362
39.675620,0.796886
72.234950,-9.231620
231.715200,2.186184
218.660400,7.632745
30.349980,9.087626
302.535400,-8.381150
60.891970,-7.863665
127.443500,-5.000058
59.748870,-7.044005
103.999400,-7.021777
245.504700,4.445886
92.735420,-0.274063
61.657980,7.309173
77.570480,-5.947516
138.633200,-5.479082
221.553500,9.123403
305.546700,-8.725577
235.670100,-1.094624
304.128300,-7.698569
209.099200,-4.986060
50.338010,3.640160
280.477600,3.063359
69.081310,7.354336
296.561900,5.637949
299.433500,-3.317487
99.413720,8.354430
85.037900,-5.488282
46.744590,9.026725
158.917200,0.039718
202.990600,0.379755
234.996700,7.842738
272.136100,2.276472
197.753700,-2.638194
38.533990,3.293973
250.262300,-8.994922
34.785030,-8.928790
150.756300,7.355601
208.299400,4.494215
46.833690,-1.194679
221.730000,5.366890
249.706100,-0.280412
71.498500,-6.359035
91.483420,-2.740315
78.338270,3.911494
213.211100,5.315670
178.591600,4.761984
240.535800,4.746649
39.543990,1.008221
56.073490,-2.236956
113.567700,-2.888533
293.280700,8.960696
171.027100,-5.180633
124.542300,-9.012355
91.137340,-7.140838
220.466600,6.202538
229.233500,1.825755
37.710700,-6.479592
306.741600,-6.978604
2.378736,-7.538995
107.522700,-0.135563
66.341690,-0.533239
148.884100,-0.369248
99.173290,0.421958
150.111100,-5.879874
86.110550,7.345031
134.470400,1.873873
116.666400,-6.174690
63.304680,1.016027
244.352100,7.618747
189.691400,-0.222324
59.432640,-5.816850
4.406745,2.662354
246.966500,-8.263776
250.167700,2.126415
278.509900,-1.971176
129.741500,-7.582707
299.892100,7.630023
142.042300,2.077822
164.749200,8.303397
236.569600,2.356460
231.130300,4.662683
215.281700,-7.003033
173.781800,-8.859130
45.751410,-2.598367
95.387740,1.527843
259.363100,-3.424972
14.693680,-4.532829
62.323250,-1.087324
85.258090,-4.255248
274.915700,-4.207191
110.671900,6.709672
58.043890,-7.046916
34.753050,-2.204779
115.023100,-6.081952
91.355260,9.401763
19.143430,3.079241
310.135200,6.875773
129.581400,6.556748
42.969930,4.181791
27.805150,-1.235293
239.017000,-7.687458
3.431244,-7.994006
39.604030,-7.875081
259.807100,9.226285
230.960400,1.631515
167.004800,2.342754
118.678800,-7.884565
207.651300,8.754758
234.839100,4.964201
96.063490,2.480811
150.984900,7.838403
10.549270,-8.260505
15.416480,-8.551278
152.872700,4.582166
198.755500,-6.019954
228.649100,3.014714
205.504400,8.117091
61.807510,-8.461656
84.922680,5.203136
255.006900,-0.861084
164.138800,2.470225
222.278500,-5.746771
106.169900,-0.869785
65.496970,-4.185400
100.355000,1.668077
69.620820,2.058754
304.495200,5.567742
176.480700,3.906783
8.135893,3.581620
238.080900,-2.159259
166.648400,3.438095
29.692910,-2.157195
111.478100,2.438254
283.570900,-4.265464
81.186550,-0.873875
224.390900,-5.247279
117.197400,7.669982
262.588300,-3.394595
112.882800,-8.452018
33.430380,4.968353
284.917000,9.228133
247.490700,6.360424
275.321500,5.508428
256.921500,8.696012
95.633350,-4.739676
219.963100,-1.708633
259.118000,-6.696363
178.935000,6.451230
290.538200,8.228471
98.812400,5.037730
135.391200,-3.121745
172.403900,0.763097
226.263400,-1.055270
64.039020,0.485879
237.423200,-9.165277
310.621200,-5.413997
308.123200,-8.781110
157.631100,1.326158
232.501600,9.329576
208.419500,-3.551410
31.912730,-6.992461
92.643160,3.407430
36.358040,5.769151
283.950300,3.701732
307.211500,-4.979509
17.515050,8.253684
199.159600,0.011764
254.573100,-8.595624
169.271900,6.886736
196.247300,-6.397002
199.732500,9.338195
26.888790,2.616224
132.416500,-2.381335
72.043260,5.134219
71.876820,0.964040
280.876600,-2.943540
294.118100,-6.930673
172.901600,-4.203216
12.592320,-5.441470
82.250600,5.288312
240.024500,3.118751
102.323000,2.064928
11.720170,-2.796791
118.015100,-5.008008
85.545230,1.479044
88.680670,-3.773192
28.546530,1.303835
69.485000,-0.275497
213.709000,-6.310496
192.138500,-9.256463
291.036000,-0.605597
38.783100,-7.423769
289.509900,-8.346488
18.710490,-4.631238
308.968900,-3.450246
240.286500,0.326048
40.279630,-1.364084
84.193090,6.380599
261.385900,-4.583590
23.867590,-1.395759
8.266999,6.226621
117.637400,-7.425256
260.164700,-1.256845
121.611800,9.295554
54.033280,9.006131
238.859200,-6.336807
254.047000,-1.248506
132.648900,-4.492179
228.336900,-6.817653
211.504200,-1.949922
197.285500,7.409511
25.423410,-1.718934
215.776200,7.028228
252.653700,6.784886
75.458780,6.058218
67.978430,8.403810
101.698500,6.853755
242.324800,1.406818
267.434700,5.194163
171.932300,5.257855
272.745600,0.511717
87.886760,-3.252286
154.421900,-6.484659
210.396600,-6.236675
302.954900,-2.398963
288.760000,3.823942
169.834500,-6.734813
101.275300,-3.208788
83.948570,-8.562068
297.308500,6.842692
207.038900,2.318726
230.071100,-7.753093
195.688700,0.339559
137.624000,-8.278441
37.095470,-1.052323
173.353200,-2.962392
116.644500,8.225444
37.373050,7.012507
242.076000,1.071951
249.087200,1.660751
256.835300,0.114184
25.393560,-9.024035
125.463500,0.642610
98.597420,-5.050925
238.169800,-3.168051
192.331700,-6.011268
96.876400,4.875176
149.772900,-4.628257
113.483200,0.099067
234.893800,6.081393
105.057700,-7.292950
203.163100,-1.389929
135.850000,3.603853
99.163860,-4.298457
303.759400,0.797734
3.159405,8.817414
283.463300,6.949141
86.632850,-2.130996
206.837400,3.601477
92.603420,1.472106
266.722400,-0.508545
247.853000,3.057340
8.606481,4.032678
152.229500,-0.270263
229.260700,-5.604363
28.977310,4.662734
14.160370,-6.710473
37.282880,1.204449
174.947000,7.770455
232.302400,-2.201519
40.358620,1.737744
293.561700,-0.848192
224.701600,1.153749
47.748790,-4.509501
60.888020,1.558744
52.335980,7.087127
53.191460,0.432962
229.945600,6.274617
128.693100,0.917719
46.152300,1.443811
128.228900,0.011977
238.408500,-0.545417
217.458200,-8.880021
163.082500,8.050260
251.205400,9.028703
79.465610,-9.032578
236.994000,-6.417253
172.203000,3.198855
299.001400,1.028999
83.105440,-7.439660
310.047400,5.831895
200.006400,-2.142437
235.780600,-0.022389
201.366900,-8.883807
71.475330,2.752066
115.432000,3.431231
165.145800,8.517770
144.738700,5.796638
2.553420,0.907541
160.394600,-3.101836
275.911700,7.361018
74.180110,4.061627
254.401400,-7.848380
98.077320,-4.827721
182.381600,-1.630564
132.916500,-6.286229
178.650500,-8.211116
254.276400,4.588944
99.687420,-5.752065
265.688100,7.469125
137.077000,-5.073793
304.798700,-4.132730
31.872590,-7.931292
172.938500,4.745709
123.534600,-7.581689
93.226830,-9.056310
192.172000,-0.336946
279.886800,5.512639
191.837200,-5.231549
135.193000,-3.551046
17.715730,6.498027
82.513710,-1.309249
162.111500,-8.882327
97.457010,-6.397599
242.787000,-6.303298
301.933800,8.026683
109.993700,-8.035546
90.979140,-1.605029
56.026590,-4.574300
215.947400,-7.320959
132.068100,-7.481107
69.354870,-9.227410
194.707400,-6.883548
182.441900,0.585459
16.304160,-2.979364
278.291600,-8.893300
186.075800,-4.684774
25.534850,-6.661714
69.178920,-6.873259
114.613000,9.109076
310.336900,1.468418
222.011900,-4.688298
215.628800,-2.442047
97.204800,-0.298947
191.939800,8.151219
185.059400,-5.338579
32.756980,5.172503
141.350100,-7.855416
97.796260,-6.846470
296.805300,-6.906909
275.834800,0.487561
245.916300,-8.270436
141.798700,-5.564312
114.113100,-8.226052
250.763700,-6.077188
281.355600,0.985326
282.630000,7.393146
117.716000,-7.847255
205.829500,2.950606
164.680700,-2.055264
289.124000,-9.031884
213.948500,7.528358
164.698600,-2.155724
121.509000,0.034513
229.550400,-6.464499
8.362736,0.223399
59.231800,-5.968491
230.867100,-5.530722
36.726880,3.161844
179.428500,8.541450
162.229000,5.225591
261.447600,-5.079099
296.826900,3.412470
135.296600,-0.639587
169.990100,-1.529392
252.999200,-8.658868
270.474400,7.099642
153.672200,-3.704251
121.474000,2.630951
14.238240,-2.342272
50.214100,-7.401182
28.124370,0.331106
242.006600,6.953120
290.431700,-8.449687
94.901700,-5.647783
20.733640,2.177994
90.942730,-8.895785
35.770560,-7.762524
116.429100,7.500510
34.565350,-1.736192
33.944960,5.483638
126.269300,-8.665988
255.700100,2.696429
288.254000,7.765673
212.537400,4.332995
183.029400,3.273365
8.226593,-0.735613
69.082700,1.386669
18.965720,7.708102
166.651200,-3.976388
59.392900,-6.959897
147.147500,-7.802400
209.885900,-7.070884
32.187520,7.009093
287.872200,7.375346
138.723600,-8.769288
100.795900,5.364625
203.012900,-8.508689
209.536800,-4.612144
86.873910,-0.736328
139.971200,2.252333
113.805300,0.703579
8.923465,7.085519
256.853700,-1.215393
135.808900,4.501290
235.265600,-0.655717
172.504500,3.091430
219.486000,-5.082548
150.534400,5.941753
246.871600,-0.499036
10.129800,7.671391
276.437100,-7.805736
145.154300,-1.017685
183.423200,7.067807
64.456850,1.818285
146.814300,-4.420853
191.342000,6.302613
95.805310,-6.751521
267.173600,6.919999
46.301240,4.247399
298.847000,-1.838843
197.367700,0.733656
8.441497,-7.193314
53.474530,7.033002
53.981680,-0.477339
106.717900,-5.419969
277.653600,2.046522
142.559600,9.330617
157.970500,-1.940955
80.187260,-7.322551
116.032600,-0.907654
87.522540,-7.735789
293.982400,5.391263
256.229600,0.679929
94.694600,3.406223
223.817900,2.453335
250.500500,2.180886
278.205700,-7.212157
289.012000,-6.378180
161.852500,8.424281
115.646500,-2.691866
69.975480,-5.260806
154.560300,-8.693624
153.252400,7.282033
10.428200,-3.708385
24.755750,-3.886420
245.507200,-4.269158
203.769000,8.392215
285.730700,-0.014237
152.195500,2.540927
10.158420,2.353037
58.497990,2.965632
181.862500,-6.796174
66.727400,-0.630632
142.944700,5.286019
271.517000,5.918828
298.600500,-8.809409
294.397300,7.213328
69.337450,2.103231
282.550000,-5.285073
229.411300,2.551426
189.144700,-8.377677
46.752500,5.752549
160.735200,-8.898635
270.071000,-8.931373
232.696000,-8.707076
68.900280,-0.996163
250.633800,-5.529957
82.733270,-2.458739
248.729500,-0.723916
302.481000,-2.343911
7.338509,-5.012959
140.413500,6.820930
148.629100,4.114209
106.866800,7.569887
289.655500,-1.938950
125.277400,6.127230
306.964900,-2.155241
157.602800,6.610621
278.835500,-8.938062
10.463540,8.141574
93.413490,8.697768
222.758900,-6.726407
38.113950,-7.844342
12.675970,2.643796
258.098100,-6.910340
220.096500,4.096864
254.862100,-4.264230
173.656400,-0.242922
236.671900,5.637233
188.350000,-4.749988
160.723300,-2.119403
127.864900,-4.847537
309.705000,8.672265
166.188600,-8.184691
141.392200,-8.914706
225.913600,7.958201
116.080800,9.296849
219.977600,-4.971992
90.307530,0.083418
14.929030,8.683282
274.731000,2.018325
302.396400,2.815018
139.452700,5.050802
153.050200,7.643752
79.835460,0.024905
133.513700,-5.871863
159.512300,2.106170
102.355500,4.495119
187.900200,-0.367359
97.022540,0.525398
149.805600,7.147489
249.356600,-7.675677
206.985300,8.894912
276.952200,6.925822
263.843700,-7.437461
238.598600,4.371971
108.965400,-5.176258
81.922710,-2.818526
89.174800,-7.069493
85.385550,6.276674
295.812300,8.370069
251.475400,6.700845
13.015790,6.149034
109.627500,-6.883273
79.837470,-6.077856
295.528000,-6.573976
222.771500,6.436696
198.107800,-7.716573
0.855826,8.294366
276.720800,7.922492
105.588200,-0.605785
234.601800,7.341536
37.943630,8.232358
198.046900,7.784051
262.243700,-2.433002
262.955900,1.303163
215.470000,-2.658298
106.846300,8.571973
76.605720,1.244414
89.201590,3.911662
109.584900,3.982761
87.739650,4.650576
26.970530,-0.620768
87.754750,6.904298
47.663310,7.856261
289.684800,-9.365958
212.233600,3.483907
191.978500,7.676175
120.941600,0.639579
48.410740,-3.975677
258.838800,2.394396
237.071500,-4.760636
274.153700,0.922747
92.900480,-6.241738
258.353200,-6.392684
114.152200,5.428679
217.196100,6.831797
204.318600,-1.376485
38.869850,0.629166
234.390800,3.366802
102.659700,4.704929
183.746400,-1.208553
302.952900,8.801204
62.302060,9.302911
257.110600,9.137687
112.530000,-5.181018
261.064800,3.505184
142.074300,7.099551
280.137800,4.568791
248.779000,-3.756931
47.901490,6.165818
236.717800,1.545834
37.084570,-4.348062
277.683500,2.241583
65.770560,1.418768
192.379800,3.191791
29.228370,-5.981217
87.420980,-1.984705
156.424500,8.865310
246.330400,5.327443
141.113600,3.207256
286.058000,-1.248894
151.202500,-7.832351
291.245700,6.582633
160.839500,-8.675530
167.932400,0.608286
43.351380,-7.721908
115.655100,-0.316929
147.841800,-3.432161
126.836400,7.250741
66.275470,-7.212774
78.560750,4.367263
119.791900,5.504572
177.064900,-9.247691
112.701600,-2.904469
310.375900,-2.259794
283.860300,-2.075853
144.552500,-7.629079
196.242800,5.415749
93.134340,-3.393970
181.540500,1.540594
140.246500,6.516141
288.531600,-4.557076
167.262100,-8.538394
136.936600,-9.255664
193.294100,6.418237
50.753000,-5.477119
91.276460,6.096833
307.672800,6.842071
176.001700,4.477258
172.587100,-7.413044
210.887800,-2.537858
50.950370,6.529280
8.525631,-1.911439
205.775400,7.320992
91.127370,2.423433
241.287400,6.229681
121.899000,-0.785424
47.092510,6.991055
264.200600,-4.652439
280.617400,-4.941339
142.016300,-2.152619
31.781360,-3.929040
302.549000,5.331089
260.494900,3.235924
236.087800,-7.036035
66.563390,4.847497
101.388500,-4.732165
66.646000,-1.210985
74.444040,5.443863
133.169000,-8.169148
205.453400,-4.581234
52.136490,-8.204875
294.712800,-3.065989
10.565240,-7.167005
289.226600,-7.285228
271.367000,8.507258
57.717060,3.375273
144.912300,-4.973383
169.188300,5.916970
247.873200,6.250191
276.854400,-7.959725
112.502500,-4.244740
124.059500,-7.279769
284.084700,-5.016880
173.731300,-9.162732
12.480020,4.293090
125.309800,-8.863219
140.529400,-5.676475
10.426940,-3.303188
261.876900,-1.958901
312.545100,5.059505
274.813400,-7.839740
98.891490,4.205184
95.959620,-8.819228
169.347000,2.833134
280.869500,-4.062046
142.592900,-1.944937
241.549600,-4.503620
95.952640,-3.396888
287.045100,0.957245
89.939460,-7.196591
137.463600,-3.877113
142.778900,0.720971
222.637300,7.797332
148.696300,-9.176042
223.924300,2.485120
92.744570,-5.570578
76.606650,-2.319487
50.438740,-9.303704
191.455500,8.014318
140.351300,5.568926
50.092540,-5.719843
223.576200,6.453671
185.013500,6.751894
105.969500,0.204816
106.225200,-3.556959
110.321600,-4.651676
135.506300,2.362472
159.119000,-3.536202
57.515850,-7.723630
22.995890,6.441069
24.707020,-5.100674
156.225600,2.886403
134.801800,4.331476
41.454110,3.117183
104.164100,0.040577
291.760500,-6.588859
5.990059,0.514944
134.234700,-4.364828
94.876290,-6.782327
165.982500,5.001062
299.834300,8.317027
304.841200,2.937835
61.656780,6.218195
159.539600,0.255100
28.213360,0.026471
240.956400,5.785487
27.318560,-9.263459
8.777061,-6.424000
268.039800,7.462366
20.431330,-9.302112
277.316200,-3.349495
254.275200,7.766393
184.875000,0.363178
226.258100,-8.025533
124.501800,-8.973243
254.806000,5.326259
283.727500,3.733284
259.527100,9.064654
174.493600,-7.846354
198.203300,2.310691
196.064200,-3.893101
50.264240,-4.625540
125.781300,2.856471
61.097990,-1.301859
174.968700,-1.249300
140.067200,8.105899
244.500400,-1.886597
304.185900,-0.624061
310.519700,9.125203
8.823736,1.978832
41.293860,-2.862870
230.485000,3.019528
243.086000,-8.183942
155.568100,-5.020170
297.083400,9.420142
160.704400,-1.163402
207.869800,-6.877142
154.741900,0.839576
250.571700,4.646334
171.258300,5.562954
175.416000,7.025815
149.117100,0.535809
224.832400,-3.304249
120.399900,-2.125323
63.985250,0.931649
240.341700,-4.278831
52.659530,-4.938691
51.780560,-6.755897
306.928500,0.917088
188.015500,8.404567
42.788720,1.600480
137.762700,2.760397
264.983600,-5.997375
89.793400,2.811106
188.749200,3.576532
3.494708,-4.632001
176.159100,-8.141376
304.756000,-3.829595
144.397600,2.713877
6.799830,-0.260886
151.436500,-0.173785
152.268100,9.399304
117.489100,5.127606
251.518000,8.949761
255.462500,4.128189
56.027490,-5.601313
196.518900,-3.862873
152.621000,-5.128376
286.958400,-8.882434
116.242600,-4.517856
23.211500,-4.652257
92.341470,-5.692558
52.518240,-9.232635
272.036200,-9.337255
271.532700,-3.010743
282.602000,4.769678
145.395600,-2.379472
216.606000,0.611227
148.537500,-4.339199
185.866200,-3.035004
209.688500,-5.792524
70.139860,2.274541
202.314000,-7.355563
15.299440,-9.011580
311.876300,-8.019465
84.583160,-6.632741
238.182400,-0.649798
8.566783,5.476603
102.940400,9.108464
260.256800,8.034793
150.265100,-0.124443
282.518600,9.190553
247.074100,4.387739
57.375490,3.359801
183.758700,1.634092
223.474300,-3.073733
188.477100,-5.942788
63.087390,2.054553
10.070520,-2.739252
70.880870,7.030236
137.957800,-0.093038
272.502400,2.674710
232.353000,-3.165706
228.854600,-6.403358
207.835000,-8.218974
310.983900,1.357718
38.907570,6.141613
211.940600,-6.433542
233.358000,5.252996
86.691910,8.149117
151.139800,1.312158
37.190650,-1.959799
164.418900,9.400594
244.977500,-0.659381
255.533600,2.308984
192.106300,7.281405
301.778000,-2.153985
246.937900,-6.377302
84.281620,-9.001061
142.570400,2.129208
11.079890,-1.922347
217.749400,8.774240
63.819110,-2.884596
154.851000,8.762042
262.044500,3.213504
145.503700,2.879246
147.604600,-9.072268
200.877200,-0.934010
204.379100,8.054343
155.845300,-2.897780
266.962700,8.768535
213.125400,-7.527019
246.347300,-3.658069
248.296000,-4.933689
254.130100,3.585905
174.150700,-5.067927
80.941620,7.198352
266.265900,-0.598045
37.270080,8.359534
173.191600,-4.343194
270.934100,4.601841
159.364800,0.827806
201.922500,-1.688337
61.699610,5.580584
88.874080,7.637599
246.966400,6.731885
209.315100,-0.002418
310.025400,-4.462835
12.353980,-4.134147
97.650540,-8.451583
148.203900,-6.235026
234.091600,-3.830469
262.100500,6.144994
268.827500,1.100360
97.551590,6.636269
12.645450,3.395554
298.244100,-5.183329
184.123300,-6.418365
267.764100,-0.348092
71.829630,9.019023
232.471000,5.354876
66.621370,8.186472
304.350700,6.657947
150.463700,-3.208249
27.103770,-7.821189
239.320700,7.488385
205.382800,-0.746730
172.585200,7.756570
85.452890,-1.502316
149.751500,3.181082
73.465360,2.778197
120.474800,5.652960
277.454100,2.998500
260.974700,-5.320261
19.199910,1.356237
262.589300,6.648044
78.601680,9.387683
45.539860,-3.358060
167.849300,2.838677
180.858000,8.796283
91.082450,5.242034
279.446500,9.383430
43.056860,3.287203
215.618700,-6.718965
50.091580,-5.343613
15.484500,-7.232999
43.339410,6.191481
66.808590,-7.541524
244.839500,-0.595802
196.485400,5.078485
123.874500,-1.777831
215.763200,-4.948598
269.276100,-8.957290
60.113950,7.795804
276.960300,3.575449
89.211370,-5.289894
175.423400,6.289791
58.689910,6.368656
189.414600,-4.143673
311.888600,4.196651
93.189150,1.211775
49.532040,5.815111
62.113310,-2.209281
69.279130,-4.097265
121.309400,0.037221
159.558500,-8.644513
116.826700,7.987090
141.168200,2.410866
9.750734,0.151194
79.337150,-6.801224
109.004100,7.546811
186.349800,-2.233822
223.279900,-1.813873
226.118700,0.129768
169.207500,8.228553
194.523700,5.436826
241.912300,5.591285
8.425342,-1.541732
296.773000,8.294404
129.955600,2.047657
221.480700,-6.403833
278.758000,-8.766067
192.771800,1.989064
211.546700,-0.691158
245.495600,-0.101006
280.594500,-5.127499
281.764300,-7.663095
131.802800,-3.802958
223.292700,-3.495185
222.207200,3.575321
266.113100,5.444215
183.986400,0.396605
178.532900,-2.370745
247.065000,-0.250493
141.822100,-6.316488
67.216540,-2.287857
302.172900,-3.343418
265.738600,3.075685
296.827500,-6.506953
223.426800,-9.163610
283.703500,-4.793854
277.682100,-6.511350
170.520500,5.900435
71.340080,-1.475679
41.309790,4.102612
147.720500,-9.088218
57.519580,8.982276
154.164200,-8.220572
93.613730,1.899450
4.778014,1.251649
306.941100,-6.014330
233.098700,9.068143
134.650000,-8.307702
295.173300,0.399350
230.041300,7.482982
117.127200,1.262983
157.206800,-0.751970
192.210200,-7.597060
3.933806,-2.532088
217.494500,5.168700
70.505100,-3.425238
118.762200,-4.659649
10.623330,7.339643
299.814700,5.820189
259.397900,5.577157
78.361860,5.564924
285.622600,4.652040
312.554100,-1.556624
259.820000,-1.258592
213.991100,-6.814391
275.063800,-2.745708
157.476400,-9.142470
4.919940,5.755461
114.570800,5.651996
84.823330,-1.186900
9.755920,-3.207832
306.960200,2.221295
218.956100,-4.454118
265.673900,5.497349
270.491100,1.401540
88.955090,1.602129
84.476010,-1.156932
267.798000,0.309095
150.234600,-6.113955
119.301800,-4.558472
152.247700,-6.285372
88.173680,2.516205
13.345270,7.977489
115.772500,0.681001
285.260500,1.245235
146.563500,-0.962872
13.640240,-1.550303
271.858300,9.161830
168.787400,5.462484
177.634000,4.530972
16.233190,0.191785
99.606120,-1.419603
107.614800,-6.340890
82.687050,-0.446028
231.239600,-2.987539
292.272400,7.578647
196.039300,6.359291
17.892250,-6.926801
203.936500,0.744444
242.076100,2.384539
267.540900,5.227872
1.747864,8.959647
291.534900,-0.763658
73.923160,-2.456036
162.539000,1.885688
63.086270,-8.445151
74.846340,-4.517858
193.167000,4.791871
94.035030,-4.517449
230.810500,-6.903056
114.411600,1.420193
118.032400,4.730673
51.329440,-0.020908
77.077550,-9.357339
189.595300,-0.987099
183.574100,0.529196
290.783500,-7.004498
303.639600,2.003716
56.916280,-8.211467
18.170320,-2.145200
168.087900,-0.820830
165.864900,-8.051921
84.781910,-3.102639
299.357800,0.549435
120.137200,-4.786586
129.803200,2.368656
251.452900,-5.186958
215.810800,1.143259
309.624200,-9.277789
44.217010,-3.252073
272.308700,-0.161122
225.600000,3.289787
209.699900,-4.430046
188.897600,7.786235
192.776500,-7.447913
6.562876,2.960291
243.448900,6.510728
193.047000,7.289818
119.313000,-8.517037
71.908310,6.720132
23.690820,-9.097478
80.638590,-3.932389
196.122300,6.182537
110.369400,-6.151468
13.059330,-4.700726
12.600340,-5.199321
117.336800,-2.709477
146.719800,1.168900
292.391900,2.820572
287.457700,-0.269070
308.197700,-1.060565
88.471370,5.974534
80.832150,-2.189047
20.041440,-8.161530
104.971800,-6.738563
81.337140,5.724982
112.514600,-5.683601
10.166140,6.633597
70.465620,0.464952
70.457700,-5.144128
200.169300,0.215406
169.897700,-6.525529
118.569600,-8.859336
254.428600,-9.309081
273.599500,6.925302
168.397800,-0.702509
277.848300,-4.726261
270.976400,-1.874997
233.942000,-8.756309
44.879920,-3.107732
78.438790,5.229633
213.716600,-7.081764
229.610200,5.023037
111.707600,-8.912019
106.856400,-7.195634
278.487800,3.378864
197.875900,4.593303
277.703200,-2.159017
30.287560,-1.744617
211.676900,-3.376618
262.011300,-8.752069
228.393800,-4.277108
111.889500,0.795234
198.572100,0.343228
84.989510,-2.575120
220.883300,2.355594
288.713200,5.732927
136.263900,1.418167
177.045400,-3.347205
281.337600,-7.221704
32.918080,3.638807
108.315400,3.605658
133.453800,5.769080
191.925700,6.089612
186.462700,-6.480565
56.323730,2.178113
110.266800,-5.636912
155.288500,-8.695102
195.652400,3.249963
15.668850,-6.111798
155.669800,3.087476
169.571800,-6.433985
112.457800,-9.270810
301.534700,8.019946
240.653100,1.335746
202.550000,-5.454246
34.120610,8.167108
165.376000,-0.424558
166.677700,2.778743
40.835100,-2.516495
24.821900,9.007037
220.743000,1.033556
239.344100,-8.658259
197.702400,7.868889
48.386750,3.593985
243.725400,2.246608
287.057500,-0.549111
34.563110,0.523801
296.317400,-0.730175
8.770382,5.637080
126.565800,-3.736836
3.075197,2.072254
247.315700,-4.933384
169.354000,-0.400153
152.406300,3.268753
118.807200,6.337527
178.791600,7.582551
304.605800,4.906938
230.739400,-4.283125
33.294760,5.668829
267.273700,0.324446
307.909500,-6.845510
155.498800,5.816033
98.603980,-8.317828
150.712200,9.387994
144.317000,3.658696
69.407730,5.174660
147.465200,-6.946016
164.147300,5.592287
197.172000,5.696165
139.803100,6.624961
105.671700,7.620831
120.911300,-0.429356
254.554300,-7.014514
75.542470,-5.553841
149.013500,-3.661566
287.246300,7.889369
201.096600,-4.568420
60.182970,5.451488
88.223660,9.054782
126.264800,1.746262
57.387870,-4.997832
95.552800,-2.295388
230.610500,-5.645026
290.825900,5.892400
149.872600,-2.792343
247.571600,-6.477963
261.038400,-3.380344
129.498800,0.134726
219.155900,4.666070
265.817200,3.323007
224.595100,-7.786569
187.023500,2.462921
81.107570,0.937491
226.716900,7.725341
197.102700,6.262031
133.393400,0.603817
69.665990,5.727766
236.767300,-3.693986
268.863000,7.467207
199.057400,3.847144
78.141910,3.197388
95.014190,-9.285180
206.488500,5.572502
283.939000,0.055288
206.825300,7.184829
118.343800,-0.637460
296.861500,5.909357
36.515640,1.230116
313.067700,-2.298394
103.463000,3.558050
89.376610,-1.289017
82.440840,-2.167666
47.824860,-8.252650
283.906700,-1.038198
243.340900,-1.918967
238.429700,-3.519419
179.548600,1.850440
76.447900,7.486703
308.122300,-7.772246
64.491290,-8.492749
156.480000,-1.089061
247.180100,-1.942101
162.848900,9.380677
292.515400,-7.641503
8.940254,5.680840
155.397300,-7.746421
23.014730,-1.964110
86.606550,-2.448947
293.883000,1.268094
86.864060,-6.294614
138.668300,5.361141
153.802200,6.097565
150.168800,0.910955
216.482500,0.576744
165.312300,8.242429
258.038800,-7.309310
258.267800,-0.026575
50.426730,-1.974931
4.824540,3.579130
25.288010,-4.254804
274.146000,9.419530
147.843200,3.381646
163.228900,7.766000
131.387200,3.359474
140.590300,-9.037330
197.676400,0.127851
228.554800,-8.436254
212.944200,5.986309
69.161940,-4.578217
71.382060,-7.050316
285.899100,0.836655
103.803500,-5.919911
252.892500,-3.108306
291.305700,8.748450
108.763400,4.238754
202.243700,0.175385
309.129600,3.413184
270.008400,0.058101
302.025500,2.881342
234.745500,-0.684813
160.860500,-9.262826
130.520100,-7.206794
292.664800,2.654841
158.059100,-8.758214
110.708700,-4.051339
276.453300,-4.629410
95.145380,5.772920
140.165400,-3.493635
227.413000,8.400556
45.000850,3.790401
65.307290,-7.097590
249.468700,-5.680320
41.810900,-5.744536
171.056000,2.206279
178.657200,9.053329
6.137769,4.225063
17.875380,-2.203729
232.919900,7.928903
249.547700,-3.020992
287.201200,8.258082
154.517400,-0.176767
254.610300,-5.720922
262.085800,8.272605
164.445000,3.536134
307.657100,0.790788
165.073400,-4.371345
72.076470,-4.885331
22.927870,1.247003
103.663600,3.177517
67.155690,-1.604538
236.051300,-2.638299
302.542200,9.331666
108.799000,3.842000
248.464800,-9.304166
212.244200,-2.453169
152.907000,-4.318290
208.818800,8.775840
178.613300,-6.751987
177.166200,-0.032692
96.320370,-7.004262
93.459750,-8.872640
248.458400,3.101216
193.163600,-7.703757
52.478240,3.280729
86.816460,6.412985
47.302820,-3.135979
152.867700,-2.806599
126.620600,-6.667737
137.942100,-8.984487
175.371400,-2.596812
34.419050,1.132131
300.062300,-0.038314
57.167780,0.117567
160.487300,-2.270569
13.890400,-8.418645
79.546570,6.954808
162.724700,-1.081324
280.050000,-2.832039
115.893600,1.928364
85.961200,8.457393
26.650230,3.787615
193.879600,0.428194
39.698010,9.292384
173.671400,-4.554620
136.497700,-6.977092
260.034100,7.473968
307.270900,0.137718
233.558900,-7.018545
204.806400,4.910327
288.216800,0.100840
195.125500,5.802861
11.087950,9.214669
91.976390,-0.179235
29.700040,6.234845
224.364000,-3.779846
30.711580,-1.951281
247.869100,7.916297
114.399800,4.401937
167.879800,1.996563
224.727100,0.513776
276.533500,1.674774
60.242070,-6.495914
23.834720,4.055551
159.758300,7.646470
274.038500,2.477894
178.056500,-2.391174
256.732400,-7.787760
82.280780,-0.055804
251.673500,3.052546
73.224120,-2.063916
13.320720,-1.377055
247.232300,-8.694226
307.469500,5.652038
163.602100,-6.091818
50.692490,8.101000
44.152760,4.884952
193.639300,-1.765345
189.049500,3.614475
310.316400,-1.876623
173.695100,0.636154
307.246300,-0.196305
236.352100,4.508982
100.295200,-1.601900
146.524600,-5.134931
92.123250,8.180528
126.465700,-1.860454
312.499800,-1.664572
137.930900,-7.428498
57.977850,5.689411
293.625300,-3.901078
35.097340,-8.139239
196.090700,2.352202
108.409700,8.435322
272.240600,-3.951046
22.253200,7.872530
169.659100,-2.657277
172.877900,-8.266501
282.738700,-3.984733
283.836500,-2.676234
242.589500,3.975601
260.075800,3.962054
137.435000,-2.639526
104.680000,-4.255257
126.112000,-7.751377
98.072770,-1.621681
195.959700,0.265080
296.158800,3.581310
76.075140,2.395020
178.366800,1.230580
179.579400,4.766984
304.578100,5.867562
168.437900,9.209058
253.488800,-2.921610
70.296230,8.656999
92.100330,4.623486
104.212200,-8.901732
204.741800,-3.498377
4.544828,-6.166238
227.966300,-8.350171
219.532400,5.274202
62.036640,5.173357
133.180100,4.953137
39.651670,-8.259301
127.583300,-5.774666
175.815900,1.873774
8.349715,0.806896
249.332900,8.616307
301.067500,-5.471967
73.067790,-8.737582
203.236600,5.962833
287.756400,-6.409977
306.896800,-4.858123
260.108100,0.342998
234.574700,-4.432022
240.246400,-5.341287
117.820200,-3.396038
281.178900,6.528903
83.974530,4.134775
22.937910,-9.272723
40.253400,5.268740
148.392600,9.239518
130.236900,-3.553350
170.958300,-8.723931
306.208400,-4.537443
226.263300,-0.308389
281.328300,-7.078532
20.685030,1.826422
264.521900,1.475372
186.669400,3.522490
131.534600,7.108061
310.545900,-5.428336
262.097700,-5.919193
70.091850,-6.757209
131.284100,-1.912246
201.659000,2.499629
1.527550,-4.881341
241.228300,-8.421409
6.313124,-4.019766
37.923600,2.971173
23.086030,5.039547
204.503500,-3.278149
90.015770,1.353254
148.735500,-6.934091
96.614850,5.169456
144.573600,-6.020514
238.558000,-7.210103
64.980820,-4.411305
28.142400,7.204597
199.808900,4.944793
44.062810,-7.365203
9.217018,2.214534
301.786300,-7.084754
98.028750,-9.190497
10.916180,-5.828547
300.629300,1.995618
97.737210,-8.284839
206.129500,2.039150
281.798900,4.725473
156.450500,-8.661130
311.689600,6.888064
222.916900,0.083844
83.411010,-5.965050
8.865149,2.100328
121.611300,7.507745
22.769710,-1.371140
161.045300,-2.717815
161.459600,-4.656412
284.834100,9.399495
120.323900,3.178188
92.746320,5.835697
92.513660,5.093125
272.682500,-0.816632
210.569900,-2.625026
224.872800,4.099390
81.970440,8.828141
279.682200,-7.884486
210.685700,7.176244
57.690420,6.447879
108.588500,-1.597133
169.605100,9.072810
92.381200,-2.624304
305.949100,1.098009
50.445870,-7.310207
132.564400,-3.754567
208.866500,1.085320
102.995600,0.658555
206.082400,2.653249
124.410000,0.018452
283.180800,2.688488
247.446200,-5.112613
159.864200,0.182337
200.284100,4.615040
219.950200,-9.362020
300.001500,3.735812
215.017500,-8.261838
190.864800,-1.336275
163.228400,3.849428
159.721000,2.519886
143.686300,4.773822
198.736400,-6.498812
5.729152,5.790146
153.198000,-1.674117
175.454200,0.319598
126.856300,3.577071
175.261100,2.059752
33.043740,8.686416
103.271500,2.323282
167.572600,9.430991
55.675800,4.085502
306.099700,-4.159789
226.094500,3.622357
163.824800,-1.541606
109.600400,3.124350
284.853200,0.092258
274.397000,3.945122
268.133200,7.755473
64.962090,-8.642337
12.038120,3.304434
33.818290,6.334785
157.833000,-8.304326
37.071560,-7.389611
200.084700,4.330310
44.148950,2.115217
157.395900,-9.102542
16.127870,-3.064419
286.280100,8.530967
277.123500,8.838702
242.195700,3.925936
146.872400,-0.603147
24.707700,-8.683612
223.946300,-3.181503
135.396200,0.098383
249.960800,-8.692580
232.394200,2.524796
84.956380,6.666183
270.255800,-2.383467
182.608400,-8.080546
143.566000,-7.623512
57.073200,8.581573
286.025500,1.759319
254.974400,-1.841878
164.818000,1.278139
233.433000,8.016445
0.695319,0.941340
100.064600,8.337848
199.716100,-0.671162
202.260700,-0.663650
142.206000,-6.880592
121.287200,2.029424
257.369300,2.030303
257.055600,-9.354003
159.727900,-1.771061
260.173300,-2.484013
191.320800,4.761174
193.579100,5.139004
8.512274,-0.095306
201.285200,0.950538
12.637170,5.420120
184.336700,7.472169
197.664100,0.268574
131.085000,-5.550992
274.888900,-7.966769
122.405800,4.697159
214.239300,-5.194674
45.375960,3.501117
146.827100,6.953198
212.416200,-2.599594
188.128400,7.815670
108.081800,7.091729
142.215400,0.657988
25.222570,-5.344890
5.125032,4.641809
225.791900,6.112029
166.506800,0.994243
309.541200,-2.006061
182.408400,-5.093920
144.841800,-9.329385
50.519740,6.721703
201.348300,7.169335
65.425700,1.019486
239.456900,2.507462
108.670200,-3.375817
217.484100,5.514166
230.868300,7.819839
138.818800,1.865223
232.604400,-3.893951
231.316300,-6.097128
121.209300,-6.472116
75.385770,-3.916549
185.826800,8.370769
29.272800,-0.268226
203.030000,2.250994
244.404100,-8.300979
127.092200,0.213450
269.910900,1.285281
124.295600,2.409958
167.029700,-6.196892
145.457800,7.919595
101.345200,5.448242
137.476000,-7.901208
291.849400,-8.249188
151.855900,1.406583
257.223400,8.572673
214.912900,-0.000354
92.806240,-1.722658
289.903700,-6.245169
48.713650,-6.837466
255.172300,-6.471684
171.467600,-6.306052
220.473600,9.393502
120.679300,-4.777967
7.332501,-8.919044
144.759200,8.506204
139.092300,-9.127276
264.341900,2.836964
307.540800,5.066884
280.802700,-2.842448
263.418700,-0.351206
132.265600,1.207994
299.263200,0.765446
253.390900,-9.289868
129.129400,-1.640762
106.031900,-6.675809
8.131975,-3.013098
288.498100,4.116389
250.115900,3.002582
253.080800,-6.924618
48.823680,-4.029299
105.833300,-7.956843
304.494500,-7.656481
151.289500,-7.243049
180.597900,8.612634
96.099940,-5.538880
255.543900,-2.718912
122.867300,7.526118
214.646200,-3.945478
142.893200,-4.996845
219.367600,-7.567620
139.723200,4.932502
127.673600,-9.002866
26.487110,-2.119849
302.118100,-6.269252
244.362300,3.079185
146.083600,6.339059
1.687236,6.454624
265.788800,-5.441598
62.629670,7.905299
89.456490,7.701458
238.397300,-6.924733
268.434100,-6.288281
159.486300,5.256658
60.034370,0.239788
107.922300,7.547690
213.648000,-6.966437
213.614700,7.421342
27.369190,0.058332
287.555100,0.416697
157.456100,-3.943702
98.025210,-3.567830
78.831210,0.565442
236.876400,4.874581
35.824510,8.676913
286.933300,7.598168
121.652000,-1.199231
69.491800,4.895161
74.722110,2.909216
43.806220,4.062870
281.414500,-0.807789
209.147800,-1.357972
107.361500,-6.437170
80.010340,-7.270310
183.878100,7.854108
22.993870,-1.330261
187.200900,1.109158
78.904500,-0.558605
268.302500,-7.354493
14.796510,0.060986
302.654200,3.493292
171.504300,7.327323
303.843200,-4.016986
190.422200,4.326333
119.164700,-2.303493
82.148780,-5.246160
103.578800,-7.307508
214.643900,8.053994
22.535450,0.628155
178.480200,1.123416
120.068700,1.833943
200.869400,-2.518326
129.733600,8.284501
188.863200,-0.385886
20.152320,-3.004890
242.219800,6.694827
105.285600,5.351069
57.872300,3.957056
26.407230,0.042966
57.203490,-4.478406
257.820200,2.386831
150.777100,-5.986563
140.850400,5.413974
214.969100,3.740529
152.394600,4.026119
266.248600,-7.183944
310.403500,7.586394
129.837700,-2.635592
238.748400,7.244491
247.773700,6.058954
20.180270,-8.197309
287.984400,-6.995706
141.686900,0.725507
310.154200,5.846346
103.529600,-3.956120
235.041400,8.914672
46.693660,1.104247
310.769600,-1.303995
203.478300,-7.401675
265.626700,3.531663
61.951940,0.705820
42.370100,3.377787
145.639300,0.865891
205.711900,-0.144664
206.214500,2.929639
99.640750,-4.057550
238.229700,2.892663
225.398600,6.138076
243.824000,-3.189792
95.953020,1.880280
37.911140,-5.722177
11.891610,4.497535
22.852950,-5.158608
169.998100,1.763171
112.918800,0.822072
176.175200,8.892251
265.515900,-1.441593
29.961130,-3.409024
233.396900,-8.387116
224.227900,-2.546793
85.759990,6.304771
20.701820,-1.555193
59.281050,2.693477
159.928400,3.367513
64.208440,5.496866
276.202300,-4.779150
155.161400,-8.426984
186.451600,0.451723
22.958130,5.875748
190.254300,-0.394156
202.844300,-2.228093
187.174500,7.704161
189.684600,-0.276567
36.866090,0.859797
44.484590,-7.304202
221.041100,-9.036653
59.939710,0.165111
20.038830,-7.879704
244.070500,8.417750
106.166400,-3.454901
174.597800,-8.630906
274.491800,-3.549122
286.333400,2.766319
44.675910,-8.875201
183.173200,-3.965540
294.882500,3.772226
91.976620,7.596106
143.051000,4.761461
102.971700,-2.645536
280.606500,1.316828
277.266200,-6.483894
199.257200,-6.906129
32.548560,-2.135368
187.645000,8.058806
243.613800,3.084824
2.024069,1.896474
272.885600,2.024119
8.854143,-2.258892
7.949754,3.608725
124.817900,5.454137
212.700000,-3.088556
176.856500,-4.640117
114.357500,-7.003961
35.250050,2.029835
147.630800,4.071054
247.722600,-5.816345
88.486890,1.551164
293.443500,5.843890
162.642400,-9.068124
158.204400,-0.457592
156.808000,-3.840171
31.223020,-1.744828
57.964610,8.755841
203.023400,-8.165858
10.091520,6.236150
237.389600,1.264473
304.926500,-7.151053
174.893200,3.126883
262.545700,-9.178338
283.767700,0.896002
87.291110,5.872240
62.425060,-6.596763
257.292400,-4.465445
149.303200,-0.591581
229.563200,0.886416
150.259900,-5.635419
4.872818,-5.646781
185.285200,-3.492798
230.196300,0.012050
66.236890,5.583050
123.129700,-3.932781
91.687280,4.578173
126.889600,-6.940527
153.357300,7.510396
173.201400,-8.971742
273.366400,-5.264503
305.832300,-2.866329
46.939050,3.495226
146.226500,-3.520511
100.061800,6.580154
311.624900,0.963509
1.631234,-3.666104
72.223720,7.022365
198.124500,4.871883
230.298500,4.477287
302.860500,-6.035689
116.248800,6.014856
60.090370,-8.688371
35.837090,3.621139
31.625000,5.991446
168.434100,-4.303704
141.712600,4.342538
299.550600,3.093582
138.054500,4.403016
244.162500,-4.316116
271.854900,4.347258
160.303700,-1.979774
110.460500,8.404468
105.771800,-2.888098
221.076200,4.930573
7.021823,8.197097
116.966200,-0.478752
43.371750,8.932216
189.398900,-4.070095
48.892260,0.419685
104.199600,-5.841983
112.017000,-4.527506
193.625000,-4.380686
300.135300,0.935506
141.146800,-3.883367
85.901020,-4.249057
242.988800,1.932188
136.297800,-1.534540
196.282100,-9.039149
195.991400,9.243667
8.818027,6.183486
249.941400,-5.218326
88.986500,-4.933907
219.645200,8.269900
64.737860,4.892752
285.796700,-1.023463
122.120100,3.915320
173.234700,-6.083870
184.666800,1.205824
165.301900,0.370259
12.540270,-2.877875
107.047900,6.595002
288.020800,-0.537665
68.151140,0.894953
44.048330,5.762444
205.609600,0.059613
167.433100,-5.131137
227.537000,-6.260139
35.850290,-6.050888
12.485910,-3.827078
125.102000,-1.199213
72.624990,8.548234
11.508770,-0.561432
7.915579,8.594207
301.597200,4.587027
118.550800,-6.044236
117.693300,4.898127
112.058000,1.567562
3.389009,6.638610
182.227600,-0.532915
65.228820,4.346163
244.865800,-6.774958
231.188400,9.396094
182.120400,-5.004511
28.654060,0.390817
119.796300,3.893933
36.167240,-7.860930
117.324500,-8.908101
33.965850,-5.428529
285.365900,5.142871
183.329600,-8.952006
106.209200,-2.137548
62.324330,1.365854
139.553700,3.825577
100.086600,-3.305923
31.033940,-0.773750
243.270700,-1.857962
113.667000,8.419038
276.306200,-8.484393
161.196700,-2.003535
9.495535,-0.991071
155.960400,-4.722597
142.749200,-3.815408
28.034270,4.017660
187.850700,2.536578
116.587700,-3.824453
268.349700,-4.499131
31.025800,6.353039
57.674120,8.182515
144.889500,1.647447
305.920200,0.190255
25.995890,1.368295
267.034600,-6.875672
83.996920,6.861472
10.233220,-7.207424
194.397700,-0.670709
136.950700,9.222976
310.143200,1.715159
250.763900,-8.595090
185.578500,-3.668572
73.201100,6.096448
299.746500,6.929900
241.959800,3.427395
216.628400,2.036371
270.542700,8.544283
99.426700,-4.563885
300.490800,5.164619
240.615000,6.755843
101.978200,8.342776
179.408400,5.812379
270.082300,-0.692421
57.633890,0.167275
260.110800,4.312552
177.605700,3.539350
148.559800,6.193354
25.294170,8.967143
199.682300,2.081770
89.618610,3.963649
157.847900,7.354943
37.472780,7.537158
267.306000,-4.144822
226.197500,0.140318
144.396600,-2.538111
11.764720,-5.863682
272.682700,5.236273
305.116700,9.407439
18.271540,8.841243
271.177900,-2.646895
63.199540,0.805717
102.106900,-5.659273
182.341200,-7.696996
17.903360,-5.910192
102.305600,-2.637139
76.456220,9.417062
312.302200,-1.722192
117.944100,4.947563
213.520200,-8.992435
177.830000,-1.385360
295.641500,5.825242
266.024400,6.742206
189.909400,5.595154
71.368360,6.867805
247.807200,-1.004095
274.093800,6.262441
183.183400,2.996180
21.098010,3.716136
191.410300,-7.447478
229.836000,5.193490
63.687400,-2.643925
27.077160,7.869557
157.486500,3.355822
291.069100,-9.107738
276.118900,2.100431
166.609300,1.045990
47.851310,1.901088
245.826300,0.276826
234.643600,-1.275367
267.842000,4.526551
26.436820,-0.767418
257.173900,1.094065
303.388400,-8.840375
30.681850,-3.519699
10.106180,-0.404597
218.777800,0.503306
216.661200,-6.347164
68.867570,0.362409
91.569080,1.252900
213.214200,-5.000002
244.068800,-3.795562
173.449800,-3.761474
63.796090,-8.121234
145.720100,-8.857711
204.140900,2.047787
126.325300,-7.444640
185.696600,-2.439920
277.290500,3.633946
298.139800,4.670181
62.837110,7.660826
263.717000,-6.312822
144.214500,-6.066247
209.610200,6.657887
123.382700,-5.163360
162.668100,8.291253
24.932300,-0.920526
252.331200,6.662663
145.908400,-2.308141
207.530100,2.846267
228.287200,1.160102
45.876690,2.829543
251.086500,-9.149499
207.595300,-9.299712
21.082640,6.126482
100.135300,3.199371
207.819900,-6.613709
190.088300,5.060378
110.921700,5.277371
219.264000,6.624570
155.825200,-5.096019
114.953300,0.723569
199.482600,3.072646
189.754600,-4.083974
118.285800,-3.210537
53.397860,3.232558
248.250200,0.711309
295.840500,-7.293500
108.289100,7.900294
260.814800,-0.116042
254.772700,3.656468
162.467800,8.345455
219.845300,-3.572417
268.914900,-5.116478
27.809890,1.326552
128.516200,2.277087
241.373500,-6.415763
12.167140,-9.014651
75.558560,-8.937451
177.463300,4.583812
20.007260,-3.718993
164.820700,-3.925583
58.982010,-3.987891
248.737700,6.883124
190.742400,8.609124
236.792500,-1.668654
97.255950,-6.997874
291.666400,7.590489
168.285000,-1.120125
7.284969,-4.739644
56.619070,-5.341119
222.058200,5.991240
166.457600,-5.099315
74.493540,-0.515310
281.411300,-8.263469
128.156500,-3.919131
109.277600,-3.215746
72.674210,-8.544679
295.321400,0.748785
132.389600,-3.992701
309.823900,5.372550
57.217450,-8.342170
171.010300,-6.849330
142.384200,-2.314141
101.124400,2.339689
189.765300,-3.410417
85.303500,4.574637
124.858000,7.795272
122.839700,-5.954137
148.430000,-3.561186
241.569400,-3.520442
295.263400,-1.855118
310.286300,7.442822
213.057700,8.903666
52.870150,6.211318
91.764180,-4.787692
30.362170,-8.446040
16.588830,8.318606
108.532300,2.234836
108.833900,0.726439
123.167900,-1.491526
81.208950,-8.088977
173.483400,-2.576238
25.412400,-6.822510
179.260300,0.180295
64.729210,-6.748068
133.099800,5.269552
90.085750,8.713593
206.158400,-3.154634
287.092300,5.908311
203.921400,3.604696
25.714760,8.877566
306.002800,-5.049795
122.888500,1.202147
281.011800,4.607310
65.388210,8.691787
132.742900,7.681851
2.037463,0.931853
310.113200,-0.827965
72.403640,-7.912384
25.050350,7.181866
144.247800,-2.750946
110.742400,-4.024831
134.778600,7.838345
310.933200,0.194733
46.466490,-8.235784
139.548400,-4.704582
268.378200,-2.638885
10.400180,2.188441
264.532700,9.111651
50.369910,-5.434388
33.735650,-8.113683
106.589100,-4.707218
4.550910,2.817286
212.933300,-5.926482
9.652349,-5.137003
224.269100,2.344858
310.248400,-3.446294
132.913600,7.643907
212.626700,8.321486
38.264230,2.662152
37.600790,4.583491
28.987240,5.244616
118.893200,-5.535767
1.526207,6.664612
134.898800,1.071219
77.250700,-8.379367
266.512600,8.117175
272.825300,-4.130104
130.393300,-3.306647
30.463170,-1.220268
299.895300,8.659446
197.197100,1.093892
46.274300,0.512625
153.287800,-0.986114
15.847600,-7.732320
230.376900,-4.776653
5.480109,5.924620
195.226600,3.666464
191.945700,3.168619
24.932790,-9.179723
26.123940,4.014617
29.904610,7.388312
189.727900,-2.780216
169.792100,-0.210985
44.648160,8.828145
80.072720,9.207217
87.397180,-7.907506
75.446170,2.289541
75.902290,4.062639
251.064800,7.473174
176.448000,2.623893
154.177100,-2.606342
187.817400,4.824806
186.635700,-7.845351
119.087000,3.330615
140.339000,6.774409
272.560900,9.214448
159.538500,8.075456
289.428300,2.595245
142.880000,-0.862728
169.070700,1.791737
205.763100,-7.332402
45.492440,0.248990
297.566600,7.454633
157.885700,8.744140
232.753100,-4.229448
267.929300,4.234018
114.394600,-7.130610
120.569800,1.594237
10.989120,2.941266
283.941000,8.089238
267.691200,6.970304
90.888220,-7.580607
60.068660,5.960435
260.398400,5.243382
29.777760,-5.577245
287.960800,-4.291348
259.151800,4.411147
29.273180,3.614607
69.460980,-4.944096
254.618400,0.015915
23.852670,-2.157947
280.580100,-0.465510
84.748660,2.529780
33.283450,0.281708
193.558700,-4.070961
184.403900,2.468331
134.368100,-0.416805
75.496950,0.700315
116.958100,6.258607
93.875390,-1.487012
106.929600,4.578238
56.514120,-1.517181
293.979600,-7.880296
101.107700,8.080653
199.007800,3.995508
298.768400,-8.714972
295.183100,0.133360
148.876900,3.437850
273.865800,-1.088547
231.465500,-0.768546
174.951400,4.373200
50.775580,-3.034380
285.261700,5.030612
297.201000,-4.099412
261.733400,6.925878
260.155200,6.100201
243.576600,5.543874
172.652300,-5.769913
199.154500,7.318030
269.959100,-8.631400
134.935800,0.327616
86.570990,-3.041720
262.111300,0.908190
107.210300,-4.270082
285.918100,-3.500836
7.605870,-2.916141
6.537879,-6.789001
292.424000,4.246693
41.873020,-4.377237
251.326600,2.197831
21.837600,-8.512639
265.620500,0.632701
125.579500,-1.699820
169.264000,-7.604768
173.300800,-7.522860
149.901300,2.875920
298.272700,-8.911183
68.204190,3.249631
155.081400,5.362447
66.957900,-7.992209
75.088260,6.919198
185.119400,1.244838
265.901600,6.813651
69.624730,-0.579306
2.520027,-8.158679
80.091220,9.276258
73.561470,3.835024
220.014700,3.935153
109.901800,-6.489767
298.519000,7.317401
154.824300,4.339135
123.614700,7.842797
206.833200,-1.195316
248.784100,4.920043
73.608920,4.648191
276.020000,-6.763013
241.415700,3.432897
40.188480,3.831378
209.082900,-3.789886
56.474720,6.349008
27.124920,-3.444708
190.813900,1.107325
150.930700,2.558855
272.438700,7.798471
41.742960,-2.683828
37.174080,9.409644
253.087600,-1.914597
30.769820,-6.649457
155.327100,6.216138
258.131300,8.895562
172.985000,-6.248739
246.547100,-2.646731
92.182040,-7.511392
108.617100,-3.360729
158.922000,-8.209561
303.969800,0.508677
173.241300,7.673606
185.320300,1.469896
157.806900,7.949327
246.591900,-6.441178
148.760400,-2.881449
86.057790,-9.049439
271.116100,3.094584
17.599660,2.960979
238.700200,-7.965459
265.575600,-6.645698
280.549000,6.532521
218.626900,8.245210
284.052600,6.316074
230.405500,4.884629
55.251440,4.967447
167.359500,-1.290206
67.651120,-7.010835
6.476616,8.744622
216.975900,4.084232
151.416800,3.305024
7.766526,5.317654
67.626640,-0.131774
177.051000,-1.463182
98.724720,-6.050118
50.850640,1.681658
52.573310,-2.761186
282.801100,7.992694
312.594200,-1.576623
88.308880,-5.993847
299.125600,-4.041641
77.433810,7.050805
160.333100,8.274961
178.166000,-3.250187
229.778600,-5.564718
193.392500,8.157788
94.287770,6.316748
251.156600,-7.836634
221.223400,6.142589
236.476100,6.767817
291.024700,0.187734
161.416500,-4.819302
154.912000,5.934972
94.382420,0.544539
62.513200,-6.779128
36.799940,-4.962194
248.699700,-7.077827
310.864200,-5.333148
130.153900,4.704597
190.458500,-5.802032
267.248700,2.870209
166.922500,3.412794
215.670300,4.502506
83.986920,7.983485
30.888430,-7.079604
45.107440,6.246660
174.273500,2.198322
254.237300,4.403830
87.340510,-0.227966
190.160500,4.392584
54.936400,-1.927404
229.272200,8.268966
247.923900,-1.124529
101.471200,-6.630078
46.515850,-4.104289
225.360900,0.219769
186.478400,6.140366
135.198900,-7.882878
263.716300,-4.491493
144.680000,7.957100
269.174900,-1.972636
260.370100,-4.382169
132.657600,-2.418804
99.018760,8.500916
312.723100,2.616796
249.492000,0.146929
112.897200,-3.416981
191.160000,-5.599457
175.439200,2.120731
136.678300,4.845675
50.365510,1.934842
269.582400,-2.084247
173.392600,1.196005
113.004500,-3.684867
268.229000,1.778620
254.138500,1.972188
173.440100,5.061839
196.768900,7.964362
263.898000,1.028791
38.669230,5.251938
298.873600,-5.011707
238.080700,-0.409526
199.971800,4.943149
118.156000,9.135915
43.095140,8.377744
21.389180,9.400174
2.726686,-3.672866
108.696900,1.967284
275.930100,-1.121183
252.105500,0.956157
189.822800,4.030406
47.244990,1.831076
63.345610,-6.800553
223.699300,-3.648497
152.216700,-7.507850
274.125200,5.873016
149.572900,7.593261
152.168800,0.954378
208.441500,-8.685885
208.041000,8.750062
177.194600,-4.260436
39.374870,-4.766424
303.929000,3.543720
253.645300,0.877926
