0.591150,-9.406436
0.591150,-8.233563
0.591150,-7.045424
0.591150,-5.703439
0.591150,-4.361454
0.591150,-3.019468
0.591150,-1.677482
0.591150,-0.335497
0.591150,1.006489
0.591150,2.348474
0.591150,3.690460
0.591150,5.032445
0.591150,6.374431
0.591150,7.716416
0.591150,9.058402
1.753344,-9.058403
1.753344,-7.716417
1.753344,-6.374432
1.753344,-5.032446
1.753344,-3.690461
1.753344,-2.348475
1.753344,-1.006490
1.753344,0.335496
1.753344,1.677482
1.753344,3.019467
1.753344,4.361453
1.753344,5.703438
1.753344,7.045424
1.753344,8.239382
1.753344,9.411549
2.915537,-9.411549
2.915537,-8.239382
2.915537,-7.045424
2.915537,-5.703439
2.915537,-4.361454
2.915537,-3.019468
2.915537,-1.677482
2.915537,-0.335497
2.915537,1.006489
2.915537,2.348474
2.915537,3.690460
2.915537,5.032445
2.915537,6.374431
2.915537,7.716416
2.915537,9.058402
4.077731,-9.058403
4.077731,-7.716417
4.077731,-6.374432
4.077731,-5.032446
4.077731,-3.690461
4.077731,-2.348475
4.077731,-1.006490
4.077731,0.335496
4.077731,1.677482
4.077731,3.019467
4.077731,4.361453
4.077731,5.703438
4.077731,7.045424
4.077731,8.239382
4.077731,9.411549
5.239924,-9.406436
5.239924,-8.233563
5.239924,-7.045424
5.239924,-5.703439
5.239924,-4.361454
5.239924,-3.019468
5.239924,-1.677482
5.239924,-0.335497
5.239924,1.006489
5.239924,2.348474
5.239924,3.690460
5.239924,5.032445
5.239924,6.374431
5.239924,7.716416
5.239924,9.058402
6.402118,-9.058403
6.402118,-7.716417
6.402118,-6.374432
6.402118,-5.032446
6.402118,-3.690461
6.402118,-2.348475
6.402118,-1.006490
6.402118,0.335496
6.402118,1.677482
6.402118,3.019467
6.402118,4.361453
6.402118,5.703438
6.402118,7.045424
6.402118,8.233563
6.402118,9.406436
7.564311,-9.406436
7.564311,-8.233563
7.564311,-7.045424
7.564311,-5.703439
7.564311,-4.361454
7.564311,-3.019468
7.564311,-1.677482
7.564311,-0.335497
7.564311,1.006489
7.564311,2.348474
7.564311,3.690460
7.564311,5.032445
7.564311,6.374431
7.564311,7.716416
7.564311,9.058402
8.726505,-9.058403
8.726505,-7.716417
8.726505,-6.374432
8.726505,-5.032446
8.726505,-3.690461
8.726505,-2.348475
8.726505,-1.006490
8.726505,0.335496
8.726505,1.677482
8.726505,3.019467
8.726505,4.361453
8.726505,5.703438
8.726505,7.045424
8.726505,8.233563
8.726505,9.406436
9.888699,-9.406436
9.888699,-8.233563
9.888699,-7.045424
9.888699,-5.703439
9.888699,-4.361454
9.888699,-3.019468
9.888699,-1.677482
9.888699,-0.335497
9.888699,1.006489
9.888699,2.348474
9.888699,3.690460
9.888699,5.032445
9.888699,6.374431
9.888699,7.716416
9.888699,9.058402
11.050890,-9.058403
11.050890,-7.716417
11.050890,-6.374432
11.050890,-5.032446
11.050890,-3.690461
11.050890,-2.348475
11.050890,-1.006490
11.050890,0.335496
11.050890,1.677482
11.050890,3.019467
11.050890,4.361453
11.050890,5.703438
11.050890,7.045424
11.050890,8.233563
11.050890,9.406436
12.213090,-9.406436
12.213090,-8.233563
12.213090,-7.045424
12.213090,-5.703439
12.213090,-4.361454
12.213090,-3.019468
12.213090,-1.677482
12.213090,-0.335497
12.213090,1.006489
12.213090,2.348474
12.213090,3.690460
12.213090,5.032445
12.213090,6.374431
12.213090,7.716416
12.213090,9.058402
13.375280,-9.058403
13.375280,-7.716417
13.375280,-6.374432
13.375280,-5.032446
13.375280,-3.690461
13.375280,-2.348475
13.375280,-1.006490
13.375280,0.335496
13.375280,1.677482
13.375280,3.019467
13.375280,4.361453
13.375280,5.703438
13.375280,7.045424
13.375280,8.233563
13.375280,9.406436
14.537470,-9.406436
14.537470,-8.233563
14.537470,-7.045424
14.537470,-5.703439
14.537470,-4.361454
14.537470,-3.019468
14.537470,-1.677482
14.537470,-0.335497
14.537470,1.006489
14.537470,2.348474
14.537470,3.690460
14.537470,5.032445
14.537470,6.374431
14.537470,7.716416
14.537470,9.058402
15.699670,-9.058403
15.699670,-7.716417
15.699670,-6.374432
15.699670,-5.032446
15.699670,-3.690461
15.699670,-2.348475
15.699670,-1.006490
15.699670,0.335496
15.699670,1.677482
15.699670,3.019467
15.699670,4.361453
15.699670,5.703438
15.699670,7.045424
15.699670,8.233563
15.699670,9.406436
16.861860,-9.406436
16.861860,-8.233563
16.861860,-7.045424
16.861860,-5.703439
16.861860,-4.361454
16.861860,-3.019468
16.861860,-1.677482
16.861860,-0.335497
16.861860,1.006489
16.861860,2.348474
16.861860,3.690460
16.861860,5.032445
16.861860,6.374431
16.861860,7.716416
16.861860,9.058402
18.024050,-9.058403
18.024050,-7.716417
18.024050,-6.374432
18.024050,-5.032446
18.024050,-3.690461
18.024050,-2.348475
18.024050,-1.006490
18.024050,0.335496
18.024050,1.677482
18.024050,3.019467
18.024050,4.361453
18.024050,5.703438
18.024050,7.045424
18.024050,8.233563
18.024050,9.406436
19.186250,-9.406436
19.186250,-8.233563
19.186250,-7.045424
19.186250,-5.703439
19.186250,-4.361454
19.186250,-3.019468
19.186250,-1.677482
19.186250,-0.335497
19.186250,1.006489
19.186250,2.348474
19.186250,3.690460
19.186250,5.032445
19.186250,6.374431
19.186250,7.716416
19.186250,9.058402
20.348440,-9.058403
20.348440,-7.716417
20.348440,-6.374432
20.348440,-5.032446
20.348440,-3.690461
20.348440,-2.348475
20.348440,-1.006490
20.348440,0.335496
20.348440,1.677482
20.348440,3.019467
20.348440,4.361453
20.348440,5.703438
20.348440,7.045424
20.348440,8.233563
20.348440,9.406436
21.510630,-9.406436
21.510630,-8.233563
21.510630,-7.045424
21.510630,-5.703439
21.510630,-4.361454
21.510630,-3.019468
21.510630,-1.677482
21.510630,-0.335497
21.510630,1.006489
21.510630,2.348474
21.510630,3.690460
21.510630,5.032445
21.510630,6.374431
21.510630,7.716416
21.510630,9.058402
22.672830,-9.058403
22.672830,-7.716417
22.672830,-6.374432
22.672830,-5.032446
22.672830,-3.690461
22.672830,-2.348475
22.672830,-1.006490
22.672830,0.335496
22.672830,1.677482
22.672830,3.019467
22.672830,4.361453
22.672830,5.703438
22.672830,7.045424
22.672830,8.233563
22.672830,9.406436
23.835020,-9.406436
23.835020,-8.233563
23.835020,-7.045424
23.835020,-5.703439
23.835020,-4.361454
23.835020,-3.019468
23.835020,-1.677482
23.835020,-0.335497
23.835020,1.006489
23.835020,2.348474
23.835020,3.690460
23.835020,5.032445
23.835020,6.374431
23.835020,7.716416
23.835020,9.058402
24.997220,-9.058403
24.997220,-7.716417
24.997220,-6.374432
24.997220,-5.032446
24.997220,-3.690461
24.997220,-2.348475
24.997220,-1.006490
24.997220,0.335496
24.997220,1.677482
24.997220,3.019467
24.997220,4.361453
24.997220,5.703438
24.997220,7.045424
24.997220,8.233563
24.997220,9.406436
26.159410,-9.406436
26.159410,-8.233563
26.159410,-7.045424
26.159410,-5.703439
26.159410,-4.361454
26.159410,-3.019468
26.159410,-1.677482
26.159410,-0.335497
26.159410,1.006489
26.159410,2.348474
26.159410,3.690460
26.159410,5.032445
26.159410,6.374431
26.159410,7.716416
26.159410,9.058402
27.321600,-9.058403
27.321600,-7.716417
27.321600,-6.374432
27.321600,-5.032446
27.321600,-3.690461
27.321600,-2.348475
27.321600,-1.006490
27.321600,0.335496
27.321600,1.677482
27.321600,3.019467
27.321600,4.361453
27.321600,5.703438
27.321600,7.045424
27.321600,8.233563
27.321600,9.406436
28.483800,-9.406436
28.483800,-8.233563
28.483800,-7.045424
28.483800,-5.703439
28.483800,-4.361454
28.483800,-3.019468
28.483800,-1.677482
28.483800,-0.335497
28.483800,1.006489
28.483800,2.348474
28.483800,3.690460
28.483800,5.032445
28.483800,6.374431
28.483800,7.716416
28.483800,9.058402
29.645990,-9.058403
29.645990,-7.716417
29.645990,-6.374432
29.645990,-5.032446
29.645990,-3.690461
29.645990,-2.348475
29.645990,-1.006490
29.645990,0.335496
29.645990,1.677482
29.645990,3.019467
29.645990,4.361453
29.645990,5.703438
29.645990,7.045424
29.645990,8.233563
29.645990,9.406436
30.808180,-9.406436
30.808180,-8.233563
30.808180,-7.045424
30.808180,-5.703439
30.808180,-4.361454
30.808180,-3.019468
30.808180,-1.677482
30.808180,-0.335497
30.808180,1.006489
30.808180,2.348474
30.808180,3.690460
30.808180,5.032445
30.808180,6.374431
30.808180,7.716416
30.808180,9.058402
31.970380,-9.058403
31.970380,-7.716417
31.970380,-6.374432
31.970380,-5.032446
31.970380,-3.690461
31.970380,-2.348475
31.970380,-1.006490
31.970380,0.335496
31.970380,1.677482
31.970380,3.019467
31.970380,4.361453
31.970380,5.703438
31.970380,7.045424
31.970380,8.233563
31.970380,9.406436
33.132570,-9.406436
33.132570,-8.233563
33.132570,-7.045424
33.132570,-5.703439
33.132570,-4.361454
33.132570,-3.019468
33.132570,-1.677482
33.132570,-0.335497
33.132570,1.006489
33.132570,2.348474
33.132570,3.690460
33.132570,5.032445
33.132570,6.374431
33.132570,7.716416
33.132570,9.058402
34.294760,-9.058403
34.294760,-7.716417
34.294760,-6.374432
34.294760,-5.032446
34.294760,-3.690461
34.294760,-2.348475
34.294760,-1.006490
34.294760,0.335496
34.294760,1.677482
34.294760,3.019467
34.294760,4.361453
34.294760,5.703438
34.294760,7.045424
34.294760,8.233563
34.294760,9.406436
35.456950,-9.406436
35.456950,-8.233563
35.456950,-7.045424
35.456950,-5.703439
35.456950,-4.361454
35.456950,-3.019468
35.456950,-1.677482
35.456950,-0.335497
35.456950,1.006489
35.456950,2.348474
35.456950,3.690460
35.456950,5.032445
35.456950,6.374431
35.456950,7.716416
35.456950,9.058402
36.619150,-9.058403
36.619150,-7.716417
36.619150,-6.374432
36.619150,-5.032446
36.619150,-3.690461
36.619150,-2.348475
36.619150,-1.006490
36.619150,0.335496
36.619150,1.677482
36.619150,3.019467
36.619150,4.361453
36.619150,5.703438
36.619150,7.045424
36.619150,8.233563
36.619150,9.406436
37.781340,-9.406436
37.781340,-8.233563
37.781340,-7.045424
37.781340,-5.703439
37.781340,-4.361454
37.781340,-3.019468
37.781340,-1.677482
37.781340,-0.335497
37.781340,1.006489
37.781340,2.348474
37.781340,3.690460
37.781340,5.032445
37.781340,6.374431
37.781340,7.716416
37.781340,9.058402
38.943530,-9.058403
38.943530,-7.716417
38.943530,-6.374432
38.943530,-5.032446
38.943530,-3.690461
38.943530,-2.348475
38.943530,-1.006490
38.943530,0.335496
38.943530,1.677482
38.943530,3.019467
38.943530,4.361453
38.943530,5.703438
38.943530,7.045424
38.943530,8.233563
38.943530,9.406436
40.105730,-9.406436
40.105730,-8.233563
40.105730,-7.045424
40.105730,-5.703439
40.105730,-4.361454
40.105730,-3.019468
40.105730,-1.677482
40.105730,-0.335497
40.105730,1.006489
40.105730,2.348474
40.105730,3.690460
40.105730,5.032445
40.105730,6.374431
40.105730,7.716416
40.105730,9.058402
41.267930,-9.058403
41.267930,-7.716417
41.267930,-6.374432
41.267930,-5.032446
41.267930,-3.690461
41.267930,-2.348475
41.267930,-1.006490
41.267930,0.335496
41.267930,1.677482
41.267930,3.019467
41.267930,4.361453
41.267930,5.703438
41.267930,7.045424
41.267930,8.233563
41.267930,9.406436
42.430120,-9.406436
42.430120,-8.233563
42.430120,-7.045424
42.430120,-5.703439
42.430120,-4.361454
42.430120,-3.019468
42.430120,-1.677482
42.430120,-0.335497
42.430120,1.006489
42.430120,2.348474
42.430120,3.690460
42.430120,5.032445
42.430120,6.374431
42.430120,7.716416
42.430120,9.058402
43.592310,-9.058403
43.592310,-7.716417
43.592310,-6.374432
43.592310,-5.032446
43.592310,-3.690461
43.592310,-2.348475
43.592310,-1.006490
43.592310,0.335496
43.592310,1.677482
43.592310,3.019467
43.592310,4.361453
43.592310,5.703438
43.592310,7.045424
43.592310,8.233563
43.592310,9.406436
44.754510,-9.406436
44.754510,-8.233563
44.754510,-7.045424
44.754510,-5.703439
44.754510,-4.361454
44.754510,-3.019468
44.754510,-1.677482
44.754510,-0.335497
44.754510,1.006489
44.754510,2.348474
44.754510,3.690460
44.754510,5.032445
44.754510,6.374431
44.754510,7.716416
44.754510,9.058402
45.916700,-9.058403
45.916700,-7.716417
45.916700,-6.374432
45.916700,-5.032446
45.916700,-3.690461
45.916700,-2.348475
45.916700,-1.006490
45.916700,0.335496
45.916700,1.677482
45.916700,3.019467
45.916700,4.361453
45.916700,5.703438
45.916700,7.045424
45.916700,8.233563
45.916700,9.406436
47.078890,-9.406436
47.078890,-8.233563
47.078890,-7.045424
47.078890,-5.703439
47.078890,-4.361454
47.078890,-3.019468
47.078890,-1.677482
47.078890,-0.335497
47.078890,1.006489
47.078890,2.348474
47.078890,3.690460
47.078890,5.032445
47.078890,6.374431
47.078890,7.716416
47.078890,9.058402
48.241090,-9.058403
48.241090,-7.716417
48.241090,-6.374432
48.241090,-5.032446
48.241090,-3.690461
48.241090,-2.348475
48.241090,-1.006490
48.241090,0.335496
48.241090,1.677482
48.241090,3.019467
48.241090,4.361453
48.241090,5.703438
48.241090,7.045424
48.241090,8.233563
48.241090,9.406436
49.403280,-9.406436
49.403280,-8.233563
49.403280,-7.045424
49.403280,-5.703439
49.403280,-4.361454
49.403280,-3.019468
49.403280,-1.677482
49.403280,-0.335497
49.403280,1.006489
49.403280,2.348474
49.403280,3.690460
49.403280,5.032445
49.403280,6.374431
49.403280,7.716416
49.403280,9.058402
50.565470,-9.058403
50.565470,-7.716417
50.565470,-6.374432
50.565470,-5.032446
50.565470,-3.690461
50.565470,-2.348475
50.565470,-1.006490
50.565470,0.335496
50.565470,1.677482
50.565470,3.019467
50.565470,4.361453
50.565470,5.703438
50.565470,7.045424
50.565470,8.233563
50.565470,9.406436
51.727660,-9.406436
51.727660,-8.233563
51.727660,-7.045424
51.727660,-5.703439
51.727660,-4.361454
51.727660,-3.019468
51.727660,-1.677482
51.727660,-0.335497
51.727660,1.006489
51.727660,2.348474
51.727660,3.690460
51.727660,5.032445
51.727660,6.374431
51.727660,7.716416
51.727660,9.058402
52.889860,-9.058403
52.889860,-7.716417
52.889860,-6.374432
52.889860,-5.032446
52.889860,-3.690461
52.889860,-2.348475
52.889860,-1.006490
52.889860,0.335496
52.889860,1.677482
52.889860,3.019467
52.889860,4.361453
52.889860,5.703438
52.889860,7.045424
52.889860,8.233563
52.889860,9.406436
54.052050,-9.406436
54.052050,-8.233563
54.052050,-7.045424
54.052050,-5.703439
54.052050,-4.361454
54.052050,-3.019468
54.052050,-1.677482
54.052050,-0.335497
54.052050,1.006489
54.052050,2.348474
54.052050,3.690460
54.052050,5.032445
54.052050,6.374431
54.052050,7.716416
54.052050,9.058402
55.214240,-9.058403
55.214240,-7.716417
55.214240,-6.374432
55.214240,-5.032446
55.214240,-3.690461
55.214240,-2.348475
55.214240,-1.006490
55.214240,0.335496
55.214240,1.677482
55.214240,3.019467
55.214240,4.361453
55.214240,5.703438
55.214240,7.045424
55.214240,8.233563
55.214240,9.406436
56.376440,-9.406436
56.376440,-8.233563
56.376440,-7.045424
56.376440,-5.703439
56.376440,-4.361454
56.376440,-3.019468
56.376440,-1.677482
56.376440,-0.335497
56.376440,1.006489
56.376440,2.348474
56.376440,3.690460
56.376440,5.032445
56.376440,6.374431
56.376440,7.716416
56.376440,9.058402
57.538640,-9.058403
57.538640,-7.716417
57.538640,-6.374432
57.538640,-5.032446
57.538640,-3.690461
57.538640,-2.348475
57.538640,-1.006490
57.538640,0.335496
57.538640,1.677482
57.538640,3.019467
57.538640,4.361453
57.538640,5.703438
57.538640,7.045424
57.538640,8.233563
57.538640,9.406436
58.700830,-9.406436
58.700830,-8.233563
58.700830,-7.045424
58.700830,-5.703439
58.700830,-4.361454
58.700830,-3.019468
58.700830,-1.677482
58.700830,-0.335497
58.700830,1.006489
58.700830,2.348474
58.700830,3.690460
58.700830,5.032445
58.700830,6.374431
58.700830,7.716416
58.700830,9.058402
59.863020,-9.058403
59.863020,-7.716417
59.863020,-6.374432
59.863020,-5.032446
59.863020,-3.690461
59.863020,-2.348475
59.863020,-1.006490
59.863020,0.335496
59.863020,1.677482
59.863020,3.019467
59.863020,4.361453
59.863020,5.703438
59.863020,7.045424
59.863020,8.233563
59.863020,9.406436
61.025220,-9.406436
61.025220,-8.233563
61.025220,-7.045424
61.025220,-5.703439
61.025220,-4.361454
61.025220,-3.019468
61.025220,-1.677482
61.025220,-0.335497
61.025220,1.006489
61.025220,2.348474
61.025220,3.690460
61.025220,5.032445
61.025220,6.374431
61.025220,7.716416
61.025220,9.058402
62.187410,-9.058403
62.187410,-7.716417
62.187410,-6.374432
62.187410,-5.032446
62.187410,-3.690461
62.187410,-2.348475
62.187410,-1.006490
62.187410,0.335496
62.187410,1.677482
62.187410,3.019467
62.187410,4.361453
62.187410,5.703438
62.187410,7.045424
62.187410,8.233563
62.187410,9.406436
63.349600,-9.406436
63.349600,-8.233563
63.349600,-7.045424
63.349600,-5.703439
63.349600,-4.361454
63.349600,-3.019468
63.349600,-1.677482
63.349600,-0.335497
63.349600,1.006489
63.349600,2.348474
63.349600,3.690460
63.349600,5.032445
63.349600,6.374431
63.349600,7.716416
63.349600,9.058402
64.511800,-9.058403
64.511800,-7.716417
64.511800,-6.374432
64.511800,-5.032446
64.511800,-3.690461
64.511800,-2.348475
64.511800,-1.006490
64.511800,0.335496
64.511800,1.677482
64.511800,3.019467
64.511800,4.361453
64.511800,5.703438
64.511800,7.045424
64.511800,8.233563
64.511800,9.406436
65.673990,-9.406436
65.673990,-8.233563
65.673990,-7.045424
65.673990,-5.703439
65.673990,-4.361454
65.673990,-3.019468
65.673990,-1.677482
65.673990,-0.335497
65.673990,1.006489
65.673990,2.348474
65.673990,3.690460
65.673990,5.032445
65.673990,6.374431
65.673990,7.716416
65.673990,9.058402
66.836180,-9.058403
66.836180,-7.716417
66.836180,-6.374432
66.836180,-5.032446
66.836180,-3.690461
66.836180,-2.348475
66.836180,-1.006490
66.836180,0.335496
66.836180,1.677482
66.836180,3.019467
66.836180,4.361453
66.836180,5.703438
66.836180,7.045424
66.836180,8.233563
66.836180,9.406436
67.998370,-9.406436
67.998370,-8.233563
67.998370,-7.045424
67.998370,-5.703439
67.998370,-4.361454
67.998370,-3.019468
67.998370,-1.677482
67.998370,-0.335497
67.998370,1.006489
67.998370,2.348474
67.998370,3.690460
67.998370,5.032445
67.998370,6.374431
67.998370,7.716416
67.998370,9.058402
69.160570,-9.058403
69.160570,-7.716417
69.160570,-6.374432
69.160570,-5.032446
69.160570,-3.690461
69.160570,-2.348475
69.160570,-1.006490
69.160570,0.335496
69.160570,1.677482
69.160570,3.019467
69.160570,4.361453
69.160570,5.703438
69.160570,7.045424
69.160570,8.233563
69.160570,9.406436
70.322760,-9.406436
70.322760,-8.233563
70.322760,-7.045424
70.322760,-5.703439
70.322760,-4.361454
70.322760,-3.019468
70.322760,-1.677482
70.322760,-0.335497
70.322760,1.006489
70.322760,2.348474
70.322760,3.690460
70.322760,5.032445
70.322760,6.374431
70.322760,7.716416
70.322760,9.058402
71.484950,-9.058403
71.484950,-7.716417
71.484950,-6.374432
71.484950,-5.032446
71.484950,-3.690461
71.484950,-2.348475
71.484950,-1.006490
71.484950,0.335496
71.484950,1.677482
71.484950,3.019467
71.484950,4.361453
71.484950,5.703438
71.484950,7.045424
71.484950,8.233563
71.484950,9.406436
72.647150,-9.406436
72.647150,-8.233563
72.647150,-7.045424
72.647150,-5.703439
72.647150,-4.361454
72.647150,-3.019468
72.647150,-1.677482
72.647150,-0.335497
72.647150,1.006489
72.647150,2.348474
72.647150,3.690460
72.647150,5.032445
72.647150,6.374431
72.647150,7.716416
72.647150,9.058402
73.809340,-9.058403
73.809340,-7.716417
73.809340,-6.374432
73.809340,-5.032446
73.809340,-3.690461
73.809340,-2.348475
73.809340,-1.006490
73.809340,0.335496
73.809340,1.677482
73.809340,3.019467
73.809340,4.361453
73.809340,5.703438
73.809340,7.045424
73.809340,8.233563
73.809340,9.406436
74.971530,-9.406436
74.971530,-8.233563
74.971530,-7.045424
74.971530,-5.703439
74.971530,-4.361454
74.971530,-3.019468
74.971530,-1.677482
74.971530,-0.335497
74.971530,1.006489
74.971530,2.348474
74.971530,3.690460
74.971530,5.032445
74.971530,6.374431
74.971530,7.716416
74.971530,9.058402
76.133730,-9.058403
76.133730,-7.716417
76.133730,-6.374432
76.133730,-5.032446
76.133730,-3.690461
76.133730,-2.348475
76.133730,-1.006490
76.133730,0.335496
76.133730,1.677482
76.133730,3.019467
76.133730,4.361453
76.133730,5.703438
76.133730,7.045424
76.133730,8.233563
76.133730,9.406436
77.295920,-9.406436
77.295920,-8.233563
77.295920,-7.045424
77.295920,-5.703439
77.295920,-4.361454
77.295920,-3.019468
77.295920,-1.677482
77.295920,-0.335497
77.295920,1.006489
77.295920,2.348474
77.295920,3.690460
77.295920,5.032445
77.295920,6.374431
77.295920,7.716416
77.295920,9.058402
78.458110,-9.058403
78.458110,-7.716417
78.458110,-6.374432
78.458110,-5.032446
78.458110,-3.690461
78.458110,-2.348475
78.458110,-1.006490
78.458110,0.335496
78.458110,1.677482
78.458110,3.019467
78.458110,4.361453
78.458110,5.703438
78.458110,7.045424
78.458110,8.233563
78.458110,9.406436
79.620310,-9.406436
79.620310,-8.233563
79.620310,-7.045424
79.620310,-5.703439
79.620310,-4.361454
79.620310,-3.019468
79.620310,-1.677482
79.620310,-0.335497
79.620310,1.006489
79.620310,2.348474
79.620310,3.690460
79.620310,5.032445
79.620310,6.374431
79.620310,7.716416
79.620310,9.058402
80.782500,-9.058403
80.782500,-7.716417
80.782500,-6.374432
80.782500,-5.032446
80.782500,-3.690461
80.782500,-2.348475
80.782500,-1.006490
80.782500,0.335496
80.782500,1.677482
80.782500,3.019467
80.782500,4.361453
80.782500,5.703438
80.782500,7.045424
80.782500,8.233563
80.782500,9.406436
81.944690,-9.406436
81.944690,-8.233563
81.944690,-7.045424
81.944690,-5.703439
81.944690,-4.361454
81.944690,-3.019468
81.944690,-1.677482
81.944690,-0.335497
81.944690,1.006489
81.944690,2.348474
81.944690,3.690460
81.944690,5.032445
81.944690,6.374431
81.944690,7.716416
81.944690,9.058402
83.106890,-9.058403
83.106890,-7.716417
83.106890,-6.374432
83.106890,-5.032446
83.106890,-3.690461
83.106890,-2.348475
83.106890,-1.006490
83.106890,0.335496
83.106890,1.677482
83.106890,3.019467
83.106890,4.361453
83.106890,5.703438
83.106890,7.045424
83.106890,8.233563
83.106890,9.406436
84.269080,-9.406436
84.269080,-8.233563
84.269080,-7.045424
84.269080,-5.703439
84.269080,-4.361454
84.269080,-3.019468
84.269080,-1.677482
84.269080,-0.335497
84.269080,1.006489
84.269080,2.348474
84.269080,3.690460
84.269080,5.032445
84.269080,6.374431
84.269080,7.716416
84.269080,9.058402
85.431270,-9.058403
85.431270,-7.716417
85.431270,-6.374432
85.431270,-5.032446
85.431270,-3.690461
85.431270,-2.348475
85.431270,-1.006490
85.431270,0.335496
85.431270,1.677482
85.431270,3.019467
85.431270,4.361453
85.431270,5.703438
85.431270,7.045424
85.431270,8.233563
85.431270,9.406436
86.593480,-9.406436
86.593480,-8.233563
86.593480,-7.045424
86.593480,-5.703439
86.593480,-4.361454
86.593480,-3.019468
86.593480,-1.677482
86.593480,-0.335497
86.593480,1.006489
86.593480,2.348474
86.593480,3.690460
86.593480,5.032445
86.593480,6.374431
86.593480,7.716416
86.593480,9.058402
87.755670,-9.058403
87.755670,-7.716417
87.755670,-6.374432
87.755670,-5.032446
87.755670,-3.690461
87.755670,-2.348475
87.755670,-1.006490
87.755670,0.335496
87.755670,1.677482
87.755670,3.019467
87.755670,4.361453
87.755670,5.703438
87.755670,7.045424
87.755670,8.233563
87.755670,9.406436
88.917860,-9.406436
88.917860,-8.233563
88.917860,-7.045424
88.917860,-5.703439
88.917860,-4.361454
88.917860,-3.019468
88.917860,-1.677482
88.917860,-0.335497
88.917860,1.006489
88.917860,2.348474
88.917860,3.690460
88.917860,5.032445
88.917860,6.374431
88.917860,7.716416
88.917860,9.058402
90.080060,-9.058403
90.080060,-7.716417
90.080060,-6.374432
90.080060,-5.032446
90.080060,-3.690461
90.080060,-2.348475
90.080060,-1.006490
90.080060,0.335496
90.080060,1.677482
90.080060,3.019467
90.080060,4.361453
90.080060,5.703438
90.080060,7.045424
90.080060,8.233563
90.080060,9.406436
91.242250,-9.406436
91.242250,-8.233563
91.242250,-7.045424
91.242250,-5.703439
91.242250,-4.361454
91.242250,-3.019468
91.242250,-1.677482
91.242250,-0.335497
91.242250,1.006489
91.242250,2.348474
91.242250,3.690460
91.242250,5.032445
91.242250,6.374431
91.242250,7.716416
91.242250,9.058402
92.404440,-9.058403
92.404440,-7.716417
92.404440,-6.374432
92.404440,-5.032446
92.404440,-3.690461
92.404440,-2.348475
92.404440,-1.006490
92.404440,0.335496
92.404440,1.677482
92.404440,3.019467
92.404440,4.361453
92.404440,5.703438
92.404440,7.045424
92.404440,8.233563
92.404440,9.406436
93.566640,-9.406436
93.566640,-8.233563
93.566640,-7.045424
93.566640,-5.703439
93.566640,-4.361454
93.566640,-3.019468
93.566640,-1.677482
93.566640,-0.335497
93.566640,1.006489
93.566640,2.348474
93.566640,3.690460
93.566640,5.032445
93.566640,6.374431
93.566640,7.716416
93.566640,9.058402
94.728830,-9.058403
94.728830,-7.716417
94.728830,-6.374432
94.728830,-5.032446
94.728830,-3.690461
94.728830,-2.348475
94.728830,-1.006490
94.728830,0.335496
94.728830,1.677482
94.728830,3.019467
94.728830,4.361453
94.728830,5.703438
94.728830,7.045424
94.728830,8.233563
94.728830,9.406436
95.891020,-9.406436
95.891020,-8.233563
95.891020,-7.045424
95.891020,-5.703439
95.891020,-4.361454
95.891020,-3.019468
95.891020,-1.677482
95.891020,-0.335497
95.891020,1.006489
95.891020,2.348474
95.891020,3.690460
95.891020,5.032445
95.891020,6.374431
95.891020,7.716416
95.891020,9.058402
97.053220,-9.058403
97.053220,-7.716417
97.053220,-6.374432
97.053220,-5.032446
97.053220,-3.690461
97.053220,-2.348475
97.053220,-1.006490
97.053220,0.335496
97.053220,1.677482
97.053220,3.019467
97.053220,4.361453
97.053220,5.703438
97.053220,7.045424
97.053220,8.233563
97.053220,9.406436
98.215410,-9.406436
98.215410,-8.233563
98.215410,-7.045424
98.215410,-5.703439
98.215410,-4.361454
98.215410,-3.019468
98.215410,-1.677482
98.215410,-0.335497
98.215410,1.006489
98.215410,2.348474
98.215410,3.690460
98.215410,5.032445
98.215410,6.374431
98.215410,7.716416
98.215410,9.058402
99.377600,-9.058403
99.377600,-7.716417
99.377600,-6.374432
99.377600,-5.032446
99.377600,-3.690461
99.377600,-2.348475
99.377600,-1.006490
99.377600,0.335496
99.377600,1.677482
99.377600,3.019467
99.377600,4.361453
99.377600,5.703438
99.377600,7.045424
99.377600,8.233563
99.377600,9.406436
100.539800,-9.406436
100.539800,-8.233563
100.539800,-7.045424
100.539800,-5.703439
100.539800,-4.361454
100.539800,-3.019468
100.539800,-1.677482
100.539800,-0.335497
100.539800,1.006489
100.539800,2.348474
100.539800,3.690460
100.539800,5.032445
100.539800,6.374431
100.539800,7.716416
100.539800,9.058402
101.702000,-9.058403
101.702000,-7.716417
101.702000,-6.374432
101.702000,-5.032446
101.702000,-3.690461
101.702000,-2.348475
101.702000,-1.006490
101.702000,0.335496
101.702000,1.677482
101.702000,3.019467
101.702000,4.361453
101.702000,5.703438
101.702000,7.045424
101.702000,8.233563
101.702000,9.406436
102.864200,-9.406436
102.864200,-8.233563
102.864200,-7.045424
102.864200,-5.703439
102.864200,-4.361454
102.864200,-3.019468
102.864200,-1.677482
102.864200,-0.335497
102.864200,1.006489
102.864200,2.348474
102.864200,3.690460
102.864200,5.032445
102.864200,6.374431
102.864200,7.716416
102.864200,9.058402
104.026400,-9.058403
104.026400,-7.716417
104.026400,-6.374432
104.026400,-5.032446
104.026400,-3.690461
104.026400,-2.348475
104.026400,-1.006490
104.026400,0.335496
104.026400,1.677482
104.026400,3.019467
104.026400,4.361453
104.026400,5.703438
104.026400,7.045424
104.026400,8.233563
104.026400,9.406436
105.188600,-9.406436
105.188600,-8.233563
105.188600,-7.045424
105.188600,-5.703439
105.188600,-4.361454
105.188600,-3.019468
105.188600,-1.677482
105.188600,-0.335497
105.188600,1.006489
105.188600,2.348474
105.188600,3.690460
105.188600,5.032445
105.188600,6.374431
105.188600,7.716416
105.188600,9.058402
106.350800,-9.058403
106.350800,-7.716417
106.350800,-6.374432
106.350800,-5.032446
106.350800,-3.690461
106.350800,-2.348475
106.350800,-1.006490
106.350800,0.335496
106.350800,1.677482
106.350800,3.019467
106.350800,4.361453
106.350800,5.703438
106.350800,7.045424
106.350800,8.233563
106.350800,9.406436
107.513000,-9.406436
107.513000,-8.233563
107.513000,-7.045424
107.513000,-5.703439
107.513000,-4.361454
107.513000,-3.019468
107.513000,-1.677482
107.513000,-0.335497
107.513000,1.006489
107.513000,2.348474
107.513000,3.690460
107.513000,5.032445
107.513000,6.374431
107.513000,7.716416
107.513000,9.058402
108.675100,-9.058403
108.675100,-7.716417
108.675100,-6.374432
108.675100,-5.032446
108.675100,-3.690461
108.675100,-2.348475
108.675100,-1.006490
108.675100,0.335496
108.675100,1.677482
108.675100,3.019467
108.675100,4.361453
108.675100,5.703438
108.675100,7.045424
108.675100,8.233563
108.675100,9.406436
109.837300,-9.406436
109.837300,-8.233563
109.837300,-7.045424
109.837300,-5.703439
109.837300,-4.361454
109.837300,-3.019468
109.837300,-1.677482
109.837300,-0.335497
109.837300,1.006489
109.837300,2.348474
109.837300,3.690460
109.837300,5.032445
109.837300,6.374431
109.837300,7.716416
109.837300,9.058402
110.999500,-9.058403
110.999500,-7.716417
110.999500,-6.374432
110.999500,-5.032446
110.999500,-3.690461
110.999500,-2.348475
110.999500,-1.006490
110.999500,0.335496
110.999500,1.677482
110.999500,3.019467
110.999500,4.361453
110.999500,5.703438
110.999500,7.045424
110.999500,8.233563
110.999500,9.406436
112.161700,-9.406436
112.161700,-8.233563
112.161700,-7.045424
112.161700,-5.703439
112.161700,-4.361454
112.161700,-3.019468
112.161700,-1.677482
112.161700,-0.335497
112.161700,1.006489
112.161700,2.348474
112.161700,3.690460
112.161700,5.032445
112.161700,6.374431
112.161700,7.716416
112.161700,9.058402
113.323900,-9.058403
113.323900,-7.716417
113.323900,-6.374432
113.323900,-5.032446
113.323900,-3.690461
113.323900,-2.348475
113.323900,-1.006490
113.323900,0.335496
113.323900,1.677482
113.323900,3.019467
113.323900,4.361453
113.323900,5.703438
113.323900,7.045424
113.323900,8.233563
113.323900,9.406436
114.486100,-9.406436
114.486100,-8.233563
114.486100,-7.045424
114.486100,-5.703439
114.486100,-4.361454
114.486100,-3.019468
114.486100,-1.677482
114.486100,-0.335497
114.486100,1.006489
114.486100,2.348474
114.486100,3.690460
114.486100,5.032445
114.486100,6.374431
114.486100,7.716416
114.486100,9.058402
115.648300,-9.058403
115.648300,-7.716417
115.648300,-6.374432
115.648300,-5.032446
115.648300,-3.690461
115.648300,-2.348475
115.648300,-1.006490
115.648300,0.335496
115.648300,1.677482
115.648300,3.019467
115.648300,4.361453
115.648300,5.703438
115.648300,7.045424
115.648300,8.233563
115.648300,9.406436
116.810500,-9.406436
116.810500,-8.233563
116.810500,-7.045424
116.810500,-5.703439
116.810500,-4.361454
116.810500,-3.019468
116.810500,-1.677482
116.810500,-0.335497
116.810500,1.006489
116.810500,2.348474
116.810500,3.690460
116.810500,5.032445
116.810500,6.374431
116.810500,7.716416
116.810500,9.058402
117.972700,-9.058403
117.972700,-7.716417
117.972700,-6.374432
117.972700,-5.032446
117.972700,-3.690461
117.972700,-2.348475
117.972700,-1.006490
117.972700,0.335496
117.972700,1.677482
117.972700,3.019467
117.972700,4.361453
117.972700,5.703438
117.972700,7.045424
117.972700,8.233563
117.972700,9.406436
119.134900,-9.406436
119.134900,-8.233563
119.134900,-7.045424
119.134900,-5.703439
119.134900,-4.361454
119.134900,-3.019468
119.134900,-1.677482
119.134900,-0.335497
119.134900,1.006489
119.134900,2.348474
119.134900,3.690460
119.134900,5.032445
119.134900,6.374431
119.134900,7.716416
119.134900,9.058402
120.297100,-9.058403
120.297100,-7.716417
120.297100,-6.374432
120.297100,-5.032446
120.297100,-3.690461
120.297100,-2.348475
120.297100,-1.006490
120.297100,0.335496
120.297100,1.677482
120.297100,3.019467
120.297100,4.361453
120.297100,5.703438
120.297100,7.045424
120.297100,8.233563
120.297100,9.406436
121.459300,-9.406436
121.459300,-8.233563
121.459300,-7.045424
121.459300,-5.703439
121.459300,-4.361454
121.459300,-3.019468
121.459300,-1.677482
121.459300,-0.335497
121.459300,1.006489
121.459300,2.348474
121.459300,3.690460
121.459300,5.032445
121.459300,6.374431
121.459300,7.716416
121.459300,9.058402
122.621500,-9.058403
122.621500,-7.716417
122.621500,-6.374432
122.621500,-5.032446
122.621500,-3.690461
122.621500,-2.348475
122.621500,-1.006490
122.621500,0.335496
122.621500,1.677482
122.621500,3.019467
122.621500,4.361453
122.621500,5.703438
122.621500,7.045424
122.621500,8.233563
122.621500,9.406436
123.783700,-9.406436
123.783700,-8.233563
123.783700,-7.045424
123.783700,-5.703439
123.783700,-4.361454
123.783700,-3.019468
123.783700,-1.677482
123.783700,-0.335497
123.783700,1.006489
123.783700,2.348474
123.783700,3.690460
123.783700,5.032445
123.783700,6.374431
123.783700,7.716416
123.783700,9.058402
124.945900,-9.058403
124.945900,-7.716417
124.945900,-6.374432
124.945900,-5.032446
124.945900,-3.690461
124.945900,-2.348475
124.945900,-1.006490
124.945900,0.335496
124.945900,1.677482
124.945900,3.019467
124.945900,4.361453
124.945900,5.703438
124.945900,7.045424
124.945900,8.233563
124.945900,9.406436
126.108100,-9.406436
126.108100,-8.233563
126.108100,-7.045424
126.108100,-5.703439
126.108100,-4.361454
126.108100,-3.019468
126.108100,-1.677482
126.108100,-0.335497
126.108100,1.006489
126.108100,2.348474
126.108100,3.690460
126.108100,5.032445
126.108100,6.374431
126.108100,7.716416
126.108100,9.058402
127.270200,-9.058403
127.270200,-7.716417
127.270200,-6.374432
127.270200,-5.032446
127.270200,-3.690461
127.270200,-2.348475
127.270200,-1.006490
127.270200,0.335496
127.270200,1.677482
127.270200,3.019467
127.270200,4.361453
127.270200,5.703438
127.270200,7.045424
127.270200,8.233563
127.270200,9.406436
128.432400,-9.406436
128.432400,-8.233563
128.432400,-7.045424
128.432400,-5.703439
128.432400,-4.361454
128.432400,-3.019468
128.432400,-1.677482
128.432400,-0.335497
128.432400,1.006489
128.432400,2.348474
128.432400,3.690460
128.432400,5.032445
128.432400,6.374431
128.432400,7.716416
128.432400,9.058402
129.594600,-9.058403
129.594600,-7.716417
129.594600,-6.374432
129.594600,-5.032446
129.594600,-3.690461
129.594600,-2.348475
129.594600,-1.006490
129.594600,0.335496
129.594600,1.677482
129.594600,3.019467
129.594600,4.361453
129.594600,5.703438
129.594600,7.045424
129.594600,8.233563
129.594600,9.406436
130.756800,-9.406436
130.756800,-8.233563
130.756800,-7.045424
130.756800,-5.703439
130.756800,-4.361454
130.756800,-3.019468
130.756800,-1.677482
130.756800,-0.335497
130.756800,1.006489
130.756800,2.348474
130.756800,3.690460
130.756800,5.032445
130.756800,6.374431
130.756800,7.716416
130.756800,9.058402
131.919000,-9.058403
131.919000,-7.716417
131.919000,-6.374432
131.919000,-5.032446
131.919000,-3.690461
131.919000,-2.348475
131.919000,-1.006490
131.919000,0.335496
131.919000,1.677482
131.919000,3.019467
131.919000,4.361453
131.919000,5.703438
131.919000,7.045424
131.919000,8.233563
131.919000,9.406436
133.081200,-9.406436
133.081200,-8.233563
133.081200,-7.045424
133.081200,-5.703439
133.081200,-4.361454
133.081200,-3.019468
133.081200,-1.677482
133.081200,-0.335497
133.081200,1.006489
133.081200,2.348474
133.081200,3.690460
133.081200,5.032445
133.081200,6.374431
133.081200,7.716416
133.081200,9.058402
134.243400,-9.058403
134.243400,-7.716417
134.243400,-6.374432
134.243400,-5.032446
134.243400,-3.690461
134.243400,-2.348475
134.243400,-1.006490
134.243400,0.335496
134.243400,1.677482
134.243400,3.019467
134.243400,4.361453
134.243400,5.703438
134.243400,7.045424
134.243400,8.233563
134.243400,9.406436
135.405600,-9.406436
135.405600,-8.233563
135.405600,-7.045424
135.405600,-5.703439
135.405600,-4.361454
135.405600,-3.019468
135.405600,-1.677482
135.405600,-0.335497
135.405600,1.006489
135.405600,2.348474
135.405600,3.690460
135.405600,5.032445
135.405600,6.374431
135.405600,7.716416
135.405600,9.058402
136.567800,-9.058403
136.567800,-7.716417
136.567800,-6.374432
136.567800,-5.032446
136.567800,-3.690461
136.567800,-2.348475
136.567800,-1.006490
136.567800,0.335496
136.567800,1.677482
136.567800,3.019467
136.567800,4.361453
136.567800,5.703438
136.567800,7.045424
136.567800,8.233563
136.567800,9.406436
137.730000,-9.406436
137.730000,-8.233563
137.730000,-7.045424
137.730000,-5.703439
137.730000,-4.361454
137.730000,-3.019468
137.730000,-1.677482
137.730000,-0.335497
137.730000,1.006489
137.730000,2.348474
137.730000,3.690460
137.730000,5.032445
137.730000,6.374431
137.730000,7.716416
137.730000,9.058402
138.892200,-9.058403
138.892200,-7.716417
138.892200,-6.374432
138.892200,-5.032446
138.892200,-3.690461
138.892200,-2.348475
138.892200,-1.006490
138.892200,0.335496
138.892200,1.677482
138.892200,3.019467
138.892200,4.361453
138.892200,5.703438
138.892200,7.045424
138.892200,8.233563
138.892200,9.406436
140.054400,-9.406436
140.054400,-8.233563
140.054400,-7.045424
140.054400,-5.703439
140.054400,-4.361454
140.054400,-3.019468
140.054400,-1.677482
140.054400,-0.335497
140.054400,1.006489
140.054400,2.348474
140.054400,3.690460
140.054400,5.032445
140.054400,6.374431
140.054400,7.716416
140.054400,9.058402
141.216600,-9.058403
141.216600,-7.716417
141.216600,-6.374432
141.216600,-5.032446
141.216600,-3.690461
141.216600,-2.348475
141.216600,-1.006490
141.216600,0.335496
141.216600,1.677482
141.216600,3.019467
141.216600,4.361453
141.216600,5.703438
141.216600,7.045424
141.216600,8.233563
141.216600,9.406436
142.378800,-9.406436
142.378800,-8.233563
142.378800,-7.045424
142.378800,-5.703439
142.378800,-4.361454
142.378800,-3.019468
142.378800,-1.677482
142.378800,-0.335497
142.378800,1.006489
142.378800,2.348474
142.378800,3.690460
142.378800,5.032445
142.378800,6.374431
142.378800,7.716416
142.378800,9.058402
143.541000,-9.058403
143.541000,-7.716417
143.541000,-6.374432
143.541000,-5.032446
143.541000,-3.690461
143.541000,-2.348475
143.541000,-1.006490
143.541000,0.335496
143.541000,1.677482
143.541000,3.019467
143.541000,4.361453
143.541000,5.703438
143.541000,7.045424
143.541000,8.233563
143.541000,9.406436
144.703200,-9.406436
144.703200,-8.233563
144.703200,-7.045424
144.703200,-5.703439
144.703200,-4.361454
144.703200,-3.019468
144.703200,-1.677482
144.703200,-0.335497
144.703200,1.006489
144.703200,2.348474
144.703200,3.690460
144.703200,5.032445
144.703200,6.374431
144.703200,7.716416
144.703200,9.058402
145.865300,-9.058403
145.865300,-7.716417
145.865300,-6.374432
145.865300,-5.032446
145.865300,-3.690461
145.865300,-2.348475
145.865300,-1.006490
145.865300,0.335496
145.865300,1.677482
145.865300,3.019467
145.865300,4.361453
145.865300,5.703438
145.865300,7.045424
145.865300,8.233563
145.865300,9.406436
147.027500,-9.406436
147.027500,-8.233563
147.027500,-7.045424
147.027500,-5.703439
147.027500,-4.361454
147.027500,-3.019468
147.027500,-1.677482
147.027500,-0.335497
147.027500,1.006489
147.027500,2.348474
147.027500,3.690460
147.027500,5.032445
147.027500,6.374431
147.027500,7.716416
147.027500,9.058402
148.189700,-9.058403
148.189700,-7.716417
148.189700,-6.374432
148.189700,-5.032446
148.189700,-3.690461
148.189700,-2.348475
148.189700,-1.006490
148.189700,0.335496
148.189700,1.677482
148.189700,3.019467
148.189700,4.361453
148.189700,5.703438
148.189700,7.045424
148.189700,8.233563
148.189700,9.406436
149.351900,-9.406436
149.351900,-8.233563
149.351900,-7.045424
149.351900,-5.703439
149.351900,-4.361454
149.351900,-3.019468
149.351900,-1.677482
149.351900,-0.335497
149.351900,1.006489
149.351900,2.348474
149.351900,3.690460
149.351900,5.032445
149.351900,6.374431
149.351900,7.716416
149.351900,9.058402
150.514100,-9.058403
150.514100,-7.716417
150.514100,-6.374432
150.514100,-5.032446
150.514100,-3.690461
150.514100,-2.348475
150.514100,-1.006490
150.514100,0.335496
150.514100,1.677482
150.514100,3.019467
150.514100,4.361453
150.514100,5.703438
150.514100,7.045424
150.514100,8.233563
150.514100,9.406436
151.676300,-9.406436
151.676300,-8.233563
151.676300,-7.045424
151.676300,-5.703439
151.676300,-4.361454
151.676300,-3.019468
151.676300,-1.677482
151.676300,-0.335497
151.676300,1.006489
151.676300,2.348474
151.676300,3.690460
151.676300,5.032445
151.676300,6.374431
151.676300,7.716416
151.676300,9.058402
152.838500,-9.058403
152.838500,-7.716417
152.838500,-6.374432
152.838500,-5.032446
152.838500,-3.690461
152.838500,-2.348475
152.838500,-1.006490
152.838500,0.335496
152.838500,1.677482
152.838500,3.019467
152.838500,4.361453
152.838500,5.703438
152.838500,7.045424
152.838500,8.233563
152.838500,9.406436
154.000700,-9.406436
154.000700,-8.233563
154.000700,-7.045424
154.000700,-5.703439
154.000700,-4.361454
154.000700,-3.019468
154.000700,-1.677482
154.000700,-0.335497
154.000700,1.006489
154.000700,2.348474
154.000700,3.690460
154.000700,5.032445
154.000700,6.374431
154.000700,7.716416
154.000700,9.058402
155.162900,-9.058403
155.162900,-7.716417
155.162900,-6.374432
155.162900,-5.032446
155.162900,-3.690461
155.162900,-2.348475
155.162900,-1.006490
155.162900,0.335496
155.162900,1.677482
155.162900,3.019467
155.162900,4.361453
155.162900,5.703438
155.162900,7.045424
155.162900,8.233563
155.162900,9.406436
156.325100,-9.406436
156.325100,-8.233563
156.325100,-7.045424
156.325100,-5.703439
156.325100,-4.361454
156.325100,-3.019468
156.325100,-1.677482
156.325100,-0.335497
156.325100,1.006489
156.325100,2.348474
156.325100,3.690460
156.325100,5.032445
156.325100,6.374431
156.325100,7.716416
156.325100,9.058402
157.487300,-9.058403
157.487300,-7.716417
157.487300,-6.374432
157.487300,-5.032446
157.487300,-3.690461
157.487300,-2.348475
157.487300,-1.006490
157.487300,0.335496
157.487300,1.677482
157.487300,3.019467
157.487300,4.361453
157.487300,5.703438
157.487300,7.045424
157.487300,8.233563
157.487300,9.406436
158.649500,-9.406436
158.649500,-8.233563
158.649500,-7.045424
158.649500,-5.703439
158.649500,-4.361454
158.649500,-3.019468
158.649500,-1.677482
158.649500,-0.335497
158.649500,1.006489
158.649500,2.348474
158.649500,3.690460
158.649500,5.032445
158.649500,6.374431
158.649500,7.716416
158.649500,9.058402
159.811700,-9.058403
159.811700,-7.716417
159.811700,-6.374432
159.811700,-5.032446
159.811700,-3.690461
159.811700,-2.348475
159.811700,-1.006490
159.811700,0.335496
159.811700,1.677482
159.811700,3.019467
159.811700,4.361453
159.811700,5.703438
159.811700,7.045424
159.811700,8.233563
159.811700,9.406436
160.973900,-9.406436
160.973900,-8.233563
160.973900,-7.045424
160.973900,-5.703439
160.973900,-4.361454
160.973900,-3.019468
160.973900,-1.677482
160.973900,-0.335497
160.973900,1.006489
160.973900,2.348474
160.973900,3.690460
160.973900,5.032445
160.973900,6.374431
160.973900,7.716416
160.973900,9.058402
162.136000,-9.058403
162.136000,-7.716417
162.136000,-6.374432
162.136000,-5.032446
162.136000,-3.690461
162.136000,-2.348475
162.136000,-1.006490
162.136000,0.335496
162.136000,1.677482
162.136000,3.019467
162.136000,4.361453
162.136000,5.703438
162.136000,7.045424
162.136000,8.233563
162.136000,9.406436
163.298200,-9.406436
163.298200,-8.233563
163.298200,-7.045424
163.298200,-5.703439
163.298200,-4.361454
163.298200,-3.019468
163.298200,-1.677482
163.298200,-0.335497
163.298200,1.006489
163.298200,2.348474
163.298200,3.690460
163.298200,5.032445
163.298200,6.374431
163.298200,7.716416
163.298200,9.058402
164.460400,-9.058403
164.460400,-7.716417
164.460400,-6.374432
164.460400,-5.032446
164.460400,-3.690461
164.460400,-2.348475
164.460400,-1.006490
164.460400,0.335496
164.460400,1.677482
164.460400,3.019467
164.460400,4.361453
164.460400,5.703438
164.460400,7.045424
164.460400,8.233563
164.460400,9.406436
165.622600,-9.406436
165.622600,-8.233563
165.622600,-7.045424
165.622600,-5.703439
165.622600,-4.361454
165.622600,-3.019468
165.622600,-1.677482
165.622600,-0.335497
165.622600,1.006489
165.622600,2.348474
165.622600,3.690460
165.622600,5.032445
165.622600,6.374431
165.622600,7.716416
165.622600,9.058402
166.784800,-9.058403
166.784800,-7.716417
166.784800,-6.374432
166.784800,-5.032446
166.784800,-3.690461
166.784800,-2.348475
166.784800,-1.006490
166.784800,0.335496
166.784800,1.677482
166.784800,3.019467
166.784800,4.361453
166.784800,5.703438
166.784800,7.045424
166.784800,8.233563
166.784800,9.406436
167.947000,-9.406436
167.947000,-8.233563
167.947000,-7.045424
167.947000,-5.703439
167.947000,-4.361454
167.947000,-3.019468
167.947000,-1.677482
167.947000,-0.335497
167.947000,1.006489
167.947000,2.348474
167.947000,3.690460
167.947000,5.032445
167.947000,6.374431
167.947000,7.716416
167.947000,9.058402
169.109200,-9.058403
169.109200,-7.716417
169.109200,-6.374432
169.109200,-5.032446
169.109200,-3.690461
169.109200,-2.348475
169.109200,-1.006490
169.109200,0.335496
169.109200,1.677482
169.109200,3.019467
169.109200,4.361453
169.109200,5.703438
169.109200,7.045424
169.109200,8.233563
169.109200,9.406436
170.271400,-9.406436
170.271400,-8.233563
170.271400,-7.045424
170.271400,-5.703439
170.271400,-4.361454
170.271400,-3.019468
170.271400,-1.677482
170.271400,-0.335497
170.271400,1.006489
170.271400,2.348474
170.271400,3.690460
170.271400,5.032445
170.271400,6.374431
170.271400,7.716416
170.271400,9.058402
171.433600,-9.058403
171.433600,-7.716417
171.433600,-6.374432
171.433600,-5.032446
171.433600,-3.690461
171.433600,-2.348475
171.433600,-1.006490
171.433600,0.335496
171.433600,1.677482
171.433600,3.019467
171.433600,4.361453
171.433600,5.703438
171.433600,7.045424
171.433600,8.233563
171.433600,9.406436
172.595800,-9.406436
172.595800,-8.233563
172.595800,-7.045424
172.595800,-5.703439
172.595800,-4.361454
172.595800,-3.019468
172.595800,-1.677482
172.595800,-0.335497
172.595800,1.006489
172.595800,2.348474
172.595800,3.690460
172.595800,5.032445
172.595800,6.374431
172.595800,7.716416
172.595800,9.058402
173.758000,-9.058403
173.758000,-7.716417
173.758000,-6.374432
173.758000,-5.032446
173.758000,-3.690461
173.758000,-2.348475
173.758000,-1.006490
173.758000,0.335496
173.758000,1.677482
173.758000,3.019467
173.758000,4.361453
173.758000,5.703438
173.758000,7.045424
173.758000,8.233563
173.758000,9.406436
174.920200,-9.406436
174.920200,-8.233563
174.920200,-7.045424
174.920200,-5.703439
174.920200,-4.361454
174.920200,-3.019468
174.920200,-1.677482
174.920200,-0.335497
174.920200,1.006489
174.920200,2.348474
174.920200,3.690460
174.920200,5.032445
174.920200,6.374431
174.920200,7.716416
174.920200,9.058402
176.082400,-9.058403
176.082400,-7.716417
176.082400,-6.374432
176.082400,-5.032446
176.082400,-3.690461
176.082400,-2.348475
176.082400,-1.006490
176.082400,0.335496
176.082400,1.677482
176.082400,3.019467
176.082400,4.361453
176.082400,5.703438
176.082400,7.045424
176.082400,8.233563
176.082400,9.406436
177.244600,-9.406436
177.244600,-8.233563
177.244600,-7.045424
177.244600,-5.703439
177.244600,-4.361454
177.244600,-3.019468
177.244600,-1.677482
177.244600,-0.335497
177.244600,1.006489
177.244600,2.348474
177.244600,3.690460
177.244600,5.032445
177.244600,6.374431
177.244600,7.716416
177.244600,9.058402
178.406800,-9.058403
178.406800,-7.716417
178.406800,-6.374432
178.406800,-5.032446
178.406800,-3.690461
178.406800,-2.348475
178.406800,-1.006490
178.406800,0.335496
178.406800,1.677482
178.406800,3.019467
178.406800,4.361453
178.406800,5.703438
178.406800,7.045424
178.406800,8.233563
178.406800,9.406436
179.569000,-9.406436
179.569000,-8.233563
179.569000,-7.045424
179.569000,-5.703439
179.569000,-4.361454
179.569000,-3.019468
179.569000,-1.677482
179.569000,-0.335497
179.569000,1.006489
179.569000,2.348474
179.569000,3.690460
179.569000,5.032445
179.569000,6.374431
179.569000,7.716416
179.569000,9.058402
180.731200,-9.058403
180.731200,-7.716417
180.731200,-6.374432
180.731200,-5.032446
180.731200,-3.690461
180.731200,-2.348475
180.731200,-1.006490
180.731200,0.335496
180.731200,1.677482
180.731200,3.019467
180.731200,4.361453
180.731200,5.703438
180.731200,7.045424
180.731200,8.233563
180.731200,9.406436
181.893300,-9.406436
181.893300,-8.233563
181.893300,-7.045424
181.893300,-5.703439
181.893300,-4.361454
181.893300,-3.019468
181.893300,-1.677482
181.893300,-0.335497
181.893300,1.006489
181.893300,2.348474
181.893300,3.690460
181.893300,5.032445
181.893300,6.374431
181.893300,7.716416
181.893300,9.058402
183.055500,-9.058403
183.055500,-7.716417
183.055500,-6.374432
183.055500,-5.032446
183.055500,-3.690461
183.055500,-2.348475
183.055500,-1.006490
183.055500,0.335496
183.055500,1.677482
183.055500,3.019467
183.055500,4.361453
183.055500,5.703438
183.055500,7.045424
183.055500,8.233563
183.055500,9.406436
184.217700,-9.406436
184.217700,-8.233563
184.217700,-7.045424
184.217700,-5.703439
184.217700,-4.361454
184.217700,-3.019468
184.217700,-1.677482
184.217700,-0.335497
184.217700,1.006489
184.217700,2.348474
184.217700,3.690460
184.217700,5.032445
184.217700,6.374431
184.217700,7.716416
184.217700,9.058402
185.379900,-9.058403
185.379900,-7.716417
185.379900,-6.374432
185.379900,-5.032446
185.379900,-3.690461
185.379900,-2.348475
185.379900,-1.006490
185.379900,0.335496
185.379900,1.677482
185.379900,3.019467
185.379900,4.361453
185.379900,5.703438
185.379900,7.045424
185.379900,8.233563
185.379900,9.406436
186.542100,-9.406436
186.542100,-8.233563
186.542100,-7.045424
186.542100,-5.703439
186.542100,-4.361454
186.542100,-3.019468
186.542100,-1.677482
186.542100,-0.335497
186.542100,1.006489
186.542100,2.348474
186.542100,3.690460
186.542100,5.032445
186.542100,6.374431
186.542100,7.716416
186.542100,9.058402
187.704300,-9.058403
187.704300,-7.716417
187.704300,-6.374432
187.704300,-5.032446
187.704300,-3.690461
187.704300,-2.348475
187.704300,-1.006490
187.704300,0.335496
187.704300,1.677482
187.704300,3.019467
187.704300,4.361453
187.704300,5.703438
187.704300,7.045424
187.704300,8.233563
187.704300,9.406436
188.866500,-9.406436
188.866500,-8.233563
188.866500,-7.045424
188.866500,-5.703439
188.866500,-4.361454
188.866500,-3.019468
188.866500,-1.677482
188.866500,-0.335497
188.866500,1.006489
188.866500,2.348474
188.866500,3.690460
188.866500,5.032445
188.866500,6.374431
188.866500,7.716416
188.866500,9.058402
190.028700,-9.058403
190.028700,-7.716417
190.028700,-6.374432
190.028700,-5.032446
190.028700,-3.690461
190.028700,-2.348475
190.028700,-1.006490
190.028700,0.335496
190.028700,1.677482
190.028700,3.019467
190.028700,4.361453
190.028700,5.703438
190.028700,7.045424
190.028700,8.233563
190.028700,9.406436
191.190900,-9.406436
191.190900,-8.233563
191.190900,-7.045424
191.190900,-5.703439
191.190900,-4.361454
191.190900,-3.019468
191.190900,-1.677482
191.190900,-0.335497
191.190900,1.006489
191.190900,2.348474
191.190900,3.690460
191.190900,5.032445
191.190900,6.374431
191.190900,7.716416
191.190900,9.058402
192.353100,-9.058403
192.353100,-7.716417
192.353100,-6.374432
192.353100,-5.032446
192.353100,-3.690461
192.353100,-2.348475
192.353100,-1.006490
192.353100,0.335496
192.353100,1.677482
192.353100,3.019467
192.353100,4.361453
192.353100,5.703438
192.353100,7.045424
192.353100,8.233563
192.353100,9.406436
193.515300,-9.406436
193.515300,-8.233563
193.515300,-7.045424
193.515300,-5.703439
193.515300,-4.361454
193.515300,-3.019468
193.515300,-1.677482
193.515300,-0.335497
193.515300,1.006489
193.515300,2.348474
193.515300,3.690460
193.515300,5.032445
193.515300,6.374431
193.515300,7.716416
193.515300,9.058402
194.677500,-9.058403
194.677500,-7.716417
194.677500,-6.374432
194.677500,-5.032446
194.677500,-3.690461
194.677500,-2.348475
194.677500,-1.006490
194.677500,0.335496
194.677500,1.677482
194.677500,3.019467
194.677500,4.361453
194.677500,5.703438
194.677500,7.045424
194.677500,8.233563
194.677500,9.406436
195.839700,-9.406436
195.839700,-8.233563
195.839700,-7.045424
195.839700,-5.703439
195.839700,-4.361454
195.839700,-3.019468
195.839700,-1.677482
195.839700,-0.335497
195.839700,1.006489
195.839700,2.348474
195.839700,3.690460
195.839700,5.032445
195.839700,6.374431
195.839700,7.716416
195.839700,9.058402
197.001900,-9.058403
197.001900,-7.716417
197.001900,-6.374432
197.001900,-5.032446
197.001900,-3.690461
197.001900,-2.348475
197.001900,-1.006490
197.001900,0.335496
197.001900,1.677482
197.001900,3.019467
197.001900,4.361453
197.001900,5.703438
197.001900,7.045424
197.001900,8.233563
197.001900,9.406436
198.164000,-9.406436
198.164000,-8.233563
198.164000,-7.045424
198.164000,-5.703439
198.164000,-4.361454
198.164000,-3.019468
198.164000,-1.677482
198.164000,-0.335497
198.164000,1.006489
198.164000,2.348474
198.164000,3.690460
198.164000,5.032445
198.164000,6.374431
198.164000,7.716416
198.164000,9.058402
199.326200,-9.058403
199.326200,-7.716417
199.326200,-6.374432
199.326200,-5.032446
199.326200,-3.690461
199.326200,-2.348475
199.326200,-1.006490
199.326200,0.335496
199.326200,1.677482
199.326200,3.019467
199.326200,4.361453
199.326200,5.703438
199.326200,7.045424
199.326200,8.233563
199.326200,9.406436
200.488400,-9.406436
200.488400,-8.233563
200.488400,-7.045424
200.488400,-5.703439
200.488400,-4.361454
200.488400,-3.019468
200.488400,-1.677482
200.488400,-0.335497
200.488400,1.006489
200.488400,2.348474
200.488400,3.690460
200.488400,5.032445
200.488400,6.374431
200.488400,7.716416
200.488400,9.058402
201.650600,-9.058403
201.650600,-7.716417
201.650600,-6.374432
201.650600,-5.032446
201.650600,-3.690461
201.650600,-2.348475
201.650600,-1.006490
201.650600,0.335496
201.650600,1.677482
201.650600,3.019467
201.650600,4.361453
201.650600,5.703438
201.650600,7.045424
201.650600,8.233563
201.650600,9.406436
202.812800,-9.406436
202.812800,-8.233563
202.812800,-7.045424
202.812800,-5.703439
202.812800,-4.361454
202.812800,-3.019468
202.812800,-1.677482
202.812800,-0.335497
202.812800,1.006489
202.812800,2.348474
202.812800,3.690460
202.812800,5.032445
202.812800,6.374431
202.812800,7.716416
202.812800,9.058402
203.975000,-9.058403
203.975000,-7.716417
203.975000,-6.374432
203.975000,-5.032446
203.975000,-3.690461
203.975000,-2.348475
203.975000,-1.006490
203.975000,0.335496
203.975000,1.677482
203.975000,3.019467
203.975000,4.361453
203.975000,5.703438
203.975000,7.045424
203.975000,8.233563
203.975000,9.406436
205.137200,-9.406436
205.137200,-8.233563
205.137200,-7.045424
205.137200,-5.703439
205.137200,-4.361454
205.137200,-3.019468
205.137200,-1.677482
205.137200,-0.335497
205.137200,1.006489
205.137200,2.348474
205.137200,3.690460
205.137200,5.032445
205.137200,6.374431
205.137200,7.716416
205.137200,9.058402
206.299400,-9.058403
206.299400,-7.716417
206.299400,-6.374432
206.299400,-5.032446
206.299400,-3.690461
206.299400,-2.348475
206.299400,-1.006490
206.299400,0.335496
206.299400,1.677482
206.299400,3.019467
206.299400,4.361453
206.299400,5.703438
206.299400,7.045424
206.299400,8.233563
206.299400,9.406436
207.461600,-9.406436
207.461600,-8.233563
207.461600,-7.045424
207.461600,-5.703439
207.461600,-4.361454
207.461600,-3.019468
207.461600,-1.677482
207.461600,-0.335497
207.461600,1.006489
207.461600,2.348474
207.461600,3.690460
207.461600,5.032445
207.461600,6.374431
207.461600,7.716416
207.461600,9.058402
208.623800,-9.058403
208.623800,-7.716417
208.623800,-6.374432
208.623800,-5.032446
208.623800,-3.690461
208.623800,-2.348475
208.623800,-1.006490
208.623800,0.335496
208.623800,1.677482
208.623800,3.019467
208.623800,4.361453
208.623800,5.703438
208.623800,7.045424
208.623800,8.233563
208.623800,9.406436
209.786000,-9.406436
209.786000,-8.233563
209.786000,-7.045424
209.786000,-5.703439
209.786000,-4.361454
209.786000,-3.019468
209.786000,-1.677482
209.786000,-0.335497
209.786000,1.006489
209.786000,2.348474
209.786000,3.690460
209.786000,5.032445
209.786000,6.374431
209.786000,7.716416
209.786000,9.058402
210.948200,-9.058403
210.948200,-7.716417
210.948200,-6.374432
210.948200,-5.032446
210.948200,-3.690461
210.948200,-2.348475
210.948200,-1.006490
210.948200,0.335496
210.948200,1.677482
210.948200,3.019467
210.948200,4.361453
210.948200,5.703438
210.948200,7.045424
210.948200,8.233563
210.948200,9.406436
212.110400,-9.406436
212.110400,-8.233563
212.110400,-7.045424
212.110400,-5.703439
212.110400,-4.361454
212.110400,-3.019468
212.110400,-1.677482
212.110400,-0.335497
212.110400,1.006489
212.110400,2.348474
212.110400,3.690460
212.110400,5.032445
212.110400,6.374431
212.110400,7.716416
212.110400,9.058402
213.272600,-9.058403
213.272600,-7.716417
213.272600,-6.374432
213.272600,-5.032446
213.272600,-3.690461
213.272600,-2.348475
213.272600,-1.006490
213.272600,0.335496
213.272600,1.677482
213.272600,3.019467
213.272600,4.361453
213.272600,5.703438
213.272600,7.045424
213.272600,8.233563
213.272600,9.406436
214.434800,-9.406436
214.434800,-8.233563
214.434800,-7.045424
214.434800,-5.703439
214.434800,-4.361454
214.434800,-3.019468
214.434800,-1.677482
214.434800,-0.335497
214.434800,1.006489
214.434800,2.348474
214.434800,3.690460
214.434800,5.032445
214.434800,6.374431
214.434800,7.716416
214.434800,9.058402
215.597000,-9.058403
215.597000,-7.716417
215.597000,-6.374432
215.597000,-5.032446
215.597000,-3.690461
215.597000,-2.348475
215.597000,-1.006490
215.597000,0.335496
215.597000,1.677482
215.597000,3.019467
215.597000,4.361453
215.597000,5.703438
215.597000,7.045424
215.597000,8.233563
215.597000,9.406436
216.759200,-9.406436
216.759200,-8.233563
216.759200,-7.045424
216.759200,-5.703439
216.759200,-4.361454
216.759200,-3.019468
216.759200,-1.677482
216.759200,-0.335497
216.759200,1.006489
216.759200,2.348474
216.759200,3.690460
216.759200,5.032445
216.759200,6.374431
216.759200,7.716416
216.759200,9.058402
217.921300,-9.058403
217.921300,-7.716417
217.921300,-6.374432
217.921300,-5.032446
217.921300,-3.690461
217.921300,-2.348475
217.921300,-1.006490
217.921300,0.335496
217.921300,1.677482
217.921300,3.019467
217.921300,4.361453
217.921300,5.703438
217.921300,7.045424
217.921300,8.233563
217.921300,9.406436
219.083500,-9.406436
219.083500,-8.233563
219.083500,-7.045424
219.083500,-5.703439
219.083500,-4.361454
219.083500,-3.019468
219.083500,-1.677482
219.083500,-0.335497
219.083500,1.006489
219.083500,2.348474
219.083500,3.690460
219.083500,5.032445
219.083500,6.374431
219.083500,7.716416
219.083500,9.058402
220.245700,-9.058403
220.245700,-7.716417
220.245700,-6.374432
220.245700,-5.032446
220.245700,-3.690461
220.245700,-2.348475
220.245700,-1.006490
220.245700,0.335496
220.245700,1.677482
220.245700,3.019467
220.245700,4.361453
220.245700,5.703438
220.245700,7.045424
220.245700,8.233563
220.245700,9.406436
221.407900,-9.406436
221.407900,-8.233563
221.407900,-7.045424
221.407900,-5.703439
221.407900,-4.361454
221.407900,-3.019468
221.407900,-1.677482
221.407900,-0.335497
221.407900,1.006489
221.407900,2.348474
221.407900,3.690460
221.407900,5.032445
221.407900,6.374431
221.407900,7.716416
221.407900,9.058402
222.570100,-9.058403
222.570100,-7.716417
222.570100,-6.374432
222.570100,-5.032446
222.570100,-3.690461
222.570100,-2.348475
222.570100,-1.006490
222.570100,0.335496
222.570100,1.677482
222.570100,3.019467
222.570100,4.361453
222.570100,5.703438
222.570100,7.045424
222.570100,8.233563
222.570100,9.406436
223.732300,-9.406436
223.732300,-8.233563
223.732300,-7.045424
223.732300,-5.703439
223.732300,-4.361454
223.732300,-3.019468
223.732300,-1.677482
223.732300,-0.335497
223.732300,1.006489
223.732300,2.348474
223.732300,3.690460
223.732300,5.032445
223.732300,6.374431
223.732300,7.716416
223.732300,9.058402
224.894500,-9.058403
224.894500,-7.716417
224.894500,-6.374432
224.894500,-5.032446
224.894500,-3.690461
224.894500,-2.348475
224.894500,-1.006490
224.894500,0.335496
224.894500,1.677482
224.894500,3.019467
224.894500,4.361453
224.894500,5.703438
224.894500,7.045424
224.894500,8.233563
224.894500,9.406436
226.056700,-9.406436
226.056700,-8.233563
226.056700,-7.045424
226.056700,-5.703439
226.056700,-4.361454
226.056700,-3.019468
226.056700,-1.677482
226.056700,-0.335497
226.056700,1.006489
226.056700,2.348474
226.056700,3.690460
226.056700,5.032445
226.056700,6.374431
226.056700,7.716416
226.056700,9.058402
227.218900,-9.058403
227.218900,-7.716417
227.218900,-6.374432
227.218900,-5.032446
227.218900,-3.690461
227.218900,-2.348475
227.218900,-1.006490
227.218900,0.335496
227.218900,1.677482
227.218900,3.019467
227.218900,4.361453
227.218900,5.703438
227.218900,7.045424
227.218900,8.233563
227.218900,9.406436
228.381100,-9.406436
228.381100,-8.233563
228.381100,-7.045424
228.381100,-5.703439
228.381100,-4.361454
228.381100,-3.019468
228.381100,-1.677482
228.381100,-0.335497
228.381100,1.006489
228.381100,2.348474
228.381100,3.690460
228.381100,5.032445
228.381100,6.374431
228.381100,7.716416
228.381100,9.058402
229.543300,-9.058403
229.543300,-7.716417
229.543300,-6.374432
229.543300,-5.032446
229.543300,-3.690461
229.543300,-2.348475
229.543300,-1.006490
229.543300,0.335496
229.543300,1.677482
229.543300,3.019467
229.543300,4.361453
229.543300,5.703438
229.543300,7.045424
229.543300,8.233563
229.543300,9.406436
230.705500,-9.406436
230.705500,-8.233563
230.705500,-7.045424
230.705500,-5.703439
230.705500,-4.361454
230.705500,-3.019468
230.705500,-1.677482
230.705500,-0.335497
230.705500,1.006489
230.705500,2.348474
230.705500,3.690460
230.705500,5.032445
230.705500,6.374431
230.705500,7.716416
230.705500,9.058402
231.867700,-9.058403
231.867700,-7.716417
231.867700,-6.374432
231.867700,-5.032446
231.867700,-3.690461
231.867700,-2.348475
231.867700,-1.006490
231.867700,0.335496
231.867700,1.677482
231.867700,3.019467
231.867700,4.361453
231.867700,5.703438
231.867700,7.045424
231.867700,8.233563
231.867700,9.406436
233.029900,-9.406436
233.029900,-8.233563
233.029900,-7.045424
233.029900,-5.703439
233.029900,-4.361454
233.029900,-3.019468
233.029900,-1.677482
233.029900,-0.335497
233.029900,1.006489
233.029900,2.348474
233.029900,3.690460
233.029900,5.032445
233.029900,6.374431
233.029900,7.716416
233.029900,9.058402
234.192000,-9.058403
234.192000,-7.716417
234.192000,-6.374432
234.192000,-5.032446
234.192000,-3.690461
234.192000,-2.348475
234.192000,-1.006490
234.192000,0.335496
234.192000,1.677482
234.192000,3.019467
234.192000,4.361453
234.192000,5.703438
234.192000,7.045424
234.192000,8.233563
234.192000,9.406436
235.354200,-9.406436
235.354200,-8.233563
235.354200,-7.045424
235.354200,-5.703439
235.354200,-4.361454
235.354200,-3.019468
235.354200,-1.677482
235.354200,-0.335497
235.354200,1.006489
235.354200,2.348474
235.354200,3.690460
235.354200,5.032445
235.354200,6.374431
235.354200,7.716416
235.354200,9.058402
236.516400,-9.058403
236.516400,-7.716417
236.516400,-6.374432
236.516400,-5.032446
236.516400,-3.690461
236.516400,-2.348475
236.516400,-1.006490
236.516400,0.335496
236.516400,1.677482
236.516400,3.019467
236.516400,4.361453
236.516400,5.703438
236.516400,7.045424
236.516400,8.233563
236.516400,9.406436
237.678600,-9.406436
237.678600,-8.233563
237.678600,-7.045424
237.678600,-5.703439
237.678600,-4.361454
237.678600,-3.019468
237.678600,-1.677482
237.678600,-0.335497
237.678600,1.006489
237.678600,2.348474
237.678600,3.690460
237.678600,5.032445
237.678600,6.374431
237.678600,7.716416
237.678600,9.058402
238.840800,-9.058403
238.840800,-7.716417
238.840800,-6.374432
238.840800,-5.032446
238.840800,-3.690461
238.840800,-2.348475
238.840800,-1.006490
238.840800,0.335496
238.840800,1.677482
238.840800,3.019467
238.840800,4.361453
238.840800,5.703438
238.840800,7.045424
238.840800,8.233563
238.840800,9.406436
240.003000,-9.406436
240.003000,-8.233563
240.003000,-7.045424
240.003000,-5.703439
240.003000,-4.361454
240.003000,-3.019468
240.003000,-1.677482
240.003000,-0.335497
240.003000,1.006489
240.003000,2.348474
240.003000,3.690460
240.003000,5.032445
240.003000,6.374431
240.003000,7.716416
240.003000,9.058402
241.165200,-9.058403
241.165200,-7.716417
241.165200,-6.374432
241.165200,-5.032446
241.165200,-3.690461
241.165200,-2.348475
241.165200,-1.006490
241.165200,0.335496
241.165200,1.677482
241.165200,3.019467
241.165200,4.361453
241.165200,5.703438
241.165200,7.045424
241.165200,8.233563
241.165200,9.406436
242.327400,-9.406436
242.327400,-8.233563
242.327400,-7.045424
242.327400,-5.703439
242.327400,-4.361454
242.327400,-3.019468
242.327400,-1.677482
242.327400,-0.335497
242.327400,1.006489
242.327400,2.348474
242.327400,3.690460
242.327400,5.032445
242.327400,6.374431
242.327400,7.716416
242.327400,9.058402
243.489600,-9.058403
243.489600,-7.716417
243.489600,-6.374432
243.489600,-5.032446
243.489600,-3.690461
243.489600,-2.348475
243.489600,-1.006490
243.489600,0.335496
243.489600,1.677482
243.489600,3.019467
243.489600,4.361453
243.489600,5.703438
243.489600,7.045424
243.489600,8.233563
243.489600,9.406436
244.651800,-9.406436
244.651800,-8.233563
244.651800,-7.045424
244.651800,-5.703439
244.651800,-4.361454
244.651800,-3.019468
244.651800,-1.677482
244.651800,-0.335497
244.651800,1.006489
244.651800,2.348474
244.651800,3.690460
244.651800,5.032445
244.651800,6.374431
244.651800,7.716416
244.651800,9.058402
245.814000,-9.058403
245.814000,-7.716417
245.814000,-6.374432
245.814000,-5.032446
245.814000,-3.690461
245.814000,-2.348475
245.814000,-1.006490
245.814000,0.335496
245.814000,1.677482
245.814000,3.019467
245.814000,4.361453
245.814000,5.703438
245.814000,7.045424
245.814000,8.233563
245.814000,9.406436
246.976200,-9.406436
246.976200,-8.233563
246.976200,-7.045424
246.976200,-5.703439
246.976200,-4.361454
246.976200,-3.019468
246.976200,-1.677482
246.976200,-0.335497
246.976200,1.006489
246.976200,2.348474
246.976200,3.690460
246.976200,5.032445
246.976200,6.374431
246.976200,7.716416
246.976200,9.058402
248.138400,-9.058403
248.138400,-7.716417
248.138400,-6.374432
248.138400,-5.032446
248.138400,-3.690461
248.138400,-2.348475
248.138400,-1.006490
248.138400,0.335496
248.138400,1.677482
248.138400,3.019467
248.138400,4.361453
248.138400,5.703438
248.138400,7.045424
248.138400,8.233563
248.138400,9.406436
249.300600,-9.406436
249.300600,-8.233563
249.300600,-7.045424
249.300600,-5.703439
249.300600,-4.361454
249.300600,-3.019468
249.300600,-1.677482
249.300600,-0.335497
249.300600,1.006489
249.300600,2.348474
249.300600,3.690460
249.300600,5.032445
249.300600,6.374431
249.300600,7.716416
249.300600,9.058402
250.462800,-9.058403
250.462800,-7.716417
250.462800,-6.374432
250.462800,-5.032446
250.462800,-3.690461
250.462800,-2.348475
250.462800,-1.006490
250.462800,0.335496
250.462800,1.677482
250.462800,3.019467
250.462800,4.361453
250.462800,5.703438
250.462800,7.045424
250.462800,8.233563
250.462800,9.406436
251.625000,-9.406436
251.625000,-8.233563
251.625000,-7.045424
251.625000,-5.703439
251.625000,-4.361454
251.625000,-3.019468
251.625000,-1.677482
251.625000,-0.335497
251.625000,1.006489
251.625000,2.348474
251.625000,3.690460
251.625000,5.032445
251.625000,6.374431
251.625000,7.716416
251.625000,9.058402
252.787100,-9.058403
252.787100,-7.716417
252.787100,-6.374432
252.787100,-5.032446
252.787100,-3.690461
252.787100,-2.348475
252.787100,-1.006490
252.787100,0.335496
252.787100,1.677482
252.787100,3.019467
252.787100,4.361453
252.787100,5.703438
252.787100,7.045424
252.787100,8.233563
252.787100,9.406436
253.949300,-9.406436
253.949300,-8.233563
253.949300,-7.045424
253.949300,-5.703439
253.949300,-4.361454
253.949300,-3.019468
253.949300,-1.677482
253.949300,-0.335497
253.949300,1.006489
253.949300,2.348474
253.949300,3.690460
253.949300,5.032445
253.949300,6.374431
253.949300,7.716416
253.949300,9.058402
255.111500,-9.058403
255.111500,-7.716417
255.111500,-6.374432
255.111500,-5.032446
255.111500,-3.690461
255.111500,-2.348475
255.111500,-1.006490
255.111500,0.335496
255.111500,1.677482
255.111500,3.019467
255.111500,4.361453
255.111500,5.703438
255.111500,7.045424
255.111500,8.233563
255.111500,9.406436
256.273700,-9.406436
256.273700,-8.233563
256.273700,-7.045424
256.273700,-5.703439
256.273700,-4.361454
256.273700,-3.019468
256.273700,-1.677482
256.273700,-0.335497
256.273700,1.006489
256.273700,2.348474
256.273700,3.690460
256.273700,5.032445
256.273700,6.374431
256.273700,7.716416
256.273700,9.058402
257.435900,-9.058403
257.435900,-7.716417
257.435900,-6.374432
257.435900,-5.032446
257.435900,-3.690461
257.435900,-2.348475
257.435900,-1.006490
257.435900,0.335496
257.435900,1.677482
257.435900,3.019467
257.435900,4.361453
257.435900,5.703438
257.435900,7.045424
257.435900,8.233563
257.435900,9.406436
258.598100,-9.406436
258.598100,-8.233563
258.598100,-7.045424
258.598100,-5.703439
258.598100,-4.361454
258.598100,-3.019468
258.598100,-1.677482
258.598100,-0.335497
258.598100,1.006489
258.598100,2.348474
258.598100,3.690460
258.598100,5.032445
258.598100,6.374431
258.598100,7.716416
258.598100,9.058402
259.760300,-9.058403
259.760300,-7.716417
259.760300,-6.374432
259.760300,-5.032446
259.760300,-3.690461
259.760300,-2.348475
259.760300,-1.006490
259.760300,0.335496
259.760300,1.677482
259.760300,3.019467
259.760300,4.361453
259.760300,5.703438
259.760300,7.045424
259.760300,8.233563
259.760300,9.406436
260.922500,-9.406436
260.922500,-8.233563
260.922500,-7.045424
260.922500,-5.703439
260.922500,-4.361454
260.922500,-3.019468
260.922500,-1.677482
260.922500,-0.335497
260.922500,1.006489
260.922500,2.348474
260.922500,3.690460
260.922500,5.032445
260.922500,6.374431
260.922500,7.716416
260.922500,9.058402
262.084700,-9.058403
262.084700,-7.716417
262.084700,-6.374432
262.084700,-5.032446
262.084700,-3.690461
262.084700,-2.348475
262.084700,-1.006490
262.084700,0.335496
262.084700,1.677482
262.084700,3.019467
262.084700,4.361453
262.084700,5.703438
262.084700,7.045424
262.084700,8.233563
262.084700,9.406436
263.246900,-9.406436
263.246900,-8.233563
263.246900,-7.045424
263.246900,-5.703439
263.246900,-4.361454
263.246900,-3.019468
263.246900,-1.677482
263.246900,-0.335497
263.246900,1.006489
263.246900,2.348474
263.246900,3.690460
263.246900,5.032445
263.246900,6.374431
263.246900,7.716416
263.246900,9.058402
264.409100,-9.058403
264.409100,-7.716417
264.409100,-6.374432
264.409100,-5.032446
264.409100,-3.690461
264.409100,-2.348475
264.409100,-1.006490
264.409100,0.335496
264.409100,1.677482
264.409100,3.019467
264.409100,4.361453
264.409100,5.703438
264.409100,7.045424
264.409100,8.233563
264.409100,9.406436
265.571300,-9.406436
265.571300,-8.233563
265.571300,-7.045424
265.571300,-5.703439
265.571300,-4.361454
265.571300,-3.019468
265.571300,-1.677482
265.571300,-0.335497
265.571300,1.006489
265.571300,2.348474
265.571300,3.690460
265.571300,5.032445
265.571300,6.374431
265.571300,7.716416
265.571300,9.058402
266.733500,-9.058403
266.733500,-7.716417
266.733500,-6.374432
266.733500,-5.032446
266.733500,-3.690461
266.733500,-2.348475
266.733500,-1.006490
266.733500,0.335496
266.733500,1.677482
266.733500,3.019467
266.733500,4.361453
266.733500,5.703438
266.733500,7.045424
266.733500,8.233563
266.733500,9.406436
267.895700,-9.406436
267.895700,-8.233563
267.895700,-7.045424
267.895700,-5.703439
267.895700,-4.361454
267.895700,-3.019468
267.895700,-1.677482
267.895700,-0.335497
267.895700,1.006489
267.895700,2.348474
267.895700,3.690460
267.895700,5.032445
267.895700,6.374431
267.895700,7.716416
267.895700,9.058402
269.057900,-9.058403
269.057900,-7.716417
269.057900,-6.374432
269.057900,-5.032446
269.057900,-3.690461
269.057900,-2.348475
269.057900,-1.006490
269.057900,0.335496
269.057900,1.677482
269.057900,3.019467
269.057900,4.361453
269.057900,5.703438
269.057900,7.045424
269.057900,8.233563
269.057900,9.406436
270.220100,-9.406436
270.220100,-8.233563
270.220100,-7.045424
270.220100,-5.703439
270.220100,-4.361454
270.220100,-3.019468
270.220100,-1.677482
270.220100,-0.335497
270.220100,1.006489
270.220100,2.348474
270.220100,3.690460
270.220100,5.032445
270.220100,6.374431
270.220100,7.716416
270.220100,9.058402
271.382200,-9.058403
271.382200,-7.716417
271.382200,-6.374432
271.382200,-5.032446
271.382200,-3.690461
271.382200,-2.348475
271.382200,-1.006490
271.382200,0.335496
271.382200,1.677482
271.382200,3.019467
271.382200,4.361453
271.382200,5.703438
271.382200,7.045424
271.382200,8.233563
271.382200,9.406436
272.544400,-9.406436
272.544400,-8.233563
272.544400,-7.045424
272.544400,-5.703439
272.544400,-4.361454
272.544400,-3.019468
272.544400,-1.677482
272.544400,-0.335497
272.544400,1.006489
272.544400,2.348474
272.544400,3.690460
272.544400,5.032445
272.544400,6.374431
272.544400,7.716416
272.544400,9.058402
273.706600,-9.058403
273.706600,-7.716417
273.706600,-6.374432
273.706600,-5.032446
273.706600,-3.690461
273.706600,-2.348475
273.706600,-1.006490
273.706600,0.335496
273.706600,1.677482
273.706600,3.019467
273.706600,4.361453
273.706600,5.703438
273.706600,7.045424
273.706600,8.233563
273.706600,9.406436
274.868800,-9.406436
274.868800,-8.233563
274.868800,-7.045424
274.868800,-5.703439
274.868800,-4.361454
274.868800,-3.019468
274.868800,-1.677482
274.868800,-0.335497
274.868800,1.006489
274.868800,2.348474
274.868800,3.690460
274.868800,5.032445
274.868800,6.374431
274.868800,7.716416
274.868800,9.058402
276.031000,-9.058403
276.031000,-7.716417
276.031000,-6.374432
276.031000,-5.032446
276.031000,-3.690461
276.031000,-2.348475
276.031000,-1.006490
276.031000,0.335496
276.031000,1.677482
276.031000,3.019467
276.031000,4.361453
276.031000,5.703438
276.031000,7.045424
276.031000,8.233563
276.031000,9.406436
277.193200,-9.406436
277.193200,-8.233563
277.193200,-7.045424
277.193200,-5.703439
277.193200,-4.361454
277.193200,-3.019468
277.193200,-1.677482
277.193200,-0.335497
277.193200,1.006489
277.193200,2.348474
277.193200,3.690460
277.193200,5.032445
277.193200,6.374431
277.193200,7.716416
277.193200,9.058402
278.355400,-9.058403
278.355400,-7.716417
278.355400,-6.374432
278.355400,-5.032446
278.355400,-3.690461
278.355400,-2.348475
278.355400,-1.006490
278.355400,0.335496
278.355400,1.677482
278.355400,3.019467
278.355400,4.361453
278.355400,5.703438
278.355400,7.045424
278.355400,8.233563
278.355400,9.406436
279.517600,-9.406436
279.517600,-8.233563
279.517600,-7.045424
279.517600,-5.703439
279.517600,-4.361454
279.517600,-3.019468
279.517600,-1.677482
279.517600,-0.335497
279.517600,1.006489
279.517600,2.348474
279.517600,3.690460
279.517600,5.032445
279.517600,6.374431
279.517600,7.716416
279.517600,9.058402
280.679800,-9.058403
280.679800,-7.716417
280.679800,-6.374432
280.679800,-5.032446
280.679800,-3.690461
280.679800,-2.348475
280.679800,-1.006490
280.679800,0.335496
280.679800,1.677482
280.679800,3.019467
280.679800,4.361453
280.679800,5.703438
280.679800,7.045424
280.679800,8.233563
280.679800,9.406436
281.842000,-9.406436
281.842000,-8.233563
281.842000,-7.045424
281.842000,-5.703439
281.842000,-4.361454
281.842000,-3.019468
281.842000,-1.677482
281.842000,-0.335497
281.842000,1.006489
281.842000,2.348474
281.842000,3.690460
281.842000,5.032445
281.842000,6.374431
281.842000,7.716416
281.842000,9.058402
283.004200,-9.058403
283.004200,-7.716417
283.004200,-6.374432
283.004200,-5.032446
283.004200,-3.690461
283.004200,-2.348475
283.004200,-1.006490
283.004200,0.335496
283.004200,1.677482
283.004200,3.019467
283.004200,4.361453
283.004200,5.703438
283.004200,7.045424
283.004200,8.233563
283.004200,9.406436
284.166400,-9.406436
284.166400,-8.233563
284.166400,-7.045424
284.166400,-5.703439
284.166400,-4.361454
284.166400,-3.019468
284.166400,-1.677482
284.166400,-0.335497
284.166400,1.006489
284.166400,2.348474
284.166400,3.690460
284.166400,5.032445
284.166400,6.374431
284.166400,7.716416
284.166400,9.058402
285.328600,-9.058403
285.328600,-7.716417
285.328600,-6.374432
285.328600,-5.032446
285.328600,-3.690461
285.328600,-2.348475
285.328600,-1.006490
285.328600,0.335496
285.328600,1.677482
285.328600,3.019467
285.328600,4.361453
285.328600,5.703438
285.328600,7.045424
285.328600,8.233563
285.328600,9.406436
286.490800,-9.406436
286.490800,-8.233563
286.490800,-7.045424
286.490800,-5.703439
286.490800,-4.361454
286.490800,-3.019468
286.490800,-1.677482
286.490800,-0.335497
286.490800,1.006489
286.490800,2.348474
286.490800,3.690460
286.490800,5.032445
286.490800,6.374431
286.490800,7.716416
286.490800,9.058402
287.653000,-9.058403
287.653000,-7.716417
287.653000,-6.374432
287.653000,-5.032446
287.653000,-3.690461
287.653000,-2.348475
287.653000,-1.006490
287.653000,0.335496
287.653000,1.677482
287.653000,3.019467
287.653000,4.361453
287.653000,5.703438
287.653000,7.045424
287.653000,8.233563
287.653000,9.406436
288.815200,-9.406436
288.815200,-8.233563
288.815200,-7.045424
288.815200,-5.703439
288.815200,-4.361454
288.815200,-3.019468
288.815200,-1.677482
288.815200,-0.335497
288.815200,1.006489
288.815200,2.348474
288.815200,3.690460
288.815200,5.032445
288.815200,6.374431
288.815200,7.716416
288.815200,9.058402
289.977400,-9.058403
289.977400,-7.716417
289.977400,-6.374432
289.977400,-5.032446
289.977400,-3.690461
289.977400,-2.348475
289.977400,-1.006490
289.977400,0.335496
289.977400,1.677482
289.977400,3.019467
289.977400,4.361453
289.977400,5.703438
289.977400,7.045424
289.977400,8.233563
289.977400,9.406436
291.139500,-9.406436
291.139500,-8.233563
291.139500,-7.045424
291.139500,-5.703439
291.139500,-4.361454
291.139500,-3.019468
291.139500,-1.677482
291.139500,-0.335497
291.139500,1.006489
291.139500,2.348474
291.139500,3.690460
291.139500,5.032445
291.139500,6.374431
291.139500,7.716416
291.139500,9.058402
292.301700,-9.058403
292.301700,-7.716417
292.301700,-6.374432
292.301700,-5.032446
292.301700,-3.690461
292.301700,-2.348475
292.301700,-1.006490
292.301700,0.335496
292.301700,1.677482
292.301700,3.019467
292.301700,4.361453
292.301700,5.703438
292.301700,7.045424
292.301700,8.233563
292.301700,9.406436
293.463900,-9.406436
293.463900,-8.233563
293.463900,-7.045424
293.463900,-5.703439
293.463900,-4.361454
293.463900,-3.019468
293.463900,-1.677482
293.463900,-0.335497
293.463900,1.006489
293.463900,2.348474
293.463900,3.690460
293.463900,5.032445
293.463900,6.374431
293.463900,7.716416
293.463900,9.058402
294.626100,-9.058403
294.626100,-7.716417
294.626100,-6.374432
294.626100,-5.032446
294.626100,-3.690461
294.626100,-2.348475
294.626100,-1.006490
294.626100,0.335496
294.626100,1.677482
294.626100,3.019467
294.626100,4.361453
294.626100,5.703438
294.626100,7.045424
294.626100,8.233563
294.626100,9.406436
295.788300,-9.406436
295.788300,-8.233563
295.788300,-7.045424
295.788300,-5.703439
295.788300,-4.361454
295.788300,-3.019468
295.788300,-1.677482
295.788300,-0.335497
295.788300,1.006489
295.788300,2.348474
295.788300,3.690460
295.788300,5.032445
295.788300,6.374431
295.788300,7.716416
295.788300,9.058402
296.950500,-9.058403
296.950500,-7.716417
296.950500,-6.374432
296.950500,-5.032446
296.950500,-3.690461
296.950500,-2.348475
296.950500,-1.006490
296.950500,0.335496
296.950500,1.677482
296.950500,3.019467
296.950500,4.361453
296.950500,5.703438
296.950500,7.045424
296.950500,8.233563
296.950500,9.406436
298.112700,-9.406436
298.112700,-8.233563
298.112700,-7.045424
298.112700,-5.703439
298.112700,-4.361454
298.112700,-3.019468
298.112700,-1.677482
298.112700,-0.335497
298.112700,1.006489
298.112700,2.348474
298.112700,3.690460
298.112700,5.032445
298.112700,6.374431
298.112700,7.716416
298.112700,9.058402
299.274900,-9.058403
299.274900,-7.716417
299.274900,-6.374432
299.274900,-5.032446
299.274900,-3.690461
299.274900,-2.348475
299.274900,-1.006490
299.274900,0.335496
299.274900,1.677482
299.274900,3.019467
299.274900,4.361453
299.274900,5.703438
299.274900,7.045424
299.274900,8.233563
299.274900,9.406436
300.437100,-9.406436
300.437100,-8.233563
300.437100,-7.045424
300.437100,-5.703439
300.437100,-4.361454
300.437100,-3.019468
300.437100,-1.677482
300.437100,-0.335497
300.437100,1.006489
300.437100,2.348474
300.437100,3.690460
300.437100,5.032445
300.437100,6.374431
300.437100,7.716416
300.437100,9.058402
301.599300,-9.058403
301.599300,-7.716417
301.599300,-6.374432
301.599300,-5.032446
301.599300,-3.690461
301.599300,-2.348475
301.599300,-1.006490
301.599300,0.335496
301.599300,1.677482
301.599300,3.019467
301.599300,4.361453
301.599300,5.703438
301.599300,7.045424
301.599300,8.233563
301.599300,9.406436
302.761500,-9.406436
302.761500,-8.233563
302.761500,-7.045424
302.761500,-5.703439
302.761500,-4.361454
302.761500,-3.019468
302.761500,-1.677482
302.761500,-0.335497
302.761500,1.006489
302.761500,2.348474
302.761500,3.690460
302.761500,5.032445
302.761500,6.374431
302.761500,7.716416
302.761500,9.058402
303.923700,-9.058403
303.923700,-7.716417
303.923700,-6.374432
303.923700,-5.032446
303.923700,-3.690461
303.923700,-2.348475
303.923700,-1.006490
303.923700,0.335496
303.923700,1.677482
303.923700,3.019467
303.923700,4.361453
303.923700,5.703438
303.923700,7.045424
303.923700,8.233563
303.923700,9.406436
305.085800,-9.406436
305.085800,-8.233563
305.085800,-7.045424
305.085800,-5.703439
305.085800,-4.361454
305.085800,-3.019468
305.085800,-1.677482
305.085800,-0.335497
305.085800,1.006489
305.085800,2.348474
305.085800,3.690460
305.085800,5.032445
305.085800,6.374431
305.085800,7.716416
305.085800,9.058402
306.248000,-9.058403
306.248000,-7.716417
306.248000,-6.374432
306.248000,-5.032446
306.248000,-3.690461
306.248000,-2.348475
306.248000,-1.006490
306.248000,0.335496
306.248000,1.677482
306.248000,3.019467
306.248000,4.361453
306.248000,5.703438
306.248000,7.045424
306.248000,8.233563
306.248000,9.406436
307.410200,-9.406436
307.410200,-8.233563
307.410200,-7.045424
307.410200,-5.703439
307.410200,-4.361454
307.410200,-3.019468
307.410200,-1.677482
307.410200,-0.335497
307.410200,1.006489
307.410200,2.348474
307.410200,3.690460
307.410200,5.032445
307.410200,6.374431
307.410200,7.716416
307.410200,9.058402
308.572400,-9.058403
308.572400,-7.716417
308.572400,-6.374432
308.572400,-5.032446
308.572400,-3.690461
308.572400,-2.348475
308.572400,-1.006490
308.572400,0.335496
308.572400,1.677482
308.572400,3.019467
308.572400,4.361453
308.572400,5.703438
308.572400,7.045424
308.572400,8.233563
308.572400,9.406436
309.734600,-9.411549
309.734600,-8.239382
309.734600,-7.045424
309.734600,-5.703439
309.734600,-4.361454
309.734600,-3.019468
309.734600,-1.677482
309.734600,-0.335497
309.734600,1.006489
309.734600,2.348474
309.734600,3.690460
309.734600,5.032445
309.734600,6.374431
309.734600,7.716416
309.734600,9.058402
310.896800,-9.058403
310.896800,-7.716417
310.896800,-6.374432
310.896800,-5.032446
310.896800,-3.690461
310.896800,-2.348475
310.896800,-1.006490
310.896800,0.335496
310.896800,1.677482
310.896800,3.019467
310.896800,4.361453
310.896800,5.703438
310.896800,7.045424
310.896800,8.239382
310.896800,9.411549
312.059000,-9.411549
312.059000,-8.239382
312.059000,-7.045424
312.059000,-5.703439
312.059000,-4.361454
312.059000,-3.019468
312.059000,-1.677482
312.059000,-0.335497
312.059000,1.006489
312.059000,2.348474
312.059000,3.690460
312.059000,5.032445
312.059000,6.374431
312.059000,7.716416
312.059000,9.058402
313.221200,-9.058403
313.221200,-7.716417
313.221200,-6.374432
313.221200,-5.032446
313.221200,-3.690461
313.221200,-2.348475
313.221200,-1.006490
313.221200,0.335496
313.221200,1.677482
313.221200,3.019467
313.221200,4.361453
313.221200,5.703438
313.221200,7.045424
313.221200,8.233563
313.221200,9.406436
