156.281500,-0.069128
157.448400,1.542733
154.755100,-0.691667
155.282800,1.591287
158.397800,-0.979462
157.243700,-0.747339
158.010600,0.507640
155.250700,-1.759535
156.414700,-1.583173
156.355200,1.105803
156.045400,2.488123
157.219900,2.697627
156.252500,3.647027
157.958400,3.614450
158.623300,1.616107
158.897400,2.902102
159.778100,1.844831
159.131400,4.200015
160.110000,3.545524
158.190500,4.908159
156.736800,5.583578
157.100300,4.463859
157.717800,6.265986
159.409700,5.633350
160.932800,5.211140
160.218900,6.497485
158.828200,6.657055
159.026200,9.093536
160.026100,8.472039
156.730500,6.941735
155.030700,7.164405
157.767000,7.500002
155.759400,6.239765
155.837400,8.021832
156.964600,8.361611
156.277700,9.401521
155.092200,8.933221
153.303800,8.464490
153.886600,7.441711
151.756800,8.339045
152.458200,9.284542
152.233200,7.262489
151.727200,6.199539
150.853400,7.582880
154.131100,5.872325
152.969900,5.360188
153.979800,4.614902
152.308700,4.386212
153.227200,3.649894
154.178300,2.758658
152.868600,2.396821
151.725300,3.090117
151.879700,1.715005
150.548500,3.122157
149.925200,2.123436
149.983300,4.157652
149.801600,5.320773
150.401400,6.373884
148.624400,5.333972
149.362500,3.157472
147.610900,3.869612
148.966100,1.213569
148.543200,2.312180
147.433700,2.705803
146.300400,2.387604
146.537100,1.234471
146.461700,3.553741
147.696400,1.440634
148.814900,0.046078
147.483500,0.282768
146.324400,0.076635
146.144900,-1.174675
145.251700,-0.407856
145.390900,1.514814
144.647200,0.602227
147.878400,-0.826311
148.585400,-2.254868
147.094200,-2.041157
149.191700,-1.069238
149.997400,-0.209405
150.451100,-1.295689
149.762700,-2.250610
149.592300,-3.415411
150.837500,-2.738040
151.250600,-3.840434
150.220700,-4.410802
152.362500,-4.227157
149.690200,-5.461645
151.195600,-5.477008
149.032800,-4.472205
147.939600,-4.908958
148.415600,-3.449675
148.639000,-5.991488
149.764900,-7.343269
147.442900,-7.712467
150.433600,-6.374430
148.481400,-7.158160
147.246100,-6.548886
146.298300,-7.437238
146.860500,-5.379549
144.782600,-8.273169
146.740300,-9.403893
145.155000,-7.156351
146.098700,-6.277071
145.925800,-8.553969
144.994800,-5.868280
144.100300,-6.633502
143.964800,-5.298096
145.756500,-4.970762
145.179800,-3.944427
146.170200,-2.770764
143.295600,-4.329594
146.662500,-4.219019
143.874000,-2.316727
145.046500,-2.420140
143.376500,-1.249804
144.549700,-1.352820
142.733700,-2.608643
142.522800,0.574249
142.235300,-1.542187
141.888400,-0.417328
143.502000,-0.079286
140.779300,-0.022878
139.919600,-1.430223
140.958700,-2.450485
140.654000,-3.645123
139.834500,-2.799985
139.540600,-4.353423
138.706600,-2.463336
138.751000,-1.286910
138.493700,-3.815730
138.934600,-5.362746
137.049000,-4.418260
137.433200,-3.305578
137.496100,-5.507226
136.493200,-6.131949
136.022100,-4.994061
138.308200,-6.359533
137.088100,-7.529274
139.409000,-8.087832
140.014600,-5.831303
139.871600,-7.005248
138.369500,-7.535176
136.600500,-8.712493
138.803800,-9.101460
139.981800,-9.116369
141.231600,-7.742963
141.143000,-8.920984
142.729600,-9.248490
143.605300,-8.274981
142.340900,-8.137232
142.130700,-6.526006
142.121900,-4.421586
141.598700,-5.476035
142.800300,-5.470929
140.953600,-6.541359
140.620300,-4.821823
141.778100,-3.295764
144.101700,-3.471683
135.617200,-9.359902
135.916200,-7.417466
135.010000,-5.805243
134.317800,-6.757543
134.796800,-8.515312
132.813700,-8.413335
133.872300,-9.254819
132.111100,-9.357964
133.837700,-7.832510
133.256700,-6.247634
132.081700,-6.175445
134.334400,-4.701031
133.201900,-5.071694
132.160400,-7.425124
132.021000,-4.999720
131.042400,-4.163554
130.927900,-6.409483
132.015000,-3.500247
130.559000,-5.291470
133.123300,-3.897171
133.519700,-2.788815
134.629600,-3.268062
133.062800,-1.703586
131.097500,-1.649387
134.232100,-1.851983
134.315700,-0.677969
132.308000,-0.800049
131.299700,0.626709
133.348900,1.517003
130.915900,-0.486213
134.189600,0.661458
135.275900,1.257437
135.214300,0.082020
135.399600,-1.137215
133.565900,2.874336
134.979500,3.069891
132.595200,3.540309
132.513600,2.346538
131.526900,2.988641
134.144400,3.899600
133.458900,4.856599
134.409300,5.551063
135.715000,4.454403
136.996700,4.036278
136.553500,6.292632
136.146700,3.221732
137.133900,5.268373
135.584300,5.624412
138.068100,4.523945
138.631200,3.125874
139.027800,5.205719
139.335300,4.069336
138.005800,6.059420
137.469100,2.938107
137.296900,1.773475
138.182600,0.997969
137.333700,0.182615
139.632600,-0.288483
136.395000,0.892823
139.583100,0.932935
138.464300,-0.145130
138.848100,1.968864
140.019400,2.084957
141.851100,1.540956
141.261100,3.720692
140.420800,4.545191
141.568600,5.024431
142.364100,4.156802
142.186600,2.993188
142.906600,2.062061
143.323600,3.298312
144.043500,2.366859
141.131000,2.472301
144.951000,3.869324
145.168900,2.712389
144.146200,5.446598
145.311400,5.280046
143.500900,4.462107
143.625500,6.502351
142.701900,5.343067
142.448300,6.492705
141.394600,7.017680
143.032900,7.519575
140.609700,5.707158
139.143200,6.377299
139.309800,7.551882
140.432300,7.982933
139.119600,8.713537
140.216700,9.140471
141.383200,9.299148
142.013200,8.108062
142.746400,9.205920
143.687200,8.498244
145.818100,7.510399
144.439300,9.403890
145.624100,9.403901
144.800500,6.425229
145.965900,6.258693
145.031800,8.386597
146.605000,8.752768
146.981800,7.332168
148.119800,9.129010
147.977400,7.960372
148.135200,6.793398
149.066500,7.513466
149.930200,8.313404
149.224500,6.346846
147.484500,5.040007
146.350000,4.725668
150.952200,9.198469
149.486700,9.403882
147.139400,6.165514
137.012000,7.376814
138.166200,9.403931
138.179300,7.223824
136.989100,9.403992
135.811900,9.402559
135.835100,7.352223
134.920300,6.611495
134.639000,8.071120
134.644800,9.248392
133.468000,9.216043
132.014700,8.227835
132.711100,7.278634
132.068700,9.403863
130.101900,8.985952
128.500700,8.165732
131.064000,6.917482
129.641300,7.873848
128.799200,6.443384
129.972300,6.344822
128.741500,9.326138
127.738900,7.268165
126.313200,7.246042
126.614300,8.712146
127.400800,5.947541
128.761000,5.071012
126.911400,4.323068
125.530900,6.191671
126.374500,5.370679
124.638400,5.423841
125.598900,3.390556
127.002000,2.006131
125.689500,1.965655
123.983200,3.209352
123.956100,4.386335
126.752700,3.156622
128.556200,3.045022
128.120700,1.639685
128.070500,4.117441
125.434300,4.556284
129.341100,3.957673
130.139400,5.179439
130.381700,3.261325
131.214600,4.123746
129.216400,2.070271
129.040100,0.904680
130.309200,1.632679
130.133400,0.468574
128.419800,-0.095870
129.513200,-0.531959
128.558500,-1.989158
127.753800,-1.129841
129.699800,-1.694239
130.982200,-2.821028
129.805800,-2.866647
128.717000,-3.314242
128.829200,-4.589362
127.652100,-4.607181
129.871500,-4.042045
127.674600,-2.766786
126.500800,-2.857662
126.627100,-4.028175
126.090600,-1.458651
124.415100,-0.837366
126.584000,-0.150037
125.346100,-2.627975
125.431000,0.147252
124.342600,-2.012425
123.983300,-4.333565
123.283400,-1.322478
125.472400,-3.798455
123.288100,-2.536082
121.871000,-3.334812
121.670000,-1.667980
121.023100,0.003975
120.644300,-2.865440
120.272100,-1.581566
122.058400,-0.556609
122.902800,1.127115
123.171900,-0.019008
119.938000,-0.452677
118.747800,-0.648637
119.426500,1.081651
119.105200,-1.770336
120.596300,1.213533
120.629500,2.390345
122.178000,2.141062
119.457600,2.644538
121.542700,3.137629
122.588500,4.574463
120.429100,3.550433
122.690000,3.401549
123.353100,2.214842
121.167100,4.467645
120.453000,6.663641
119.997300,4.761724
122.166400,5.940084
119.284300,3.824931
121.028900,5.636776
119.469800,5.898817
117.407400,5.926483
118.446200,6.480399
117.659900,4.776600
119.394200,7.178385
118.829500,4.910850
116.560000,4.356963
118.266100,3.233938
117.091100,3.306338
118.104800,2.067780
117.419900,1.110272
118.414400,0.480394
116.868500,2.150355
115.691900,2.189392
115.823300,3.438669
116.428300,0.475847
116.047900,-0.638202
115.361200,0.972790
114.939400,-1.034774
114.584800,0.087814
117.353800,-0.301129
116.836000,-1.512701
117.938300,-1.926173
117.258300,-2.887197
116.091700,-2.424860
114.933900,-2.212023
115.679800,-3.616437
114.502700,-3.632219
116.801900,-3.972432
116.004400,-5.472657
117.510200,-4.912729
118.479200,-3.494378
117.234200,-6.057179
115.118600,-4.697141
114.285000,-6.186278
113.994000,-5.045503
113.003700,-6.434668
113.328500,-3.714793
112.076800,-5.680009
111.426300,-4.698807
111.899800,-6.843808
110.804700,-6.211308
112.845200,-4.788233
110.259900,-5.167647
109.281100,-4.248577
108.955300,-5.829974
110.045300,-3.353247
111.207300,-3.542145
108.257600,-4.830099
109.738000,-6.709453
109.799300,-7.905996
110.862400,-7.400405
107.930600,-6.993318
108.622800,-7.945563
107.069800,-9.353550
108.521500,-9.207279
109.797700,-9.306420
106.794000,-7.300087
106.056900,-8.217985
106.242100,-6.260236
107.664000,-5.846712
105.294000,-6.958208
107.486200,-8.252375
104.485700,-5.879727
105.522800,-5.322709
103.640800,-8.385029
106.697500,-5.174670
103.440800,-6.422066
102.566200,-7.903974
102.350100,-4.895619
102.316700,-6.072392
101.719000,-7.086586
101.739900,-8.953957
100.713800,-6.473597
100.686600,-7.652478
101.314300,-5.455148
101.711200,-3.678642
100.784000,-4.404080
100.137200,-5.447167
99.534100,-6.458242
98.406180,-6.120637
99.502750,-8.075352
99.009380,-5.109720
98.639920,-7.274448
98.370960,-8.617580
97.277990,-8.166446
96.100750,-8.174241
97.523740,-6.899887
95.881950,-9.331026
97.188040,-9.340909
96.353120,-7.024317
95.783970,-5.993758
95.231100,-7.380696
96.729000,-5.291715
97.847050,-4.923200
94.676220,-4.642052
96.977320,-4.129801
95.925200,-3.338037
94.890960,-2.352373
95.794200,-1.597335
96.714280,-2.464361
94.532120,-3.473625
97.768140,-3.257683
95.846360,-4.512670
98.942190,-3.170608
98.425170,-1.697855
99.516400,-2.142869
97.278430,-1.431071
97.344320,0.224308
98.484340,-0.090167
97.747810,1.330276
99.065920,1.206452
99.357540,-0.976348
96.475510,-0.570109
100.236200,0.236556
101.495200,0.373979
100.559800,-0.895303
100.224800,1.413735
101.017700,2.283840
99.244500,3.147875
100.412700,3.293686
101.952500,1.468103
102.124900,2.683750
101.931700,3.845028
103.187100,2.176126
102.830500,4.605350
102.908800,0.781488
104.016900,0.384015
102.521400,-0.336710
104.137800,-0.790140
106.155200,-0.600456
105.405200,-1.508671
104.002400,-1.959609
105.257300,1.066826
102.825300,-1.529336
105.090600,-0.098539
106.267300,1.671700
104.183600,1.549437
106.629500,0.551520
107.444500,1.667183
107.315900,-0.404939
108.458800,0.969534
109.605200,1.237540
109.652600,-0.254769
108.520200,2.145562
108.476400,-0.207610
109.033800,-1.255912
107.871700,-1.442745
108.533100,-2.416680
106.711100,-1.638006
107.230500,-2.932898
105.967300,-2.550157
105.983100,-4.239123
107.291100,-4.157913
108.313000,-3.573197
109.695400,-2.229337
110.857300,-2.418128
111.958700,-2.002692
111.206800,-0.449324
112.308700,-3.126652
113.843600,-2.656241
113.106000,-1.738731
112.623800,0.255540
113.789900,-0.780543
113.659300,0.815343
113.396500,1.962858
112.219700,1.942138
111.647700,0.913439
110.538400,0.519880
111.310300,2.689304
109.666600,2.413217
112.884700,3.023009
110.751700,4.901628
111.929400,3.711070
110.750500,3.724614
110.693400,1.686792
111.919400,5.050288
109.354800,4.742641
109.946700,5.760273
109.381100,6.792521
108.461700,3.951214
110.585100,6.755774
108.465600,5.845714
107.764500,4.899787
107.064100,7.039642
106.753900,3.853357
107.654200,3.094589
106.337800,4.954630
107.087100,5.862602
105.344400,5.862710
105.742100,7.176342
105.190800,4.689016
103.853300,4.022279
105.123100,3.513690
104.116200,5.169806
103.332000,7.073442
103.196200,5.904135
104.381200,6.539640
102.070300,5.560283
100.880100,4.374155
102.137100,7.547801
100.893100,5.551291
101.473500,6.575413
100.949100,7.629442
100.236600,6.664304
99.096640,8.269161
98.490000,6.018701
99.718580,5.471080
98.953970,7.100626
97.850680,8.249884
97.635410,6.828437
96.288580,7.117266
96.673550,8.232053
97.557660,5.099570
96.482130,5.955987
94.956640,5.866298
96.128680,4.833000
94.852080,7.038916
94.945100,4.689083
97.013300,4.055676
96.754030,1.961525
98.250690,3.778986
97.504210,2.868783
98.710950,4.862413
95.274940,3.558963
96.343450,3.064927
95.593220,2.157668
95.091090,0.477802
94.545460,1.620856
93.951540,2.637341
93.034220,4.249401
92.930290,1.909580
93.589320,0.934028
92.272910,3.351406
94.123120,3.802056
93.870220,5.335370
93.674910,7.023666
92.519080,6.347243
92.321800,5.186614
91.225210,4.208839
91.269160,5.713769
90.369520,6.473090
91.073230,7.416899
89.325490,5.929059
90.342430,4.987749
92.372750,7.515404
93.296200,8.681996
91.442730,8.673593
90.232830,9.286222
89.942120,7.812424
92.366170,9.403852
88.674740,7.543675
88.487040,8.705913
87.172760,8.875493
87.350700,7.180995
87.060000,5.768766
85.854890,6.519711
85.970550,7.731615
88.125770,5.268668
86.410840,4.241755
88.706280,3.685427
89.187420,4.759891
87.587990,4.221354
88.263810,6.437853
90.112820,3.235391
91.574880,2.403374
88.959440,2.535677
90.419080,2.092957
88.888790,1.276111
91.346470,0.845831
90.561290,-0.067815
89.377090,-0.688824
90.092540,-1.623505
92.459660,0.403419
91.891380,-0.627568
91.269730,-1.627234
89.688200,-2.825290
90.861350,-2.731317
92.881110,-1.265652
92.035390,-2.646572
93.187040,-2.402624
92.428840,-4.289537
91.359150,-3.798088
91.409520,-5.736396
90.300000,-5.342814
90.241260,-4.167029
89.013620,-5.136369
88.066890,-4.398950
89.107830,-3.849326
86.954530,-3.440024
87.721470,-2.111981
86.843940,-1.327462
88.173490,-1.025001
87.718130,1.003312
86.232690,-0.157917
86.451150,0.998509
85.674670,-1.192630
85.340130,0.607430
84.779980,-0.428025
83.420460,-0.703012
83.911630,0.366535
84.288330,-1.497632
85.184650,-2.260139
86.349340,-2.430271
85.868470,-3.893814
84.292270,-4.426894
84.812430,-3.374241
81.775490,-1.916223
83.387730,-3.666570
83.186900,-4.826157
82.282680,-4.072582
81.356060,-4.798584
82.260650,-5.550077
84.368840,-5.599112
85.351500,-4.951276
83.892140,-6.673324
82.972880,-7.405499
85.552180,-7.296646
84.164130,-7.818042
85.179760,-8.413126
84.264740,-9.153278
82.430530,-8.447621
80.806440,-8.702432
83.115000,-9.404276
81.487210,-7.744359
82.029950,-6.702080
81.122700,-5.952472
80.561360,-7.017819
78.673500,-8.231874
79.701920,-9.101643
80.180990,-4.860694
79.947280,-6.013947
78.863430,-6.471231
79.809730,-7.923819
77.997670,-7.267948
78.566760,-9.404176
77.391720,-9.404478
75.056210,-9.212908
76.147030,-8.154243
76.216150,-9.403974
74.982190,-7.984283
73.905060,-7.507743
74.364950,-6.424317
74.007940,-8.680144
75.653880,-7.014428
72.933010,-8.202234
71.424250,-7.744086
72.475870,-7.117968
71.926020,-8.811574
73.209790,-6.197650
71.620020,-6.310011
74.009090,-5.302192
72.266010,-5.326012
73.126660,-4.522932
71.858480,-4.221514
74.242360,-2.788987
72.862390,-3.375725
73.393020,-1.973775
71.991830,-2.513069
74.162410,-3.963479
70.938860,-3.037932
70.042890,-1.822822
70.466450,-4.115582
71.234270,-1.375942
69.357060,-3.290198
68.232910,-2.940534
68.954330,-4.507616
67.865020,-4.060472
68.872760,-1.952314
67.201690,-1.746589
69.136240,-0.710306
70.311590,-0.644780
67.967770,-0.852940
67.411350,0.184450
66.577000,-0.748824
66.250830,0.382323
65.894380,1.804768
65.525320,-1.277890
64.955210,0.146996
67.067670,1.901676
64.822980,1.316839
64.005780,-0.549134
63.572640,2.349507
63.731770,0.596081
64.605010,2.915411
66.257620,2.924614
66.544300,4.394704
67.389920,3.246999
65.509390,3.833537
64.611770,4.856936
63.789300,4.014581
62.367100,4.693243
63.473890,5.217616
62.862550,3.288535
61.579490,3.430919
62.873690,1.402156
61.763340,2.268076
62.029860,0.581204
60.403900,3.366440
59.922920,1.396842
59.581870,2.523652
58.675170,3.357432
58.532420,1.639615
59.376820,0.353879
57.421100,-0.518910
59.225470,-0.813641
57.174130,0.942571
57.444030,2.088498
56.304940,1.782883
56.239140,-0.523447
56.834010,-1.539375
55.116540,-0.878061
58.011290,-1.543548
57.021980,-2.701551
55.618810,-2.354426
54.337820,-2.462581
55.508350,-3.656488
56.807150,-3.859064
58.311070,-3.674204
57.326530,-4.915602
56.040740,-4.752705
54.465600,-5.796422
57.025840,-6.402288
55.949020,-5.926411
54.865180,-4.689031
53.318840,-5.530101
54.331180,-3.639831
52.241430,-4.126750
52.438290,-2.567059
52.856290,-1.440006
50.906010,-2.723191
51.318800,-1.620646
51.984000,-0.649290
51.009430,0.237914
52.624220,1.078506
50.467660,-0.807303
54.183690,-0.159842
52.998700,-0.052277
51.472170,1.320688
50.301550,1.196284
51.012640,2.521731
52.619290,2.334126
53.297310,3.544474
51.589130,3.710969
53.778460,2.128422
53.794570,0.951251
54.960700,1.112640
55.228270,2.259114
56.477540,4.112790
55.388160,4.559274
55.546210,3.392648
53.960680,4.519911
56.634270,2.943069
52.460620,4.514367
54.890750,5.626317
53.714320,5.671145
55.051920,6.792522
52.537170,5.689173
52.883910,7.859566
51.417810,6.054162
52.008490,7.072447
50.867050,5.013780
50.130040,6.167883
50.151040,4.079433
49.455230,5.029081
48.007640,5.959305
49.733220,2.978977
48.351440,4.619618
47.197140,4.388140
46.741170,5.473529
48.558700,2.898412
46.684910,3.328149
46.709120,1.552273
46.022990,4.302281
45.653590,2.073667
45.026120,0.502959
44.477300,2.121991
46.202930,0.489399
43.454790,1.538506
43.851480,0.430068
44.790230,4.376041
45.466460,5.339734
44.165370,5.373797
43.583460,4.197270
42.406300,4.222638
42.190570,3.065317
41.286900,3.819786
42.333370,1.896784
41.099220,2.120453
40.365340,3.087404
41.502490,4.977037
43.311990,2.707098
42.693570,0.640229
43.393450,-0.959338
42.319960,-0.476158
41.572510,0.998495
39.749760,2.084126
40.102880,-0.035229
41.147210,-0.578626
38.992530,-0.426350
41.162600,-1.818315
42.289940,-2.157386
43.885580,-2.028771
42.001030,-3.342632
43.373880,-3.666305
43.533900,-5.185962
42.238550,-4.495721
44.790670,-4.577581
45.468810,-3.579874
47.040810,-3.552747
44.399300,-3.087985
45.381190,-2.405959
46.069370,-4.592214
46.556150,-2.479852
48.077580,-2.648917
47.308710,-1.574522
48.485580,-1.544584
45.460800,-1.231447
44.498500,-0.553343
49.639550,-3.009187
50.004790,-1.889974
49.363820,0.484515
48.180970,-0.283791
49.296150,-0.690801
48.399050,1.159165
49.336690,1.870718
47.376720,0.575866
48.176020,-3.864643
50.339370,-4.793964
49.262240,-4.318642
51.088990,-3.886173
51.403590,-5.348580
50.772420,-6.673854
52.302510,-6.124289
52.063400,-7.277028
49.891640,-5.882803
48.424020,-5.145310
49.394500,-7.205593
49.977610,-8.369203
48.809090,-8.226993
47.833480,-7.568454
48.638880,-6.302815
47.470740,-6.448638
51.021240,-7.824550
52.013940,-8.457428
50.539110,-9.403882
53.204650,-7.748208
53.293870,-9.015354
54.460010,-8.853727
55.500850,-9.403855
56.804080,-8.258919
55.546860,-8.227459
55.127680,-6.769875
53.662500,-6.657269
56.204500,-7.245746
57.903040,-7.836466
58.385520,-9.403852
59.415060,-8.832833
59.071560,-6.995232
58.172540,-6.127043
60.123050,-6.450237
58.579680,-5.022388
60.520050,-4.465766
59.382760,-4.161537
59.840710,-3.076967
58.634680,-2.542255
59.731510,-5.339960
60.983360,-3.360434
62.596790,-3.729286
60.851620,-2.178073
62.749160,-1.522574
60.444900,-1.065545
61.612980,-1.212570
62.270450,-2.598134
59.633000,-1.918146
63.839310,-1.967067
63.756490,-3.526611
64.677700,-2.793567
64.593970,-4.354033
65.515550,-3.621345
65.924140,-2.517223
67.055970,-2.914468
66.634020,-4.013012
64.657070,-5.529633
67.342820,-5.115614
66.165760,-5.092722
67.196670,-6.406274
64.935140,-7.083561
65.068940,-8.252834
63.519240,-5.831870
66.243470,-7.173789
63.895870,-8.153457
62.276160,-7.722826
62.954470,-9.287745
61.870630,-8.828072
65.313120,-9.404081
63.762280,-6.983765
62.583110,-6.586252
61.236710,-5.577579
61.269600,-6.754418
61.115880,-7.922194
60.547210,-9.155738
59.946900,-7.782510
66.224260,-8.658653
67.168970,-9.361223
68.345860,-9.331291
68.302670,-8.153959
67.147350,-7.928021
69.468870,-7.021681
69.363940,-8.663524
68.327040,-6.735267
69.760310,-5.404294
70.256870,-7.896306
68.431920,-5.562657
70.670830,-9.111374
70.444200,-6.362530
71.095550,-5.199783
64.132780,-9.306669
63.378460,-4.663038
62.756180,-0.345316
60.751950,0.071010
57.208900,-9.364429
46.535050,-7.184442
47.337490,-4.692041
46.911230,-8.300003
45.734020,-8.299902
47.671250,-9.200768
45.325200,-9.403877
45.357770,-7.184406
43.686830,-8.320677
42.095540,-7.197683
43.153410,-6.681067
41.570220,-9.009131
44.147940,-9.403870
44.182510,-7.252856
42.942620,-9.403852
44.338410,-6.085940
45.513680,-6.017519
46.625240,-5.629792
40.389050,-8.969748
40.841710,-7.658413
39.922440,-6.873269
41.205590,-6.426989
39.201910,-7.968187
38.780590,-9.187185
38.534240,-6.503608
37.991640,-7.596364
37.617690,-9.012627
36.282650,-7.748071
36.441960,-8.981533
34.954200,-8.286085
34.584570,-9.403852
33.245310,-8.646430
33.936840,-7.693659
32.230450,-7.052749
33.345560,-6.675683
32.145310,-8.226905
35.212960,-5.906754
34.048810,-5.731700
35.012740,-7.104531
36.182110,-6.575085
36.903050,-5.494005
35.869870,-4.929746
37.359390,-6.579215
34.705730,-4.754912
35.648860,-3.773383
33.319970,-4.311535
34.295120,-3.651711
33.703530,-2.634036
32.650350,-3.159995
35.058040,-2.755081
34.181770,-1.558403
33.438060,-0.595877
34.780900,-0.545142
36.679700,-1.415542
33.001450,-1.689115
35.956540,-0.486710
37.733160,-0.026426
36.335860,1.596921
37.441410,-2.313077
36.652030,0.462919
35.457820,0.587349
34.072970,0.395347
34.624200,1.435398
35.404350,2.316766
37.591220,2.321684
34.633710,3.233001
37.099940,3.474788
33.868630,2.338216
35.794850,3.427134
34.795560,5.571217
35.971840,5.524728
35.316490,6.639302
37.377790,7.356192
36.263300,7.735265
38.001440,5.832303
37.541950,4.748494
38.429040,3.974914
36.408370,4.431566
34.977250,4.365638
33.880570,4.830480
32.386710,5.777524
32.717570,4.647687
33.626590,5.980221
33.552940,3.699732
32.389970,3.516910
32.692060,2.379050
31.222060,3.368742
31.319250,2.152053
33.155470,1.132973
31.979040,1.177055
30.648810,0.233970
31.535800,-0.540152
32.507240,0.124918
31.824220,-1.681561
30.532180,-2.159960
31.344340,-3.012268
30.359450,-0.995401
28.588880,-0.656399
29.383410,-2.759130
29.477460,0.115892
29.313880,-1.583926
27.993850,-1.755835
28.216090,-2.911966
27.323870,-0.787765
27.858000,0.266516
26.256980,-1.629681
25.671340,-0.264235
26.682880,0.338096
26.906650,-2.611496
25.193290,-2.560395
27.239970,-3.766681
25.825990,-3.557511
24.702090,-3.908113
25.878100,-4.738379
24.737060,-5.084892
24.070530,-2.914553
22.230020,-2.491523
23.645750,-4.519994
23.307770,-2.017735
22.798390,-3.702698
24.947540,-1.216956
23.801130,-0.948800
24.174370,0.492839
22.363300,-1.005095
22.951380,0.381250
23.431040,1.456404
22.321140,1.849008
21.688420,-0.040438
24.564870,1.773324
21.410000,1.103461
19.884570,0.455101
22.154310,3.014423
21.181350,2.351576
20.320180,1.548837
20.491940,3.305905
19.455660,2.347980
18.465200,1.711556
18.712000,0.560427
17.197760,1.696072
18.140790,-0.469006
19.347650,-0.592634
17.531870,0.567177
15.972610,1.498529
16.207040,0.344808
16.717110,-1.085824
16.563320,-2.316905
15.232370,-0.315530
17.910090,-1.623472
17.649610,-2.771592
15.647320,-1.577333
13.574480,-1.956348
14.932820,-2.654120
13.656600,-3.563765
15.175840,-3.951307
14.516420,-1.250106
16.499290,-3.492456
16.147450,-4.616172
17.296520,-4.358734
16.945680,-5.482529
15.100470,-5.643413
18.108470,-5.218564
16.911820,-7.455554
16.286580,-6.458021
18.755000,-6.202447
17.607060,-6.464037
19.320030,-7.235296
20.986010,-7.664627
18.962330,-8.509203
19.747390,-5.569006
17.827650,-8.195330
20.529990,-6.579234
20.139300,-8.482604
20.872290,-9.403863
21.722340,-8.589362
23.293840,-6.836397
23.538150,-8.324664
21.760940,-6.778347
22.965520,-9.353316
24.356740,-9.275352
25.582670,-7.817139
24.310620,-7.429830
25.529330,-9.170177
27.085860,-9.254138
26.814680,-7.996074
26.940510,-6.524533
27.874780,-7.240776
28.556350,-9.403878
29.733610,-9.403897
29.151940,-8.343026
30.196810,-6.905052
30.328360,-8.388002
29.049870,-7.170171
30.944900,-9.403852
32.122190,-9.403889
28.585720,-5.954659
30.282080,-5.730782
30.767270,-4.658130
29.401480,-4.949189
31.741300,-5.319315
30.135680,-3.664662
31.256220,-6.391874
28.231470,-4.818345
27.033240,-5.131396
25.778180,-6.337708
24.601930,-6.289145
23.585140,-5.695720
22.329080,-5.747223
20.638010,-4.460013
21.093570,-5.545598
21.871940,-4.662313
20.517530,-3.144841
19.601990,-3.884976
19.070550,-1.821785
21.272110,-1.447041
18.810260,-2.969948
20.233940,-2.002216
20.588940,-0.488237
21.637190,-3.508664
32.088540,-4.194498
32.914470,-5.416790
17.389220,-9.287943
16.306580,-8.636821
15.229700,-9.166116
15.321320,-7.992390
13.996080,-6.937415
13.896150,-8.110464
12.819110,-6.964885
12.878790,-9.302243
14.057600,-9.276638
15.167990,-6.825123
13.929170,-5.762021
14.205000,-4.617258
12.356140,-5.882443
13.075940,-4.950824
11.310540,-3.793830
12.741430,-2.788244
11.680160,-4.918552
10.228340,-5.443244
10.187190,-4.146123
11.649960,-6.826736
12.479220,-3.935965
11.617920,-8.627852
9.548131,-7.286658
10.404930,-8.094090
12.686970,-8.134741
10.084990,-9.229968
10.496820,-6.589516
8.702886,-9.156145
8.599164,-7.983425
7.044769,-8.250558
7.400090,-9.372954
6.134922,-9.285162
5.882214,-8.064824
6.144763,-6.882154
5.030440,-8.877546
4.749364,-7.004221
7.305485,-6.685291
4.019693,-8.273417
3.948407,-6.140399
2.850358,-8.580069
2.346702,-7.516002
1.407685,-8.634338
2.824015,-5.791618
1.847867,-6.449655
0.886814,-7.429439
0.184405,-5.847996
-0.113813,-4.481904
1.017484,-4.807803
2.615766,-3.697342
2.194676,-4.796713
0.392899,-2.972989
1.547501,-3.202695
0.790388,-1.368307
2.435228,-2.429446
3.284835,-1.303658
3.821312,-3.768341
3.612472,-2.435681
2.195033,-0.858239
0.746965,0.296783
3.970313,-0.206404
3.207121,0.689845
1.924104,0.287465
2.244664,1.424924
1.067463,1.429599
1.564104,2.523952
0.755388,3.459008
0.341945,2.356729
-0.055151,4.313001
0.298114,5.871190
1.774941,4.047578
1.437883,5.221834
1.652745,6.379360
3.321800,5.816376
2.604595,4.882806
2.894069,3.659766
2.777382,6.860191
3.943989,4.192365
5.031702,4.642783
5.026439,3.149322
4.492102,5.689116
3.873438,2.911550
5.939197,3.892837
2.741063,2.492456
3.983566,1.739413
5.383757,1.978926
5.339174,0.718570
5.491614,-1.007063
6.587408,1.452843
6.537996,0.276684
8.080926,1.102087
7.896122,-0.189957
6.662798,-0.893861
8.126641,-1.344468
5.915818,-2.282549
7.050253,-2.597332
5.812080,-3.579404
6.886376,-4.060983
9.286658,-3.046829
9.015387,-4.259751
10.278770,-2.298531
9.648096,-1.304406
11.181020,-1.535887
9.094597,-0.265334
10.288770,-0.221821
12.089010,-0.095547
10.390300,1.533780
9.420794,0.865873
8.485303,2.283892
11.260830,0.741194
12.957500,1.112934
11.939040,1.703511
12.571290,2.708471
11.394640,2.747368
11.589640,3.932657
9.650840,2.449871
13.659850,2.058021
12.762330,4.036557
13.631740,4.830361
11.334000,5.081860
14.493820,4.028581
12.506670,5.190014
12.505160,6.719621
13.624400,3.234779
11.336310,6.259151
13.664650,6.007190
14.327250,6.980317
15.281140,4.903876
15.062890,6.060766
13.122920,7.721814
11.615800,8.410477
12.533490,9.147955
14.269450,9.317355
14.458390,8.150285
15.368970,8.896530
15.491150,7.157406
16.341280,8.232734
17.278020,6.095048
17.483930,7.949266
16.667110,7.101427
18.101090,6.936827
17.653810,4.979346
19.654290,6.014848
19.273200,7.171232
18.641340,8.164726
18.495070,5.809333
18.163470,3.918097
19.515680,4.661112
21.124150,5.934594
19.267840,3.510197
20.678540,4.844888
23.259730,5.490377
24.556110,5.874813
22.342150,6.227977
22.328440,4.769874
24.181940,4.758566
23.473540,2.632987
23.634300,6.607124
23.108160,8.477634
24.727200,7.044931
24.378870,8.289897
21.578220,7.123758
20.991430,8.144394
20.420780,6.908444
20.981900,9.321651
22.148260,9.159251
22.731160,7.362337
23.834880,9.403855
25.144830,9.288950
25.872900,8.364064
26.554800,9.323720
26.394390,7.308832
27.584490,8.076066
28.010630,9.277864
29.180490,9.405538
29.409300,8.253609
30.585320,8.012567
28.576980,7.002718
29.891440,6.782521
30.833140,9.337291
32.312160,9.319423
31.970210,8.192880
31.536910,6.592291
33.481970,9.186996
33.139870,8.059006
34.026550,7.284546
34.616790,8.873787
35.792500,8.814252
35.087550,7.794723
36.811390,9.403901
37.583510,8.515285
38.730670,8.250712
38.494500,9.403920
38.524770,7.091762
39.239250,6.156446
39.000510,5.003932
40.028870,7.723244
40.821310,9.219555
41.655190,8.388511
40.372080,6.476081
41.216940,7.295877
42.461760,7.530941
40.335930,5.188685
42.661480,6.370732
43.831320,6.502675
43.919690,7.676620
45.096790,7.656121
45.180740,6.481823
46.458750,7.665873
47.002180,6.621511
49.005330,6.584326
48.015220,7.221307
49.377810,7.701143
47.221410,9.255514
48.996030,9.069412
48.028610,8.398520
50.124810,9.403859
50.412740,8.262326
51.586510,8.171496
51.484720,9.344377
53.771260,8.799535
54.853000,8.334955
54.068210,7.439312
55.346450,9.403852
55.829140,7.676801
56.408300,8.895449
56.801630,7.013279
57.577720,8.759591
59.234160,9.243000
57.861080,7.526658
58.877270,8.121102
59.034600,5.766862
60.681940,7.394390
60.007900,6.429179
60.595690,9.403861
61.711490,7.965352
61.743530,9.142232
61.690090,6.786393
62.781000,8.457344
63.975780,7.216081
64.077570,8.388950
62.798990,7.181782
64.908100,9.223414
65.209000,8.063644
66.194020,8.715786
67.840480,8.729900
67.024510,7.881266
66.819490,6.721966
68.762900,7.831450
70.073750,6.531443
67.972720,6.958725
70.103430,9.349908
69.883180,8.193398
68.805760,9.403855
68.936330,6.227756
70.801570,7.456809
72.061390,7.973889
71.423920,8.963662
71.639050,6.629377
69.830700,5.236904
73.141680,5.692949
72.024670,5.321081
72.749980,7.018970
73.925640,7.080267
73.698200,8.235384
72.863840,9.065966
74.316430,5.769816
75.500570,5.736156
75.104590,4.627450
73.927570,4.652393
72.951010,3.249664
74.414340,3.579313
73.694960,2.337237
73.698220,1.159952
71.813380,2.376565
74.840020,2.063708
72.385220,1.347481
72.578510,0.186163
73.744390,-0.016439
71.338540,-0.069158
71.190420,1.296314
69.100450,1.644005
70.229710,1.976761
70.293250,0.532371
69.117580,0.466836
70.805880,3.003405
68.927070,3.906413
68.168630,2.364091
67.721430,4.376626
68.663600,5.082500
71.122590,4.537939
69.327290,2.799234
68.011180,1.197412
67.721760,5.808486
66.568540,5.571735
65.172680,6.886910
64.277380,6.078089
72.664600,-0.987983
74.431010,-0.972781
75.295500,-2.262846
75.313350,-0.192963
74.843280,0.886413
76.566930,0.766610
76.097470,2.059058
76.846950,3.328461
77.907250,1.240328
75.681720,3.160503
77.262890,2.225617
77.796140,4.024930
78.320090,2.743428
79.153500,1.449702
79.152860,0.185129
80.375650,1.562845
80.312480,0.387438
80.179930,2.723621
80.904110,3.661792
79.040230,4.611919
81.537410,1.372117
82.079380,3.730540
81.343040,2.543959
80.330260,4.689872
81.563820,5.154458
80.323770,6.580498
79.621820,5.635426
78.667820,6.325309
77.696000,5.429399
79.219990,7.365064
80.071160,8.915326
78.192890,7.940400
78.761240,9.047978
80.326830,7.766144
77.621230,6.869727
81.494930,7.619632
82.104980,8.726240
83.193700,7.219485
81.947090,6.532804
83.768230,6.191894
84.037350,5.029919
84.900380,5.830607
84.755930,7.447007
82.986700,4.498977
82.719920,5.645127
82.507330,2.373034
83.197020,3.341408
85.103700,4.494895
84.425640,3.530334
85.568180,1.833041
85.480230,3.007044
83.679370,2.268553
84.473010,1.401086
83.105950,1.224805
82.255540,0.337261
81.142190,-0.447426
80.603350,-1.806974
80.013850,-0.783094
79.426080,-1.803117
78.679120,-0.892553
78.133800,-1.935843
76.888600,-0.371509
78.869060,-2.855199
80.046160,-2.843825
79.269540,-4.116073
77.595760,-2.982909
78.094310,-4.049369
76.893760,-3.927954
76.349530,-2.884087
78.557390,-5.157402
76.567670,-6.016402
75.044820,-4.742610
77.740140,-6.119466
75.442680,-3.634691
75.943230,-1.279763
80.715350,-3.811850
81.641620,-3.085530
82.251680,-0.839973
76.958110,-1.876385
77.981790,0.065400
86.654600,3.090123
87.080890,1.992993
84.378970,8.674090
83.234990,8.396056
85.741270,8.886294
85.966760,5.331955
76.834400,8.257116
76.162510,7.290368
76.586080,6.191906
75.077010,6.834620
76.572320,4.473279
75.381070,8.513886
74.612420,9.404405
76.346550,9.328578
77.589320,9.160501
81.142270,9.403860
79.257810,3.455067
71.824860,3.593036
62.493480,5.925823
61.186250,4.540590
59.284700,4.419580
61.195920,5.717840
60.112640,5.256555
58.175560,4.961856
56.194680,6.004515
57.638000,3.914461
57.825050,6.163649
57.015100,5.160181
53.148830,6.703752
45.794850,8.638119
44.281920,9.221379
42.316870,9.400621
43.099110,8.520790
50.785750,7.145672
39.717690,4.070455
41.504370,6.154218
38.896570,2.894929
38.620810,1.750572
37.611700,1.144583
39.674250,8.954670
30.151980,5.549338
31.233860,4.761230
30.200650,3.998880
29.277130,4.756048
29.260350,3.290472
30.267100,2.680215
29.235970,2.112077
28.100150,3.490236
28.099960,4.795501
27.569930,6.358793
26.886210,5.254899
28.889020,5.867528
27.090310,4.095428
26.251450,2.721473
25.352520,4.884067
27.413680,2.533801
28.748580,1.040414
27.413180,1.356517
26.250930,1.544176
30.001370,1.217247
25.079380,2.832238
25.694380,6.362370
25.936440,3.861780
19.817010,8.226594
18.061790,9.280135
19.807480,9.403852
17.036980,3.523516
17.935710,2.763051
16.258110,2.640684
14.669690,1.452824
15.595670,3.613928
14.764900,2.634251
16.389420,4.506724
13.936970,0.049642
13.069850,-0.746681
16.179670,5.665187
16.754020,9.365788
10.651820,9.086323
11.022220,7.393774
9.233699,8.921777
9.847864,7.476925
8.717194,7.148887
9.858115,6.218089
8.635586,5.974427
7.839398,7.933418
7.327846,6.517498
6.006380,8.464029
7.114660,8.861200
6.437726,7.288028
4.714033,8.284588
5.590820,6.112012
6.596314,5.499652
7.738064,5.212555
7.061167,4.249337
8.186175,3.902511
7.505994,2.941581
6.263637,2.761129
9.318151,3.579177
10.156710,5.079286
9.034269,4.724102
4.034327,6.773770
5.261319,7.242248
3.577531,7.977407
2.267551,8.974248
3.711523,9.162724
5.078963,9.403875
1.835709,7.566725
0.665787,7.435114
-0.003583,8.511581
1.173323,8.539965
8.159628,9.403852
12.349700,-1.678029
11.572750,-2.646103
9.106656,-5.801999
8.159292,-5.103051
7.996703,-3.669570
6.383690,-5.370891
4.973373,-4.889439
5.365241,-5.999898
3.799098,-4.972616
4.758072,-3.054908
4.574881,-1.744021
-0.063149,-0.557440
0.500275,-9.384384
0.078640,-8.285318
3.691264,-9.403938
8.477463,-6.797072
18.442570,-4.089331
25.298320,0.852408
38.561240,-2.676127
37.960550,-3.688573
39.043840,-1.602458
37.943150,-1.184832
36.205830,-2.493229
36.796650,-3.511520
40.154050,-1.211217
39.208970,0.730823
40.400360,1.103494
39.737400,-2.616375
39.884980,-4.614945
40.864290,-2.957147
40.958030,-4.130648
39.050750,-5.445668
37.897640,-4.864151
39.149180,-3.695990
40.236190,-5.738576
42.331550,-5.838148
41.309250,-5.254284
48.831110,-9.403918
46.502480,-9.403909
52.612030,9.005028
54.028120,-1.326784
53.396310,-4.355368
58.199580,0.364268
65.401920,5.729689
76.821330,-7.165649
85.915820,-9.331738
87.318090,-9.232590
86.685940,-7.734184
87.436770,-6.686633
88.547240,-7.633334
86.572200,-5.886086
86.710090,-4.716925
85.420330,-6.127147
87.688670,-5.513611
89.137480,-6.307134
90.610330,-6.605074
89.696560,-7.347391
90.717610,-8.985417
89.204630,-8.738639
90.822930,-7.812840
92.218320,-8.170053
91.759570,-6.860435
93.504430,-6.194406
92.560810,-5.490454
92.886570,-7.200797
94.063450,-7.230496
93.844440,-8.387234
92.919550,-9.115729
94.714210,-9.180660
94.619900,-5.817987
93.499420,-4.779233
88.550350,0.148780
94.055230,-1.351849
93.978720,-0.176991
90.028850,0.982209
87.822480,2.907666
94.464490,8.536872
95.517370,8.010174
95.590730,9.185184
95.034360,-0.698118
96.175400,0.936295
98.497940,2.237619
98.123150,9.395214
99.409960,9.403905
96.859250,9.394610
100.240300,8.569339
101.418300,8.778790
103.072800,9.403958
103.098500,8.227182
104.788200,7.866306
104.207400,9.076687
105.345400,9.378030
106.485800,8.105681
106.827300,9.241211
107.639900,8.338175
109.278700,9.104299
109.113100,7.938773
108.240600,7.084260
108.140200,9.403859
110.336900,7.906608
111.609000,7.365038
111.358500,8.515341
110.586200,9.403867
112.263000,9.315715
112.479900,8.157141
112.749100,6.949976
113.652400,8.050686
113.435300,9.207783
114.938000,8.609034
115.569500,7.398985
116.661100,8.280329
114.417500,7.155991
115.862800,9.337536
115.203900,5.916794
113.988600,6.059649
115.311900,4.681549
113.011400,4.610749
112.845800,5.776662
114.154000,4.894043
114.727700,3.008028
114.567200,1.841801
113.812200,3.748005
116.307500,5.506770
116.493300,6.669264
117.880000,7.512583
117.766900,8.684420
119.297200,8.389971
120.438900,8.103061
121.069000,9.097623
118.698800,9.403855
122.764400,8.363383
121.538500,7.539006
119.932200,9.403852
122.205700,9.403852
122.747200,6.964143
124.057800,7.984635
123.473500,5.593406
125.539000,8.233018
123.383000,9.403852
124.512200,9.070699
123.892900,6.693419
125.661300,9.403880
124.948400,7.214671
111.616300,6.187818
99.710420,4.239982
105.130000,2.254062
104.131900,2.878438
106.149500,2.843064
112.303600,-0.877232
110.328900,-1.233889
103.978600,-3.428627
104.636400,-4.473211
102.876900,-3.842907
103.612200,-5.053780
101.860300,-2.507509
100.774400,-2.052814
103.069200,-2.681044
101.679300,-1.259577
100.217000,-3.089716
99.642240,-4.117101
99.473240,-9.252268
102.921600,-9.329929
104.519500,-9.403881
105.892900,-9.383784
104.179800,-7.338386
111.868200,-8.959641
112.400100,-7.909393
113.038900,-9.084332
114.584300,-9.319561
114.724700,-8.150676
113.577200,-7.887774
115.100800,-7.035066
116.482300,-7.777063
116.207100,-6.632395
115.975600,-8.839718
117.380200,-8.665154
117.667000,-7.415156
118.625200,-8.099142
118.763400,-9.403859
120.758200,-8.201591
119.778400,-7.482500
120.580000,-9.403863
121.871100,-9.087686
123.177500,-8.197486
121.898900,-7.910718
123.770200,-9.216414
124.947300,-9.194710
124.374100,-8.086179
123.958200,-6.984801
125.522300,-6.405413
122.699700,-7.047682
125.610400,-7.728783
126.722500,-6.768973
126.123600,-9.054582
127.465700,-8.893416
128.284000,-7.863907
128.639400,-8.986288
127.899600,-6.751142
129.514100,-6.070017
127.224100,-5.703907
129.448700,-7.438263
126.767700,-7.945391
131.287900,-8.516318
129.769600,-8.654112
130.621000,-7.546067
126.093400,-5.375924
128.401200,-5.686084
125.022700,-4.886457
123.279200,-6.022910
122.989400,-3.702687
122.078000,-5.724422
120.887600,-5.769214
121.520400,-6.762068
120.661300,-4.406181
121.833900,-4.511602
119.736100,-5.134184
119.663900,-3.517173
118.698800,-6.665656
118.659600,-4.657775
119.840100,-6.306848
124.451600,-5.915895
124.601800,0.990794
124.529400,2.165982
126.376500,1.008804
127.492000,0.628821
121.740800,0.937705
131.475800,1.790732
132.181500,6.109711
131.308200,5.320262
132.295200,4.678703
133.358800,6.106390
133.883200,7.168488
130.847400,8.074693
140.181600,3.250988
143.578400,1.095485
136.298200,-0.376702
137.614900,-0.960481
136.572200,-1.521406
136.430200,-2.689939
135.643900,-3.872347
135.315800,-2.311455
136.151300,2.044530
132.062200,-2.323960
140.739400,1.153656
147.263700,-3.206851
147.774800,-8.841951
148.809200,-9.403871
150.824900,-9.403874
151.911300,-8.200373
151.941100,-6.500535
153.149600,-7.383885
151.109500,-7.338323
152.999800,-8.754297
152.001900,-9.378926
154.336500,-8.488943
155.664900,-8.383636
154.254300,-6.977173
155.674200,-7.206375
155.077400,-9.403852
156.932500,-8.754092
158.025000,-7.747432
158.118700,-8.992630
156.788900,-7.585583
157.525900,-6.656975
155.111800,-6.170543
156.241800,-5.840230
157.121000,-5.057296
154.912200,-5.010311
155.925800,-4.093310
157.082000,-3.851663
154.599900,-3.875188
155.524400,-2.904623
156.833200,-2.683569
158.010100,-2.657357
159.985800,-3.711907
159.122800,-2.273017
158.826800,-3.505264
158.645900,-5.516934
160.262600,-2.567634
160.067700,-4.886332
159.678100,-6.083209
162.003300,-5.893233
161.162900,-3.731234
160.853600,-6.146257
160.211200,-7.132843
161.971200,-7.076838
162.044000,-8.270922
163.245300,-6.920011
163.171200,-5.745104
163.638900,-8.029538
160.878900,-8.102528
160.066800,-8.980095
161.436800,-9.356941
159.414800,-7.999856
162.613100,-9.403855
163.772400,-9.199197
165.403000,-8.325027
164.931700,-9.403855
166.108400,-9.367793
166.462100,-7.304654
164.647400,-7.422218
166.816500,-8.427288
167.849200,-7.802491
168.173500,-9.037091
165.506400,-6.617321
164.464600,-5.071945
167.028900,-5.592584
165.856000,-5.493263
164.389000,-6.246793
166.323700,-3.577655
167.465800,-6.689459
165.465000,-4.382914
167.144700,-4.421176
168.309400,-4.592711
167.797400,-3.441589
169.273500,-3.917488
167.043200,-2.537656
165.866800,-2.492885
166.167700,-1.355028
167.386300,-1.150280
168.412200,-1.727714
167.751000,-0.030924
169.585300,-1.954065
169.191600,-0.845522
168.807000,-2.836736
170.414000,-1.118255
171.570000,-1.336584
170.042500,-0.001337
171.186200,0.958398
168.883600,0.289632
172.371800,-0.476982
171.431400,-2.503918
170.315100,-2.876899
171.559200,-3.673151
172.511200,-2.972594
170.443400,-4.046646
172.223900,-4.643342
171.364600,-5.662282
169.356300,-5.943391
169.794600,-7.035621
169.001900,-8.041743
169.753600,-8.951471
170.940900,-6.760580
173.070200,-6.943246
171.602600,-7.734202
172.516400,-5.904541
173.930300,-6.140080
174.500900,-5.111824
173.266200,-3.875740
174.403500,-3.571904
172.992400,-1.898260
173.326900,-5.051435
174.029200,-2.455715
175.340200,-4.289863
174.632200,-1.121285
175.744100,-3.188291
175.169700,-2.165171
173.492800,-0.832761
172.981600,0.528426
174.155700,0.464109
173.462600,1.602597
176.018100,0.746916
174.826400,1.431091
175.248200,2.529840
174.073900,2.608658
176.373600,2.873313
176.649200,1.736479
177.816800,1.875094
176.543100,-0.305968
178.414000,0.683416
178.701500,2.856680
179.607000,0.719277
178.981900,1.714529
177.718900,-0.346883
179.041900,-0.312087
180.156900,1.776060
181.331300,1.703069
180.737900,0.397850
181.043300,2.843156
179.872900,2.950140
179.129000,3.953202
180.313200,4.041682
179.783900,5.457474
181.022300,4.981401
181.944900,3.597443
178.683000,5.042333
177.243600,5.056794
178.481200,7.041375
179.633800,7.279611
177.308000,6.950907
177.608500,8.088647
178.754600,8.353527
180.447600,6.429267
181.070900,8.132260
182.028900,5.822024
181.463900,7.022741
179.929500,8.419029
179.285300,9.404065
181.263500,9.323813
177.650900,9.265051
176.435500,8.178603
176.475000,9.354955
175.301300,7.867157
174.946600,9.375848
173.636900,9.405839
174.264900,8.416154
172.462000,9.404627
173.025100,8.022283
173.801800,6.121257
173.943600,7.286614
171.901400,8.371161
170.622100,6.602459
170.306100,8.752719
170.908000,7.742481
171.285800,9.404073
169.450600,7.396837
169.894600,5.679447
169.407500,4.609396
171.661000,5.145652
168.722400,5.574201
170.582200,4.676198
172.002600,3.433832
170.829000,3.525270
168.687500,3.680012
169.173500,2.608989
172.605400,4.443575
174.485400,4.117587
172.825900,2.592456
173.663900,4.955227
174.837200,5.562606
175.811100,4.902975
175.597600,3.748044
174.981300,6.730984
176.771200,3.979694
176.427700,5.903185
177.538200,3.018641
172.254600,1.452778
173.428800,3.602607
171.512100,2.364922
170.062800,1.310531
168.895900,1.465978
168.028100,2.337098
167.751000,1.192941
165.557500,1.452048
166.374000,2.300240
166.596100,-0.258822
167.542800,3.409586
166.367900,3.477821
166.669500,4.761469
167.870200,4.762253
167.329500,6.963517
166.152300,6.104588
164.613300,6.417021
164.802300,5.255004
165.407100,7.286428
167.286700,5.787002
166.477800,7.776269
165.440500,4.265721
165.168900,3.120182
163.464600,5.033176
164.094500,3.640620
162.105500,3.089849
162.879300,3.977048
163.258400,1.625500
164.425800,1.775914
165.452200,0.248868
163.784800,0.533875
163.251600,2.818738
162.116900,1.912628
160.943700,2.009396
162.234300,0.741190
161.237600,3.885388
160.757400,0.845693
159.184300,0.416200
160.861300,-1.158570
160.194500,-0.188315
161.638100,-0.273935
159.558000,-1.179130
162.175900,-1.321731
163.322700,-1.634650
163.941200,-0.632974
161.385100,-2.212857
162.338200,-3.663784
164.092000,-3.955175
163.088600,-4.570798
164.475000,-1.875737
162.526300,-2.501684
165.093800,-0.872549
162.154100,5.042877
163.372500,6.211535
161.816300,6.170668
160.753600,7.546421
163.089700,7.388980
161.567500,8.469465
161.913300,7.343958
163.334700,8.873330
165.035800,8.422349
164.385700,9.403859
162.283700,9.403852
165.767200,9.344887
166.978200,8.841923
168.156000,9.283736
168.274100,8.106849
169.326700,9.404143
160.761800,9.391111
162.817600,-0.281791
168.482700,6.726733
166.606600,0.918207
182.238600,7.984133
182.492500,9.133732
183.853300,8.618431
184.974900,9.111150
182.626000,6.836421
185.211300,7.831305
183.631500,6.224536
184.763800,6.742450
186.262100,6.903436
185.087200,4.497613
185.905700,5.747104
184.613100,5.574923
183.508700,4.984820
186.258700,4.606540
184.051200,3.940103
183.468600,2.170013
185.764100,3.288465
184.442800,2.830060
182.368000,4.695150
184.146300,1.207377
185.120700,1.867695
186.106500,0.728605
186.296200,1.929970
184.982400,0.378845
184.557900,-0.719120
182.973900,1.103583
185.733800,-0.661920
186.578100,-1.487478
184.278300,-1.868320
186.974600,-0.066498
185.953200,-2.894817
187.659600,-1.023879
185.453000,-1.829327
182.451600,-1.708931
184.776600,-2.933672
183.996800,-3.851794
184.438200,-4.978591
183.265400,-5.051925
182.825400,-3.960323
182.356600,-2.881594
185.156600,-4.046908
187.049100,-3.324703
185.597200,-5.174626
185.046400,-6.225154
188.003900,-4.739257
186.224800,-6.168662
188.198200,-3.578833
189.163300,-4.932011
189.644600,-3.858484
189.170800,-2.781673
187.488100,-2.233527
188.475600,-5.886549
189.749600,-6.356665
188.459900,-7.063453
187.372300,-7.513958
186.387800,-8.159202
189.322700,-7.864243
188.235300,-8.314484
189.185300,-9.033410
186.415200,-9.336142
187.789800,-9.403965
185.145500,-8.250161
183.478300,-8.116569
183.792900,-9.251647
184.339000,-7.215591
183.158000,-6.983933
185.689100,-7.211154
182.543100,-5.980672
182.314400,-7.851286
181.521300,-6.982081
183.881500,-6.055068
180.549700,-8.170794
180.203700,-5.843404
181.378400,-5.814403
180.344400,-7.011886
179.128600,-7.590913
179.177600,-6.416696
180.221800,-4.667352
178.124700,-5.893798
179.193400,-5.239759
178.073300,-7.069865
178.147700,-4.700814
178.102700,-3.525574
175.947500,-5.296668
176.891500,-2.942086
179.316600,-3.915773
176.914600,-6.437035
175.107300,-6.120163
175.723200,-7.122692
176.736900,-7.759485
177.358600,-9.139487
175.510600,-8.280268
176.186300,-9.244088
178.154000,-8.250893
179.460800,-8.718656
178.505100,-9.404187
174.733100,-9.164215
174.511000,-7.163894
173.440500,-9.225993
172.643000,-8.285099
172.276800,-9.403909
171.204700,-8.917730
181.243000,-4.083987
179.012600,-2.779225
180.124700,-2.399156
181.182300,-2.909677
181.274900,-1.724998
182.807400,-0.060535
180.589000,-0.768646
179.574500,-1.361142
178.402700,-1.299430
177.211200,-1.409136
180.415300,-9.404640
181.476100,-8.896708
182.649000,-8.979622
182.101200,-4.887410
184.958600,-9.406387
190.278600,-8.554644
191.144000,-9.352912
190.381800,-7.351037
191.879200,-8.365912
191.486700,-6.945932
192.605600,-6.580900
193.988000,-8.426766
192.545400,-5.405461
192.903300,-8.946669
191.067900,-5.846227
193.780200,-6.504143
194.599200,-5.658700
194.863900,-7.640254
195.347900,-6.567127
196.327700,-7.593189
195.829400,-5.246069
195.623600,-8.539604
196.736900,-6.489327
197.222100,-5.416817
197.500000,-7.487068
198.395100,-5.319691
198.167100,-6.517253
199.595800,-8.223183
199.269900,-6.106019
199.914600,-7.090463
200.974200,-7.603142
200.654800,-8.736056
200.444500,-6.039695
201.503400,-6.551695
201.703200,-4.788746
203.590100,-7.170061
202.514600,-8.637410
202.782000,-5.259933
203.771000,-6.006796
203.844300,-4.752706
204.802200,-8.087596
204.918300,-5.744882
203.654100,-8.345207
204.763300,-6.911351
206.960300,-5.933540
205.954500,-7.847783
205.316500,-9.146300
206.490400,-9.234121
208.235900,-9.195825
206.930400,-7.189401
207.299000,-8.378547
209.058300,-8.284996
208.106300,-6.792673
207.929200,-5.264956
209.872100,-7.102190
209.011000,-5.803264
207.955200,-3.956235
210.524300,-6.122131
210.015300,-5.060827
211.562000,-5.563576
211.847000,-4.286024
210.160200,-3.039720
208.430200,-2.454834
211.811700,-1.720309
212.004300,-2.883992
210.662300,-1.974878
209.487300,-1.892887
208.920200,-4.629537
209.057100,-3.451313
207.357700,-2.942467
205.993800,-3.924804
206.225900,-1.575690
206.194200,-2.764749
207.387600,-1.766146
206.964100,-4.591117
205.980200,-5.237224
204.941400,-3.397772
203.778600,-3.577325
203.393200,-2.465294
205.141300,-2.238797
203.978700,-1.444449
205.092600,-1.063981
205.134800,0.111100
203.706800,-0.299434
204.168900,0.783165
204.065800,1.955532
202.961500,1.548604
205.237900,2.063009
204.107300,3.131773
205.840000,1.052152
206.336300,-0.401514
207.863800,0.523771
207.531300,2.352561
206.352200,2.727446
207.261900,3.498146
205.428100,4.406058
206.603200,4.473326
207.087700,6.237619
204.956100,5.483974
207.736700,4.790959
205.279500,3.238888
204.250800,4.497437
203.049000,3.647001
201.683600,3.428287
203.432300,5.343673
202.069200,2.316285
202.215600,4.478267
202.293300,5.652691
200.854000,4.936864
200.541600,3.713278
201.190800,6.064966
199.667100,5.262128
200.290100,6.822882
201.879500,7.298864
203.073400,6.534011
203.299900,7.689136
204.245000,6.421508
204.471700,7.576356
202.347300,8.380700
201.033000,9.113622
204.027300,8.897429
202.929700,9.403852
200.747100,7.907812
199.113800,6.866467
199.675700,9.340730
199.386300,8.011786
197.943900,6.736608
197.401900,8.732012
198.545300,9.012236
196.435200,9.403886
196.811600,7.713553
195.355900,8.933845
195.637000,7.790685
194.462200,7.719428
196.284900,6.660754
195.110400,6.737902
194.233600,9.289123
193.486100,8.375432
192.248800,8.437157
191.923600,7.306539
191.577200,9.403939
193.100100,7.263879
190.497300,8.935411
192.917800,9.404756
190.862400,7.816257
189.574200,8.049988
189.351600,9.206043
187.471400,8.472359
188.033400,6.675685
186.127100,9.352643
186.362700,8.076420
188.427200,7.785073
188.191100,9.403893
187.049000,6.027768
188.217900,5.513037
187.435100,4.576145
188.193300,3.277495
187.016200,3.295652
188.283400,2.103678
187.344200,1.393837
189.421200,1.801773
188.434700,0.477572
190.005900,-0.442409
189.909500,0.730635
188.843300,-0.626168
190.786800,-1.322988
190.279200,-2.385161
190.821100,-3.849699
191.731800,-3.105615
191.795000,-1.930468
191.995800,-0.770583
193.140800,-1.509775
191.094100,0.031428
192.812000,-2.639903
193.756200,-3.555477
193.955000,-2.359998
192.519900,-4.034338
193.089100,-0.333901
194.724500,0.315944
193.618200,0.717474
192.443000,0.650212
192.997100,1.717136
191.833900,1.897304
190.969500,3.575122
192.458700,2.894920
190.692800,1.609172
193.621900,2.714633
191.178800,4.906009
193.500200,5.003639
192.065600,4.004321
194.463800,3.537133
193.286100,3.846025
195.622600,3.330266
194.637800,4.701274
194.405000,1.735926
195.802500,4.492630
197.691700,3.781780
196.960300,4.704025
196.766800,3.053477
195.400300,5.597898
194.214200,5.966881
198.545200,2.867296
197.843500,1.921942
196.659100,1.881158
196.417800,0.078986
197.285900,0.884588
195.683600,0.997937
197.484300,-0.416764
198.350100,0.380237
198.907000,1.417099
195.459200,-0.603589
194.193300,-0.742399
194.934500,-1.657018
196.525200,-1.103654
197.772500,-3.099833
198.131500,-1.398623
195.033900,-2.829757
196.598200,-3.170926
195.632400,-3.842853
198.850300,-3.588998
200.465900,-3.692228
199.368000,-4.646392
199.872500,-2.677025
197.175300,-2.085357
197.857200,-4.273369
198.727100,-2.412796
199.291000,-1.195641
200.389100,-1.620084
199.453500,-0.029676
201.577000,0.345245
201.626700,-1.531984
201.046300,-2.596366
202.223100,-2.590144
201.639800,-3.612763
202.717400,-4.085021
200.528500,-4.866619
202.753100,0.390210
201.246200,1.474910
202.528100,-0.774679
200.040500,1.734542
200.432200,0.624570
199.722400,2.867824
199.108900,4.011242
198.302800,4.997075
197.152400,5.865235
193.043300,6.088468
191.709900,6.149370
190.051100,4.567945
190.557200,5.911027
189.222700,6.126656
189.431000,3.567116
190.043700,6.970391
191.553900,-4.771000
194.645100,-4.482608
190.204800,2.680302
205.148700,8.539071
205.946800,9.403984
207.123900,9.403859
206.991300,8.234071
205.953000,7.679325
208.168700,8.234328
207.901700,7.087892
208.301200,9.403937
209.590900,9.403863
209.345800,8.252395
211.367700,9.403874
210.230200,7.475344
212.033700,7.521346
209.032400,6.760129
210.298200,6.300057
211.112600,8.254592
212.544100,9.359102
212.954300,8.255578
212.055600,6.344261
213.190700,7.102156
212.072700,5.115925
213.184200,4.728013
213.869000,3.279200
213.373200,5.939086
211.409700,4.143214
212.531700,3.579934
214.729500,4.082661
216.166800,3.203882
214.906900,2.722723
215.414700,5.466843
215.877600,4.345099
217.368300,3.820436
217.068200,5.138895
215.858300,6.557320
218.561200,5.336033
216.950200,6.997474
217.974400,8.274192
216.802200,8.165411
218.781600,7.110911
215.627500,8.086634
214.211700,7.725694
216.831000,9.342353
215.066700,9.256310
213.944700,8.892067
214.685500,6.454736
217.911500,6.317814
219.922900,5.995052
219.868100,8.344823
219.964200,7.171543
218.895100,9.007844
221.364700,6.394105
221.165600,8.525223
222.298100,8.846954
222.930800,7.496473
220.382000,9.403893
222.879300,5.585018
223.815200,8.273543
224.591400,7.192263
223.676700,6.451090
221.753600,7.505299
223.485900,9.403852
225.399000,9.403893
227.271200,9.067095
226.212200,8.552676
225.404500,6.340902
227.678700,7.101480
228.077500,8.209180
226.614700,6.593008
224.992200,8.299194
226.759000,5.079874
227.583100,5.923603
228.525900,5.218453
227.509500,4.172805
229.235000,6.231004
230.658700,6.211426
230.364500,7.719901
229.910400,4.692478
228.911000,7.377789
228.416600,9.339461
229.666200,8.744966
231.197300,9.156318
232.061300,8.356666
232.644300,9.388257
233.906900,9.301185
233.006200,7.652176
234.079200,8.136562
235.256000,8.105862
234.459500,6.395290
233.066800,6.476460
234.547100,5.219905
231.787700,7.211622
231.970100,6.048564
231.752300,4.891650
232.782100,4.321175
231.911600,3.451988
234.565600,3.197667
233.385400,3.014261
233.953400,4.203262
235.736600,3.321230
235.820000,4.741834
233.376100,5.340479
236.762400,4.036231
237.352400,5.241844
237.047300,6.378909
236.012800,6.950725
236.538700,8.241262
237.528000,7.453593
238.224700,6.501693
236.976000,9.334252
239.178400,7.192654
238.663100,8.344729
239.659800,8.977153
238.151000,9.404177
240.270000,7.681036
239.618300,5.454808
240.916300,9.215328
241.184200,5.970783
241.844700,7.053904
241.427400,8.154758
242.460800,9.308302
242.964500,8.244184
243.021800,7.068284
244.199000,7.080329
242.816700,5.702103
244.521200,8.212654
244.157000,5.903807
245.274500,6.274135
242.753000,4.231017
244.250200,3.700011
245.146500,5.008938
246.208000,5.556739
245.351500,3.239262
246.013500,4.212626
247.063500,4.744987
246.802400,3.178362
248.911700,4.176989
248.355400,5.214604
247.790200,3.818879
247.382500,5.878140
248.666500,7.213362
246.361500,6.726058
247.500800,7.049406
249.446600,6.331648
250.569700,8.056860
250.487200,6.882470
250.086400,4.100224
250.600000,5.710617
249.559600,5.159842
252.061700,5.368198
251.620000,3.588633
252.663300,6.946534
253.128900,5.865244
253.138900,4.637688
252.791400,3.471286
253.947900,3.691105
253.064100,2.326049
250.602500,2.996502
251.621800,2.304290
252.253500,0.697910
249.909400,2.044874
251.081500,0.586777
250.366700,-0.781778
251.927500,-0.648369
249.938300,0.867997
249.366400,-0.161024
248.437900,0.562670
248.064900,-0.805564
249.329000,-1.337679
248.787800,1.686729
248.310300,2.762776
249.431800,3.120897
247.191700,2.014020
247.293200,0.837235
245.945700,-0.048880
246.888800,-0.753400
246.148100,1.110854
245.023000,1.505383
244.835700,0.343128
244.768100,-1.753765
243.671800,0.520311
243.584100,1.694074
243.104100,-0.510619
245.874900,-1.351845
246.667500,-2.878284
244.344300,-2.852077
247.364800,-1.870883
244.267900,-0.688129
242.493500,0.495905
243.458200,-2.074219
242.271200,-1.342012
241.196600,-1.821560
242.148400,-2.512907
241.371900,-3.397763
240.561800,0.106970
238.895200,-1.413959
238.764100,0.511887
241.400400,0.933084
239.711800,1.214007
240.068800,-1.488458
241.654800,-0.330349
240.893500,1.995599
240.448600,3.085572
241.836800,2.699897
242.407100,1.669996
243.216300,2.812362
241.623600,3.857618
240.526100,4.283655
241.864400,5.009933
238.650600,4.617350
239.115500,3.535574
237.894900,3.714690
238.359600,2.633059
237.050300,2.894675
236.201100,2.079381
236.979000,1.129225
235.737300,0.997085
236.506500,0.051119
237.835000,-0.211081
237.720700,-1.470773
236.597500,-1.122296
235.611200,-3.402816
235.432600,-1.284980
237.191400,-2.521865
234.870500,-2.488248
234.271900,-1.474961
233.681100,-2.879585
234.513500,-3.828225
234.069100,-5.523460
233.520300,-4.460398
235.563400,-5.605607
236.001600,-4.513259
237.158700,-4.730398
238.754600,-4.418536
238.369700,-2.467510
238.119900,-5.410033
236.768100,-3.619938
236.575000,-6.207851
236.662200,-7.386477
237.711600,-6.514207
235.428400,-7.455592
238.191700,-7.589069
234.772900,-6.477685
233.924200,-7.293435
232.879400,-6.750946
233.074200,-8.140977
234.843500,-8.550279
232.488500,-5.640483
231.354200,-6.600684
231.343800,-5.365704
231.985900,-4.338751
232.029200,-7.565268
231.540900,-9.357644
230.492000,-8.048259
228.393200,-8.014401
229.212300,-9.014486
229.451200,-7.498104
230.371800,-9.219389
230.177300,-6.571513
230.771500,-4.336897
228.965300,-5.361211
227.853000,-5.746818
229.594100,-4.366075
227.587000,-6.916625
228.174100,-4.458126
227.987600,-3.256923
226.441800,-4.642376
226.844300,-3.536096
226.676800,-5.795907
229.164500,-3.270319
227.906300,-1.453494
230.377500,-2.025922
228.966100,-0.940953
229.202400,-2.093938
230.341200,-3.241223
227.192000,-2.389300
226.183000,-1.440673
225.556800,-2.437520
225.669400,-3.609291
227.267600,-0.464536
227.667500,0.732635
226.507500,0.932979
225.496800,0.329627
228.722200,0.210411
228.618300,1.617954
229.609800,0.983343
230.274100,-0.200684
227.436700,1.887022
228.975300,2.739812
226.661000,2.832850
225.895500,1.938544
227.826600,2.997832
228.760100,4.064692
229.890500,3.480300
229.966700,2.105137
231.141000,2.021211
230.909500,4.069736
232.858300,1.309336
230.783600,0.899510
232.276300,2.332644
231.921100,0.597603
233.855200,1.934864
235.032300,1.939870
234.375700,0.865637
233.090400,0.153164
232.128900,-1.767004
233.138300,-1.161814
235.340600,-0.111307
232.506500,-2.958776
232.126800,-0.561044
231.066300,-1.071464
224.240200,2.325434
224.882600,1.338719
224.897600,3.438870
226.013300,3.815876
223.539200,3.737386
224.085400,4.780285
225.191600,5.183038
222.408000,4.367424
221.485100,5.098370
222.577000,3.059076
221.406100,3.181632
220.258400,2.919097
220.259100,1.741870
222.613500,1.762135
219.649100,3.926384
221.436400,1.744475
221.734200,0.020349
220.267700,0.564641
219.522900,-0.760863
219.222100,1.184667
218.734300,0.113241
221.633400,-1.227591
220.276700,-1.674339
222.897800,-0.365302
221.048500,-2.670784
223.075900,-1.543566
224.013900,-0.832175
224.390200,-2.279699
223.238100,-2.760210
223.405600,-4.169621
221.937500,-3.527093
224.492200,-3.453107
224.343800,-5.549528
224.947600,-4.539072
223.182300,-5.740949
225.522000,-5.567219
225.148700,-6.812673
223.592600,-7.780806
225.452100,-9.021548
226.408500,-6.942136
224.113900,-8.836345
222.339200,-8.391169
222.577500,-7.183004
221.206000,-6.696923
222.030900,-5.495518
221.282800,-7.871716
220.121700,-7.677334
220.461100,-9.167172
221.622900,-9.357489
219.940600,-6.514047
218.791200,-6.769204
220.721700,-5.582690
219.837100,-4.710018
219.110000,-5.635916
218.475500,-7.916831
216.881100,-7.962682
218.352500,-9.130499
217.654000,-7.073555
217.135500,-9.112173
215.789900,-9.139072
215.703900,-7.963413
214.017600,-7.985437
215.464000,-6.755037
214.520200,-9.133634
212.651100,-9.117218
210.868800,-8.218885
212.030200,-8.026514
213.010900,-7.375210
210.399800,-9.298765
211.465200,-6.829639
212.519300,-6.305513
213.681700,-4.551039
214.229400,-6.827105
214.795800,-5.785712
213.619100,-5.820357
214.857500,-4.610040
215.938600,-5.502568
216.672900,-6.422755
217.812700,-5.902910
217.432700,-4.788648
216.000100,-4.326442
217.295200,-3.558798
214.290400,-3.543319
215.930900,-3.003339
215.634500,-1.830056
217.223900,-1.793253
214.610200,-2.410354
214.124900,-0.883962
213.258000,-2.589083
213.034700,-1.333505
212.867900,-3.699854
212.660600,-5.136806
212.697000,-0.205699
213.713600,0.394056
214.890600,0.367110
213.741500,1.580980
215.453700,-0.666762
212.579900,1.389539
214.918100,1.544061
216.841700,1.232642
216.088700,0.325052
217.411000,0.202134
216.702200,-0.737875
218.006600,-0.813396
218.019000,1.230014
218.083300,-2.597893
218.925700,-1.775423
218.448500,-3.795174
219.672800,-2.685287
220.348200,-3.649479
221.330700,-4.549083
218.933400,2.788836
217.510600,2.302137
215.985500,2.040642
218.495400,4.160577
210.857900,2.000871
211.470500,0.995624
211.520000,-0.180561
210.461200,-0.695050
210.186200,0.462308
209.029800,0.682080
209.307300,-0.461885
209.745400,1.616360
208.458900,-1.277940
207.497600,-0.594472
208.588700,1.835071
209.499200,2.767381
210.452000,3.458558
209.220200,3.991773
209.760100,5.037738
208.737200,5.620468
210.909000,5.293642
208.389000,3.158492
212.994000,2.491590
219.416500,-8.624360
222.939600,-9.403855
226.862300,-9.199715
228.037900,-9.136763
223.967500,-6.664912
223.235400,0.762536
220.678900,-0.538478
220.326500,4.889188
224.319900,0.304605
231.366800,-2.663967
228.714100,-6.549602
230.166900,-5.394387
232.714900,-9.270845
236.286800,-8.883829
238.166700,-9.403899
237.429400,-8.486139
239.369000,-7.590800
239.143000,-8.746109
240.360700,-8.251603
241.465600,-7.072148
241.265700,-9.136184
240.291500,-6.859529
242.206700,-8.104804
243.502400,-8.889316
243.434400,-7.284702
242.518500,-6.544981
241.800300,-5.415949
242.977600,-5.411023
240.669900,-5.744727
244.186200,-6.378803
246.029800,-6.287089
244.328600,-8.050552
245.564700,-7.659799
245.302900,-5.361047
244.136300,-5.202762
243.920800,-4.045774
245.092400,-4.158950
242.470100,-4.224951
243.105500,-3.197389
241.031300,-4.524662
239.329100,-3.150586
239.510300,-5.321135
239.135200,-6.436993
240.419200,-2.706056
246.233500,-4.470979
247.534400,-4.336958
247.349800,-5.563622
245.503800,-3.055892
248.367700,-6.628522
248.758900,-5.042705
247.239900,-7.426237
246.399600,-9.013516
248.537100,-8.036968
247.498500,-8.591219
249.550800,-9.126101
248.396000,-9.354734
249.697900,-7.841053
249.923200,-6.476827
251.024000,-6.894472
250.740400,-8.387898
251.765900,-7.809773
252.619700,-9.257031
252.484000,-6.268134
252.881300,-7.376358
251.415900,-5.773102
251.444800,-9.331157
251.042400,-4.528047
253.213700,-5.040431
249.912500,-5.277308
249.775600,-3.666685
248.870700,-2.422040
251.163700,-2.142365
247.839500,-2.989919
250.902000,-3.324318
252.076800,-3.248664
252.214500,-4.417868
252.287900,-1.792876
250.044700,-2.508300
253.210400,-2.931236
253.104300,-0.680376
253.498400,-1.789750
255.450200,-3.289998
253.924800,0.163915
255.344500,-2.117484
255.102000,0.159399
255.338300,1.312783
256.585400,-0.503654
256.303900,0.639281
254.299900,1.867390
256.433700,-1.671043
257.421100,-2.312088
257.572700,-1.144652
257.631100,0.037226
258.132400,1.196614
258.864800,0.066792
259.560200,-1.958193
260.063000,0.515862
260.360300,-1.094109
259.291000,1.404588
260.134900,2.225198
259.028600,2.627334
261.012100,1.439081
257.878000,2.378610
256.986600,3.147474
257.017600,1.575314
256.126100,2.344141
258.113000,4.124870
259.240200,3.785413
260.414600,3.704761
258.584100,5.203801
259.741600,4.988755
261.783600,5.602220
259.954300,6.146659
258.886400,6.647506
260.899700,4.777460
262.030900,4.451350
262.232100,3.291526
262.907600,5.237133
262.252700,6.681957
263.268600,3.970041
263.526000,6.238964
264.406900,4.679506
265.310500,3.924889
265.502700,6.627226
265.603600,5.065048
264.294700,3.329922
263.250200,1.566702
264.882200,2.309640
265.237500,0.367955
266.305600,2.458934
263.274000,2.743613
264.346000,1.136847
262.371400,0.783499
264.059600,-0.007907
263.110800,-1.230835
265.435700,-1.416809
262.286300,-0.390628
264.286100,-1.163213
266.093300,-0.440377
267.725200,-0.539562
266.850600,-1.442698
266.960600,0.355630
266.160900,-2.677700
266.934800,-3.564925
263.922900,-3.430035
266.049200,-4.340642
265.072500,-3.683512
267.503700,-2.510253
263.846200,-2.255243
262.727300,-3.498602
261.502000,-2.463048
262.891800,-5.547278
263.382000,-4.476897
262.670900,-2.322739
261.961100,-4.737843
261.312800,-3.640811
259.578900,-3.854292
260.376100,-2.807022
260.232400,-4.854299
261.134200,-5.611075
259.473500,-6.010347
260.938800,-7.054420
262.041700,-6.361633
263.552900,-7.216501
261.760600,-7.962001
260.613500,-8.226791
263.180500,-9.351060
261.883600,-9.171328
264.373600,-8.060603
265.531700,-8.913991
265.751400,-7.477097
264.428300,-9.324145
265.039000,-6.522466
266.699300,-5.322040
266.209000,-6.392371
264.421000,-5.030291
265.527300,-5.432545
268.040100,-6.944969
266.926200,-7.325923
267.529400,-8.336919
268.648500,-7.970212
269.892600,-8.814863
268.331300,-9.198823
269.107500,-6.442946
269.988400,-7.224042
270.859100,-6.431735
271.981800,-6.786224
269.980800,-5.582357
270.805600,-8.071442
271.874200,-8.565239
270.980200,-9.334259
273.789700,-8.582237
272.838000,-7.889149
272.700300,-9.403871
273.851600,-7.290250
272.926500,-6.083173
274.270900,-5.657641
272.253200,-4.966547
273.423600,-4.840375
271.119500,-5.283632
274.863700,-6.674722
275.738600,-4.859400
275.304300,-7.766478
275.970400,-6.013630
277.078600,-5.125690
277.031500,-6.523328
276.462100,-7.553694
275.986000,-9.400143
278.358700,-6.977744
274.928600,-8.882229
277.595000,-7.873507
277.062200,-8.923199
278.238300,-8.871169
279.414200,-7.498792
279.399200,-8.675961
280.665400,-7.887000
280.894000,-9.077182
281.823600,-8.098487
283.661600,-9.193860
282.945200,-7.740741
281.259500,-6.620002
282.435200,-6.679535
282.490900,-9.068402
284.508500,-8.376070
285.944600,-7.719976
285.131900,-6.868349
285.369400,-9.178973
286.764500,-8.713672
287.990100,-9.403926
286.899200,-7.026357
287.935300,-7.585638
288.710800,-6.700025
287.674900,-6.140434
289.728500,-7.882924
288.709600,-8.472310
290.743200,-8.505882
292.112100,-8.773744
289.471500,-9.377301
290.713300,-7.237970
289.956400,-6.334948
290.835100,-5.551446
291.591200,-6.453758
292.993400,-7.511416
294.532100,-7.291043
293.926000,-6.281796
293.928000,-8.301495
292.749500,-6.243865
291.822400,-7.632649
292.656300,-5.070292
291.565300,-4.628086
293.832900,-5.108205
295.968300,-5.129240
294.222600,-3.664323
294.905500,-4.623140
293.068400,-3.432975
294.998600,-5.796748
295.729300,-7.532798
296.904400,-5.843130
298.064200,-5.641209
296.629000,-3.932888
297.945100,-7.222034
296.786300,-7.014464
296.935600,-8.365222
298.673900,-8.593352
299.033900,-6.354101
299.589300,-7.391966
300.763200,-6.218009
300.752000,-7.619197
300.177300,-8.837311
299.703500,-5.386012
299.899200,-3.903859
301.072900,-3.993429
298.776900,-4.259459
301.268300,-5.154399
302.132200,-7.195071
302.466700,-4.252119
303.233100,-5.860640
302.066700,-6.019606
303.621500,-7.326582
304.095900,-8.533957
304.511700,-6.269915
304.775100,-7.572301
303.001400,-8.967210
305.604400,-6.707800
306.666900,-5.936140
306.123500,-7.764424
307.233900,-6.967908
305.561300,-5.530097
306.070000,-4.394093
304.904800,-4.226533
307.150100,-4.862589
304.167300,-5.144143
303.633400,-4.094875
305.171100,-3.079766
303.998500,-2.975648
306.287400,-2.705792
304.584900,-1.949992
303.099500,-2.215559
305.728500,-1.669589
304.881200,-0.616967
303.740000,-0.956865
303.818600,0.459669
302.805400,-0.139892
302.421800,-1.252926
301.717500,0.309945
301.078700,-0.881110
301.499800,-2.225972
302.305800,-3.085195
299.987100,-1.890929
300.551700,-2.923973
299.002800,-2.537112
297.124500,-2.638587
298.101800,-3.294983
299.706800,-0.747485
298.025500,-1.880662
298.686600,-0.160028
297.442300,-0.607694
296.321100,-1.229955
295.981300,-2.357155
294.799300,-1.400355
294.652400,-2.568390
295.498400,-3.604659
293.298200,-1.657631
292.145700,-1.303640
294.084000,-0.465361
292.908200,-0.406828
292.424700,-2.447232
290.717900,-3.569380
291.056200,-2.261362
291.892900,-3.497424
289.915400,-1.569275
291.679900,-0.132953
290.988800,-1.086019
289.876700,-2.745818
289.324600,-3.785614
287.872700,-1.722561
287.524600,-2.847049
288.148900,-3.845009
286.996600,-4.088297
289.935700,-4.791814
286.867400,-5.258394
288.021000,-5.015203
285.973700,-6.028057
285.509200,-4.946339
283.793600,-5.006675
285.414100,-3.773066
284.296500,-3.403759
282.600100,-2.982468
283.764400,-2.353948
285.389600,-2.433556
283.258200,-3.958335
282.176900,-4.423494
281.518600,-3.447258
282.641100,-5.505372
281.465000,-5.453745
283.583200,-6.211108
284.679700,-5.781570
280.292300,-5.351276
279.346300,-4.349319
280.451600,-3.944568
279.374700,-3.129852
280.859300,-2.420835
279.897600,-1.733342
282.536700,-1.807189
281.434800,-1.393880
279.846800,-0.520918
278.771000,-0.996814
280.314600,0.768863
278.892100,0.279061
281.308300,1.399927
280.812900,2.467565
283.006500,0.908183
282.511000,-0.625737
282.943000,2.082969
282.023800,2.817874
281.002000,-0.299382
279.818500,1.837235
278.562900,2.611921
278.709000,1.443786
279.525700,3.289213
281.142400,3.597568
280.219600,4.327161
282.245300,4.009049
279.043400,4.363078
281.313200,4.762694
279.717100,5.391499
282.526900,5.152139
280.500800,6.269663
282.355500,6.817273
282.512100,7.983976
283.636200,5.545994
280.660800,7.435674
283.730500,6.719476
281.618100,5.899805
281.395100,8.355591
283.124800,8.989165
281.930100,9.403966
279.848500,9.147293
279.623400,7.991767
278.374500,9.403905
278.470800,8.230668
278.177200,6.690947
279.363100,6.578966
278.554800,5.575881
277.377700,5.580065
275.759800,4.964912
276.092000,7.511176
277.876500,4.513958
275.843700,6.139143
276.722000,4.286817
274.698600,5.866048
273.360800,4.868632
273.905500,6.913759
274.914900,7.519750
273.042300,6.001855
274.614700,4.691772
275.702600,3.698704
274.539900,3.516928
272.615200,3.957830
274.233600,1.961325
275.380800,2.224952
273.434600,3.112695
272.086500,1.159922
271.590500,3.378474
274.377100,0.792868
271.511900,2.203885
273.263600,1.174682
270.582300,0.351490
270.460000,3.050466
270.548000,1.528210
269.251700,1.115636
269.330400,3.381732
267.849600,4.311807
270.037200,5.088099
268.439700,2.377051
270.982500,4.386516
269.009300,4.514357
268.803600,5.673674
269.675400,6.464824
267.634500,5.535724
270.763200,6.014666
269.994600,7.702105
272.107700,5.173526
271.039600,7.158993
271.896900,6.331776
272.882200,8.311924
270.770000,8.812973
274.292300,8.738344
273.321300,9.403971
271.721000,8.118964
272.750600,7.142269
272.060700,9.246184
275.865900,8.666515
269.225400,9.071799
267.575500,7.961421
268.062700,9.255654
268.843200,7.950349
266.542700,9.150559
265.563400,8.199313
265.129000,9.350877
264.067100,8.471906
262.490700,8.306530
262.916600,9.403920
264.352200,7.101612
263.206400,7.372006
261.284300,7.955365
261.648200,9.128857
260.130800,9.403939
259.625400,8.340911
261.083200,6.548307
258.471300,8.108708
258.622500,9.298037
257.537300,8.825294
257.388000,7.648216
256.309300,8.177091
256.781300,6.639330
255.616300,6.807998
256.486300,9.355862
257.837100,6.113760
256.855100,5.464428
255.683600,5.580298
256.722900,4.294702
255.162200,4.439864
255.861100,3.492446
254.834400,2.916352
254.349700,5.491431
254.065500,6.949897
254.808100,8.211265
253.393400,8.389316
254.843400,9.403885
251.550900,8.782598
251.692100,7.613804
252.738100,9.403915
251.579000,6.441962
250.052700,9.114564
248.243800,8.410439
249.395300,8.137959
248.907200,9.386026
247.206100,8.970153
246.038200,9.129043
246.696400,7.908965
245.413700,7.443167
244.878500,9.334432
243.710000,9.155341
267.354700,6.679256
266.430700,5.902804
266.408300,7.379507
266.742600,4.767448
267.480600,3.059661
266.449400,3.627352
268.080300,0.999425
267.029800,1.530852
268.753500,0.033693
268.700800,-1.198403
269.729100,-0.625169
269.711300,-1.802353
270.895400,-0.785062
271.239500,-1.910929
269.190800,-2.919959
270.412000,-2.748390
271.438600,-4.080742
270.272800,-3.917398
271.898100,-2.886742
269.118700,-4.149134
268.839600,-5.292870
267.587400,-4.548779
268.133000,-3.505245
272.642200,-1.089812
274.119700,-2.591332
275.277100,-2.376776
273.755700,-1.471806
275.430800,-3.687012
272.590700,-3.838708
274.608600,-4.529806
276.335700,-2.892035
276.710900,-4.007538
278.265400,-3.523650
277.490500,-2.637560
277.697700,-1.478827
276.549000,-1.734657
278.691300,-2.171314
276.743000,0.161383
277.830600,-0.288890
274.913100,-1.257214
274.148500,-0.362016
275.469200,0.353869
276.203800,1.273661
277.341100,2.006699
276.431200,2.774062
277.652300,3.358209
273.035100,0.019923
277.676700,0.878255
271.740400,0.034675
272.918400,-2.299348
268.523700,6.817232
269.608600,2.237536
277.031800,8.830920
284.326800,8.883408
283.685900,7.895886
284.900400,6.855906
284.836900,5.680396
286.522300,6.890802
286.451400,8.065801
286.569700,9.239521
287.610200,8.272842
287.805300,6.927160
285.496900,8.754710
288.883800,8.701450
287.982600,5.048854
287.192000,5.921179
289.409300,6.196561
289.963300,7.249389
290.845200,6.233355
290.883200,8.202577
289.915300,9.268985
291.509000,7.205464
292.659500,7.454927
292.020100,5.189564
292.191200,8.535077
292.368100,6.314250
293.531300,6.133288
293.252900,4.989398
293.746100,7.908529
294.399300,6.929085
294.896700,8.191002
294.265900,9.185049
295.480200,6.462589
295.893600,7.564874
295.749000,9.156358
296.800300,8.596959
298.266900,9.403893
297.781900,7.666269
298.771200,8.340188
296.951800,6.831375
298.847700,7.165440
297.893700,5.143069
296.434600,5.773177
299.151600,6.028120
299.930200,5.145177
300.003500,6.904693
298.832900,4.433241
299.046400,2.721900
299.914500,3.968001
297.758900,3.950904
297.415500,2.824814
298.331600,1.706669
296.163500,3.683061
296.073400,2.509214
297.032200,1.538407
295.610200,0.816917
297.672700,0.550586
296.403600,-0.052872
299.192100,0.903204
300.648400,1.752316
300.553200,0.484017
301.885300,1.486369
301.411700,3.557590
302.284900,2.597699
304.097900,2.108866
303.378400,3.160766
302.169900,4.458646
303.055500,1.358265
304.938800,1.285035
305.674400,0.253004
306.032600,2.854655
304.678400,3.260430
306.603100,1.715737
307.307200,2.659311
306.811800,0.557106
307.964300,1.368697
307.887100,0.078106
306.734400,-1.057851
308.205700,-1.055175
308.984200,0.504872
309.303400,-0.628279
309.323600,1.632113
310.235600,2.376647
308.463000,2.435186
310.161300,0.501737
310.912500,1.408298
309.438500,3.383102
308.005600,4.742681
310.092100,5.345279
311.126500,3.348416
307.120000,3.821620
309.182700,4.558763
310.299500,4.186396
308.727500,5.672564
309.771600,6.478122
310.961300,7.431187
311.197000,6.075742
307.762700,6.347019
309.625000,7.751980
311.257200,4.899981
312.929100,5.852757
312.811300,4.548800
312.295100,3.490707
311.674000,2.306148
312.702200,1.216309
312.848500,2.384713
312.857200,-0.186003
311.545200,0.415459
310.654400,-0.601279
311.841600,-0.781508
310.874200,-1.757880
312.353500,-1.841722
311.530000,-2.735624
310.012600,-2.872000
312.162100,-4.104979
310.995400,-3.948552
312.680300,-2.986526
311.328300,-5.417286
309.558000,-3.958016
309.768600,-5.196986
312.497200,-5.233481
312.615800,-6.405162
311.452900,-6.587958
312.558300,-7.854569
310.497500,-7.423766
311.429300,-8.188063
310.244200,-6.274038
309.175900,-7.758075
308.543100,-6.765571
308.660400,-5.594275
307.888600,-8.248614
306.949900,-9.239258
309.292600,-9.403917
310.971300,-9.281271
308.115400,-9.403855
310.071900,-8.521580
312.595800,-9.032017
305.821900,-8.902392
308.535300,-3.339661
308.265300,-4.485418
307.433800,-2.004895
308.600100,-2.164311
307.364700,-3.180984
312.061800,7.920331
310.752900,8.802717
311.894600,9.090355
313.063600,8.951294
309.662600,9.246944
307.961900,9.403909
307.466200,8.311839
308.239000,7.423539
306.414500,8.840816
305.175500,9.338786
305.470500,8.050421
306.896900,7.156961
305.746700,6.905978
307.040800,5.417126
305.908700,5.739886
305.854800,4.264149
304.457400,4.744348
304.067500,6.852971
303.221800,5.805296
304.740700,5.887116
303.343300,4.363671
302.051400,5.679036
301.815500,7.008017
300.941000,6.192611
302.947100,7.334538
302.415700,8.385112
303.282900,9.181356
304.112200,8.029422
301.532900,9.163961
299.919000,8.078946
299.950500,9.324925
301.087100,7.932904
301.015600,4.689286
309.697200,-1.737723
300.428600,2.908911
294.193400,0.706827
295.256000,-0.315247
294.749100,1.994211
293.613500,2.780596
294.625200,3.382365
293.406200,1.582244
292.478600,0.852159
292.448700,2.610895
291.292000,2.829418
291.681200,1.718268
292.692300,3.822188
291.550500,4.109157
290.172400,4.094073
290.118200,2.918379
290.850500,5.056216
289.744300,1.802463
289.346100,4.932435
288.960000,2.681902
288.169500,3.554312
286.986000,3.816004
287.881800,2.209168
286.789600,2.655268
285.410600,2.559616
286.432600,1.066649
285.458800,3.735521
287.609300,1.063634
288.784300,1.121829
286.064900,-0.051422
285.301100,1.387842
284.888300,-0.086462
284.683100,-1.491902
286.721100,-1.965740
286.989500,-0.780087
289.248400,0.040208
290.421700,-0.054446
285.824200,-1.203578
286.372800,-3.090058
283.712300,-0.033460
284.174600,1.049004
284.111600,2.224438
283.166800,3.238344
284.589800,4.529497
283.421300,4.387432
286.175200,4.669445
294.333800,4.522964
295.484500,4.847226
294.612700,5.666712
296.819600,4.660614
291.299000,9.303973
293.093600,9.291212
287.937000,9.403866
286.004000,5.833964
283.543500,-1.197903
278.222500,-4.700027
280.085400,-6.531523
278.001600,-5.856210
289.056600,-5.574798
290.683800,1.093169
301.252600,-9.318134
301.929200,-8.354731
295.726700,-8.890283
297.794200,-9.375669
297.634900,-4.545007
293.431200,-9.368799
294.608800,-9.262002
266.793400,-9.255759
259.494500,-8.632660
259.776000,-7.238262
260.589900,-9.403852
258.649300,-7.579443
258.329300,-6.286899
257.154400,-6.359624
257.922000,-4.595474
255.761800,-5.438590
256.916000,-5.206789
259.056500,-4.909427
258.867300,-2.909992
257.808000,-3.423832
256.158400,-4.305647
256.625200,-3.217771
254.346500,-5.360912
253.915700,-3.873888
254.833800,-6.432560
253.660300,-6.317547
254.567200,-7.579234
253.626900,-8.287432
254.000200,-9.403886
255.894800,-9.403852
256.713900,-8.390092
257.312100,-9.403913
257.475300,-7.492253
258.331500,-8.815052
254.983000,-4.370596
254.379400,-2.791699
261.521900,-1.285919
261.216200,0.279222
262.084700,1.925346
261.164000,2.796793
265.692500,1.453759
264.631700,5.835102
253.328100,1.178759
254.318800,-0.945453
248.616800,-3.874031
245.058000,-8.975423
242.422100,-9.357125
233.891800,-9.243402
239.906700,-4.176420
239.508500,2.373626
239.502000,-0.405367
238.101200,1.484623
246.038000,2.282936
244.409300,2.533571
243.792200,4.784513
240.138300,6.511128
235.640300,9.403921
235.521800,5.880736
214.275700,5.168989
211.523800,2.971527
205.547900,6.574012
206.131300,5.551559
206.987900,1.309224
205.008900,-4.572054
205.886000,-6.415003
204.167800,-9.404034
199.503600,-9.396727
198.289600,-9.392536
196.976100,-8.769195
201.622800,-9.404451
194.747500,-9.326179
193.489100,-4.702292
190.339000,-4.922782
188.569600,-1.770493
183.430200,-1.056239
181.748000,-0.571775
181.882600,0.664620
182.274200,2.407842
183.077700,3.279578
177.953900,4.118910
176.034700,-1.367131
177.237700,0.722379
177.913000,-2.364511
168.628000,-6.877776
164.819200,-3.029436
163.663100,-2.807738
161.771800,-4.738925
158.778600,-6.842910
153.551300,-3.340078
154.265700,-2.404349
153.578500,-0.730826
152.346700,-2.981731
153.502800,-4.519672
152.445000,-1.048653
152.352500,0.225957
153.939100,0.389859
152.976300,1.224349
150.116100,0.961809
151.372500,-0.562967
153.369200,-6.176397
152.370700,-5.404416
158.133700,-4.456893
145.111300,-9.403871
148.955600,-8.235723
151.238400,0.606656
155.083100,3.512001
155.082500,5.130178
150.978400,5.291131
288.700300,-2.787557
254.947400,-8.704800
133.274800,-0.128358
93.358580,-3.567356
258.749200,-1.104811
236.035900,-2.296430
170.277600,-5.211453
153.149900,6.523580
193.107100,-7.645872
42.995500,5.241844
81.749100,-9.405129
137.575600,-2.137032
151.160100,4.128000
157.849800,9.137791
183.527100,-2.773033
76.212250,-4.894251
143.080400,-7.221311
47.469850,2.450745
196.684300,-4.369864
124.319900,-3.205390
188.598500,4.399088
10.493030,3.504391
255.496000,-0.950016
196.000100,-2.157225
276.901100,6.656267
144.279700,7.481017
225.805400,7.447930
275.958700,-0.716454
28.960180,-3.857727
256.000200,-6.591492
46.864640,-0.484240
36.492310,6.580513
177.122800,-5.278714
65.656260,-6.153520
141.087500,-1.280296
54.398830,3.128985
255.733700,-7.738187
140.233700,6.822529
73.072070,-9.393991
164.257300,7.539234
262.912800,-8.204581
177.077300,-4.103385
23.017330,3.815176
313.688600,3.209537
56.037350,0.636407
177.972600,5.980064
88.950320,-1.908599
134.401000,2.044717
119.671700,-8.654911
284.035900,-7.297850
8.235435,-2.516730
172.720600,5.656996
88.111380,-3.222590
313.271300,7.147092
251.124100,4.656356
44.334470,3.290583
151.523500,-1.781307
122.947600,-4.893271
154.013200,9.403901
32.898240,6.905166
171.201700,-0.218682
62.416030,-5.420879
298.009700,6.314638
202.192200,-7.505781
308.715700,8.499839
75.400500,-5.864746
70.911390,5.703903
222.160100,-2.283272
137.728200,8.311245
77.387860,-4.996375
61.096070,1.298153
237.943900,-3.565026
72.774740,4.413676
260.179200,7.302231
148.750900,4.163496
272.689100,2.201955
172.854600,6.826500
183.621700,7.464212
70.103600,3.948295
186.941000,-5.238777
263.938500,-6.104162
87.407840,-0.131965
27.914000,-8.417356
153.168500,-1.977511
31.171020,-7.566032
195.503100,2.160068
109.581300,3.587371
83.913690,-2.613572
3.487091,-7.223518
234.178100,-0.297203
127.566800,9.403871
170.457700,-8.008018
58.879570,6.933923
155.131800,0.423704
60.027320,8.372877
77.321560,-8.230746
35.382390,-1.623351
240.119300,-9.403874
198.216200,7.881865
308.281100,3.598228
61.697110,-4.488606
136.402300,8.383740
154.106100,1.555343
186.315600,-4.243044
277.411800,7.716728
192.332300,5.150455
176.135300,7.040507
288.017400,-0.206019
210.685700,-4.093183
171.770900,6.350365
63.481020,9.403878
267.776100,-5.797702
82.736040,-2.650832
288.850500,-1.067483
225.679300,-7.866394
22.493600,-7.699890
173.806700,-8.107162
226.876200,-8.022519
24.171160,3.581327
175.193700,-0.089272
279.125300,-5.505685
225.190800,-0.807117
104.881400,-8.283679
198.418900,-8.222475
202.673800,-6.431738
137.765900,-8.545907
288.819000,7.525937
284.335400,3.380132
273.761200,-3.712596
110.744900,-8.607309
45.510760,3.242262
42.509730,-8.299696
170.339500,2.454717
281.941900,0.407889
54.379910,-7.679169
187.388900,-6.337079
132.471800,0.732183
21.465060,3.968863
200.763100,-0.504802
158.895700,7.834859
264.995900,-2.508786
312.163900,6.747464
168.193300,-5.764091
100.569900,-8.823963
150.109600,-8.468913
105.155300,-3.402268
