0.591150,-9.257384
1.927340,-9.257384
3.263530,-9.257384
4.599720,-9.257384
5.935910,-9.257384
7.272100,-9.257384
8.608290,-9.257384
9.944480,-9.257384
11.280670,-9.257384
12.616860,-9.257384
13.953050,-9.257384
15.289240,-9.257384
16.625430,-9.257384
17.961620,-9.257384
19.297810,-9.257384
20.634000,-9.257384
21.970190,-9.257384
23.306380,-9.257384
24.642570,-9.257384
25.978760,-9.257384
27.314950,-9.257384
28.651140,-9.257384
29.987330,-9.257384
31.323520,-9.257384
32.659710,-9.257384
33.995900,-9.257384
35.332090,-9.257384
36.668280,-9.257384
38.004470,-9.257384
39.340660,-9.257384
40.676850,-9.257384
42.013040,-9.257384
43.349230,-9.257384
44.685420,-9.257384
46.021610,-9.257384
47.357800,-9.257384
48.693990,-9.257384
50.030180,-9.257384
51.366370,-9.257384
52.702560,-9.257384
54.038750,-9.257384
55.374940,-9.257384
56.711130,-9.257384
58.047320,-9.257384
59.383510,-9.257384
60.719700,-9.257384
62.055890,-9.257384
63.392080,-9.257384
64.728270,-9.257384
66.064460,-9.257384
67.400650,-9.257384
68.736840,-9.257384
70.073030,-9.257384
71.409220,-9.257384
72.745410,-9.257384
74.081600,-9.257384
75.417790,-9.257384
76.753980,-9.257384
78.090170,-9.257384
79.426360,-9.257384
80.762550,-9.257384
82.098740,-9.257384
83.434930,-9.257384
84.771120,-9.257384
86.107310,-9.257384
87.443500,-9.257384
88.779690,-9.257384
90.115880,-9.257384
91.452070,-9.257384
92.788260,-9.257384
94.124450,-9.257384
95.460640,-9.257384
96.796830,-9.257384
98.133020,-9.257384
99.469210,-9.257384
100.805400,-9.257384
102.141600,-9.257384
103.477800,-9.257384
104.814000,-9.257384
106.150200,-9.257384
107.486400,-9.257384
108.822500,-9.257384
110.158700,-9.257384
111.494900,-9.257384
112.831100,-9.257384
114.167300,-9.257384
115.503500,-9.257384
116.839700,-9.257384
118.175900,-9.257384
119.512100,-9.257384
120.848300,-9.257384
122.184400,-9.257384
123.520600,-9.257384
124.856800,-9.257384
126.193000,-9.257384
127.529200,-9.257384
128.865400,-9.257384
130.201600,-9.257384
131.537800,-9.257384
132.874000,-9.257384
134.210100,-9.257384
135.546300,-9.257384
136.882500,-9.257384
138.218700,-9.257384
139.554900,-9.257384
140.891100,-9.257384
142.227300,-9.257384
143.563500,-9.257384
144.899700,-9.257384
146.235900,-9.257384
147.572100,-9.257384
148.908200,-9.257384
150.244400,-9.257384
151.580600,-9.257384
152.916800,-9.257384
154.253000,-9.257384
155.589200,-9.257384
156.925400,-9.257384
158.261600,-9.257384
159.597800,-9.257384
160.933900,-9.257384
162.270100,-9.257384
163.606300,-9.257384
164.942500,-9.257384
166.278700,-9.257384
167.614900,-9.257384
168.951100,-9.257384
170.287300,-9.257384
171.623500,-9.257384
172.959700,-9.257384
174.295900,-9.257384
175.632000,-9.257384
176.968200,-9.257384
178.304400,-9.257384
179.640600,-9.257384
180.976800,-9.257384
182.313000,-9.257384
183.649200,-9.257384
184.985400,-9.257384
186.321600,-9.257384
187.657700,-9.257384
188.993900,-9.257384
190.330100,-9.257384
191.666300,-9.257384
193.002500,-9.257384
194.338700,-9.257384
195.674900,-9.257384
197.011100,-9.257384
198.347300,-9.257384
199.683500,-9.257384
201.019700,-9.257384
202.355800,-9.257384
203.692000,-9.257384
205.028200,-9.257384
206.364400,-9.257384
207.700600,-9.257384
209.036800,-9.257384
210.373000,-9.257384
211.709200,-9.257384
213.045400,-9.257384
214.381500,-9.257384
215.717700,-9.257384
217.053900,-9.257384
218.390100,-9.257384
219.726300,-9.257384
221.062500,-9.257384
222.398700,-9.257384
223.734900,-9.257384
225.071100,-9.257384
226.407300,-9.257384
227.743500,-9.257384
229.079600,-9.257384
230.415800,-9.257384
231.752000,-9.257384
233.088200,-9.257384
234.424400,-9.257384
235.760600,-9.257384
237.096800,-9.257384
238.433000,-9.257384
239.769200,-9.257384
241.105300,-9.257384
242.441500,-9.257384
243.777700,-9.257384
245.113900,-9.257384
246.450100,-9.257384
247.786300,-9.257384
249.122500,-9.257384
250.458700,-9.257384
251.794900,-9.257384
253.131100,-9.257384
254.467300,-9.257384
255.803400,-9.257384
257.139600,-9.257384
258.475800,-9.257384
259.812000,-9.257384
261.148200,-9.257384
262.484400,-9.257384
263.820600,-9.257384
265.156800,-9.257384
266.493000,-9.257384
267.829100,-9.257384
269.165300,-9.257384
270.501500,-9.257384
271.837700,-9.257384
273.173900,-9.257384
274.510100,-9.257384
275.846300,-9.257384
277.182500,-9.257384
278.518700,-9.257384
279.854900,-9.257384
281.191000,-9.257384
282.527200,-9.257384
283.863400,-9.257384
285.199600,-9.257384
286.535800,-9.257384
287.872000,-9.257384
289.208200,-9.257384
290.544400,-9.257384
291.880600,-9.257384
293.216800,-9.257384
294.552900,-9.257384
295.889100,-9.257384
297.225300,-9.257384
298.561500,-9.257384
299.897700,-9.257384
301.233900,-9.257384
302.570100,-9.257384
303.906300,-9.257384
305.242500,-9.257384
306.578600,-9.257384
307.914900,-9.257384
309.251000,-9.257384
310.587200,-9.257384
311.923400,-9.257384
313.259600,-9.257384
1.259245,-8.100210
2.595435,-8.100210
3.931625,-8.100210
5.267815,-8.100210
6.604005,-8.100210
7.940195,-8.100210
9.276385,-8.100210
10.612570,-8.100210
11.948760,-8.100210
13.284960,-8.100210
14.621150,-8.100210
15.957330,-8.100210
17.293530,-8.100210
18.629710,-8.100210
19.965900,-8.100210
21.302100,-8.100210
22.638280,-8.100210
23.974470,-8.100210
25.310670,-8.100210
26.646850,-8.100210
27.983050,-8.100210
29.319230,-8.100210
30.655420,-8.100210
31.991620,-8.100210
33.327800,-8.100210
34.663990,-8.100210
36.000180,-8.100210
37.336380,-8.100210
38.672570,-8.100210
40.008750,-8.100210
41.344940,-8.100210
42.681130,-8.100210
44.017330,-8.100210
45.353520,-8.100210
46.689700,-8.100210
48.025890,-8.100210
49.362080,-8.100210
50.698270,-8.100210
52.034470,-8.100210
53.370660,-8.100210
54.706840,-8.100210
56.043030,-8.100210
57.379220,-8.100210
58.715420,-8.100210
60.051610,-8.100210
61.387790,-8.100210
62.723980,-8.100210
64.060170,-8.100210
65.396360,-8.100210
66.732550,-8.100210
68.068740,-8.100210
69.404940,-8.100210
70.741130,-8.100210
72.077320,-8.100210
73.413510,-8.100210
74.749690,-8.100210
76.085880,-8.100210
77.422070,-8.100210
78.758260,-8.100210
80.094450,-8.100210
81.430640,-8.100210
82.766830,-8.100210
84.103030,-8.100210
85.439220,-8.100210
86.775410,-8.100210
88.111600,-8.100210
89.447780,-8.100210
90.783970,-8.100210
92.120160,-8.100210
93.456350,-8.100210
94.792540,-8.100210
96.128730,-8.100210
97.464930,-8.100210
98.801120,-8.100210
100.137300,-8.100210
101.473500,-8.100210
102.809700,-8.100210
104.145900,-8.100210
105.482100,-8.100210
106.818300,-8.100210
108.154400,-8.100210
109.490600,-8.100210
110.826800,-8.100210
112.163000,-8.100210
113.499200,-8.100210
114.835400,-8.100210
116.171600,-8.100210
117.507800,-8.100210
118.844000,-8.100210
120.180200,-8.100210
121.516300,-8.100210
122.852500,-8.100210
124.188700,-8.100210
125.524900,-8.100210
126.861100,-8.100210
128.197300,-8.100210
129.533500,-8.100210
130.869700,-8.100210
132.205900,-8.100210
133.542100,-8.100210
134.878300,-8.100210
136.214400,-8.100210
137.550600,-8.100210
138.886800,-8.100210
140.223000,-8.100210
141.559200,-8.100210
142.895400,-8.100210
144.231600,-8.100210
145.567800,-8.100210
146.903900,-8.100210
148.240100,-8.100210
149.576300,-8.100210
150.912500,-8.100210
152.248700,-8.100210
153.584900,-8.100210
154.921100,-8.100210
156.257300,-8.100210
157.593500,-8.100210
158.929700,-8.100210
160.265900,-8.100210
161.602100,-8.100210
162.938200,-8.100210
164.274400,-8.100210
165.610600,-8.100210
166.946800,-8.100210
168.283000,-8.100210
169.619200,-8.100210
170.955400,-8.100210
172.291600,-8.100210
173.627700,-8.100210
174.963900,-8.100210
176.300100,-8.100210
177.636300,-8.100210
178.972500,-8.100210
180.308700,-8.100210
181.644900,-8.100210
182.981100,-8.100210
184.317300,-8.100210
185.653500,-8.100210
186.989700,-8.100210
188.325800,-8.100210
189.662000,-8.100210
190.998200,-8.100210
192.334400,-8.100210
193.670600,-8.100210
195.006800,-8.100210
196.343000,-8.100210
197.679200,-8.100210
199.015400,-8.100210
200.351500,-8.100210
201.687700,-8.100210
203.023900,-8.100210
204.360100,-8.100210
205.696300,-8.100210
207.032500,-8.100210
208.368700,-8.100210
209.704900,-8.100210
211.041100,-8.100210
212.377300,-8.100210
213.713500,-8.100210
215.049600,-8.100210
216.385800,-8.100210
217.722000,-8.100210
219.058200,-8.100210
220.394400,-8.100210
221.730600,-8.100210
223.066800,-8.100210
224.403000,-8.100210
225.739200,-8.100210
227.075300,-8.100210
228.411500,-8.100210
229.747700,-8.100210
231.083900,-8.100210
232.420100,-8.100210
233.756300,-8.100210
235.092500,-8.100210
236.428700,-8.100210
237.764900,-8.100210
239.101100,-8.100210
240.437300,-8.100210
241.773400,-8.100210
243.109600,-8.100210
244.445800,-8.100210
245.782000,-8.100210
247.118200,-8.100210
248.454400,-8.100210
249.790600,-8.100210
251.126800,-8.100210
252.463000,-8.100210
253.799100,-8.100210
255.135300,-8.100210
256.471500,-8.100210
257.807700,-8.100210
259.143900,-8.100210
260.480100,-8.100210
261.816300,-8.100210
263.152500,-8.100210
264.488700,-8.100210
265.824900,-8.100210
267.161000,-8.100210
268.497300,-8.100210
269.833400,-8.100210
271.169600,-8.100210
272.505800,-8.100210
273.842000,-8.100210
275.178200,-8.100210
276.514400,-8.100210
277.850600,-8.100210
279.186800,-8.100210
280.522900,-8.100210
281.859100,-8.100210
283.195300,-8.100210
284.531500,-8.100210
285.867700,-8.100210
287.203900,-8.100210
288.540100,-8.100210
289.876300,-8.100210
291.212500,-8.100210
292.548700,-8.100210
293.884900,-8.100210
295.221000,-8.100210
296.557200,-8.100210
297.893400,-8.100210
299.229600,-8.100210
300.565800,-8.100210
301.902000,-8.100210
303.238200,-8.100210
304.574400,-8.100210
305.910600,-8.100210
307.246800,-8.100210
308.582900,-8.100210
309.919100,-8.100210
311.255300,-8.100210
312.591500,-8.100210
313.927700,-8.100210
0.591150,-6.943035
1.927340,-6.943035
3.263530,-6.943035
4.599720,-6.943035
5.935910,-6.943035
7.272100,-6.943035
8.608290,-6.943035
9.944480,-6.943035
11.280670,-6.943035
12.616860,-6.943035
13.953050,-6.943035
15.289240,-6.943035
16.625430,-6.943035
17.961620,-6.943035
19.297810,-6.943035
20.634000,-6.943035
21.970190,-6.943035
23.306380,-6.943035
24.642570,-6.943035
25.978760,-6.943035
27.314950,-6.943035
28.651140,-6.943035
29.987330,-6.943035
31.323520,-6.943035
32.659710,-6.943035
33.995900,-6.943035
35.332090,-6.943035
36.668280,-6.943035
38.004470,-6.943035
39.340660,-6.943035
40.676850,-6.943035
42.013040,-6.943035
43.349230,-6.943035
44.685420,-6.943035
46.021610,-6.943035
47.357800,-6.943035
48.693990,-6.943035
50.030180,-6.943035
51.366370,-6.943035
52.702560,-6.943035
54.038750,-6.943035
55.374940,-6.943035
56.711130,-6.943035
58.047320,-6.943035
59.383510,-6.943035
60.719700,-6.943035
62.055890,-6.943035
63.392080,-6.943035
64.728270,-6.943035
66.064460,-6.943035
67.400650,-6.943035
68.736840,-6.943035
70.073030,-6.943035
71.409220,-6.943035
72.745410,-6.943035
74.081600,-6.943035
75.417790,-6.943035
76.753980,-6.943035
78.090170,-6.943035
79.426360,-6.943035
80.762550,-6.943035
82.098740,-6.943035
83.434930,-6.943035
84.771120,-6.943035
86.107310,-6.943035
87.443500,-6.943035
88.779690,-6.943035
90.115880,-6.943035
91.452070,-6.943035
92.788260,-6.943035
94.124450,-6.943035
95.460640,-6.943035
96.796830,-6.943035
98.133020,-6.943035
99.469210,-6.943035
100.805400,-6.943035
102.141600,-6.943035
103.477800,-6.943035
104.814000,-6.943035
106.150200,-6.943035
107.486400,-6.943035
108.822500,-6.943035
110.158700,-6.943035
111.494900,-6.943035
112.831100,-6.943035
114.167300,-6.943035
115.503500,-6.943035
116.839700,-6.943035
118.175900,-6.943035
119.512100,-6.943035
120.848300,-6.943035
122.184400,-6.943035
123.520600,-6.943035
124.856800,-6.943035
126.193000,-6.943035
127.529200,-6.943035
128.865400,-6.943035
130.201600,-6.943035
131.537800,-6.943035
132.874000,-6.943035
134.210100,-6.943035
135.546300,-6.943035
136.882500,-6.943035
138.218700,-6.943035
139.554900,-6.943035
140.891100,-6.943035
142.227300,-6.943035
143.563500,-6.943035
144.899700,-6.943035
146.235900,-6.943035
147.572100,-6.943035
148.908200,-6.943035
150.244400,-6.943035
151.580600,-6.943035
152.916800,-6.943035
154.253000,-6.943035
155.589200,-6.943035
156.925400,-6.943035
158.261600,-6.943035
159.597800,-6.943035
160.933900,-6.943035
162.270100,-6.943035
163.606300,-6.943035
164.942500,-6.943035
166.278700,-6.943035
167.614900,-6.943035
168.951100,-6.943035
170.287300,-6.943035
171.623500,-6.943035
172.959700,-6.943035
174.295900,-6.943035
175.632000,-6.943035
176.968200,-6.943035
178.304400,-6.943035
179.640600,-6.943035
180.976800,-6.943035
182.313000,-6.943035
183.649200,-6.943035
184.985400,-6.943035
186.321600,-6.943035
187.657700,-6.943035
188.993900,-6.943035
190.330100,-6.943035
191.666300,-6.943035
193.002500,-6.943035
194.338700,-6.943035
195.674900,-6.943035
197.011100,-6.943035
198.347300,-6.943035
199.683500,-6.943035
201.019700,-6.943035
202.355800,-6.943035
203.692000,-6.943035
205.028200,-6.943035
206.364400,-6.943035
207.700600,-6.943035
209.036800,-6.943035
210.373000,-6.943035
211.709200,-6.943035
213.045400,-6.943035
214.381500,-6.943035
215.717700,-6.943035
217.053900,-6.943035
218.390100,-6.943035
219.726300,-6.943035
221.062500,-6.943035
222.398700,-6.943035
223.734900,-6.943035
225.071100,-6.943035
226.407300,-6.943035
227.743500,-6.943035
229.079600,-6.943035
230.415800,-6.943035
231.752000,-6.943035
233.088200,-6.943035
234.424400,-6.943035
235.760600,-6.943035
237.096800,-6.943035
238.433000,-6.943035
239.769200,-6.943035
241.105300,-6.943035
242.441500,-6.943035
243.777700,-6.943035
245.113900,-6.943035
246.450100,-6.943035
247.786300,-6.943035
249.122500,-6.943035
250.458700,-6.943035
251.794900,-6.943035
253.131100,-6.943035
254.467300,-6.943035
255.803400,-6.943035
257.139600,-6.943035
258.475800,-6.943035
259.812000,-6.943035
261.148200,-6.943035
262.484400,-6.943035
263.820600,-6.943035
265.156800,-6.943035
266.493000,-6.943035
267.829100,-6.943035
269.165300,-6.943035
270.501500,-6.943035
271.837700,-6.943035
273.173900,-6.943035
274.510100,-6.943035
275.846300,-6.943035
277.182500,-6.943035
278.518700,-6.943035
279.854900,-6.943035
281.191000,-6.943035
282.527200,-6.943035
283.863400,-6.943035
285.199600,-6.943035
286.535800,-6.943035
287.872000,-6.943035
289.208200,-6.943035
290.544400,-6.943035
291.880600,-6.943035
293.216800,-6.943035
294.552900,-6.943035
295.889100,-6.943035
297.225300,-6.943035
298.561500,-6.943035
299.897700,-6.943035
301.233900,-6.943035
302.570100,-6.943035
303.906300,-6.943035
305.242500,-6.943035
306.578600,-6.943035
307.914900,-6.943035
309.251000,-6.943035
310.587200,-6.943035
311.923400,-6.943035
313.259600,-6.943035
1.259245,-5.785861
2.595435,-5.785861
3.931625,-5.785861
5.267815,-5.785861
6.604005,-5.785861
7.940195,-5.785861
9.276385,-5.785861
10.612570,-5.785861
11.948760,-5.785861
13.284960,-5.785861
14.621150,-5.785861
15.957330,-5.785861
17.293530,-5.785861
18.629710,-5.785861
19.965900,-5.785861
21.302100,-5.785861
22.638280,-5.785861
23.974470,-5.785861
25.310670,-5.785861
26.646850,-5.785861
27.983050,-5.785861
29.319230,-5.785861
30.655420,-5.785861
31.991620,-5.785861
33.327800,-5.785861
34.663990,-5.785861
36.000180,-5.785861
37.336380,-5.785861
38.672570,-5.785861
40.008750,-5.785861
41.344940,-5.785861
42.681130,-5.785861
44.017330,-5.785861
45.353520,-5.785861
46.689700,-5.785861
48.025890,-5.785861
49.362080,-5.785861
50.698270,-5.785861
52.034470,-5.785861
53.370660,-5.785861
54.706840,-5.785861
56.043030,-5.785861
57.379220,-5.785861
58.715420,-5.785861
60.051610,-5.785861
61.387790,-5.785861
62.723980,-5.785861
64.060170,-5.785861
65.396360,-5.785861
66.732550,-5.785861
68.068740,-5.785861
69.404940,-5.785861
70.741130,-5.785861
72.077320,-5.785861
73.413510,-5.785861
74.749690,-5.785861
76.085880,-5.785861
77.422070,-5.785861
78.758260,-5.785861
80.094450,-5.785861
81.430640,-5.785861
82.766830,-5.785861
84.103030,-5.785861
85.439220,-5.785861
86.775410,-5.785861
88.111600,-5.785861
89.447780,-5.785861
90.783970,-5.785861
92.120160,-5.785861
93.456350,-5.785861
94.792540,-5.785861
96.128730,-5.785861
97.464930,-5.785861
98.801120,-5.785861
100.137300,-5.785861
101.473500,-5.785861
102.809700,-5.785861
104.145900,-5.785861
105.482100,-5.785861
106.818300,-5.785861
108.154400,-5.785861
109.490600,-5.785861
110.826800,-5.785861
112.163000,-5.785861
113.499200,-5.785861
114.835400,-5.785861
116.171600,-5.785861
117.507800,-5.785861
118.844000,-5.785861
120.180200,-5.785861
121.516300,-5.785861
122.852500,-5.785861
124.188700,-5.785861
125.524900,-5.785861
126.861100,-5.785861
128.197300,-5.785861
129.533500,-5.785861
130.869700,-5.785861
132.205900,-5.785861
133.542100,-5.785861
134.878300,-5.785861
136.214400,-5.785861
137.550600,-5.785861
138.886800,-5.785861
140.223000,-5.785861
141.559200,-5.785861
142.895400,-5.785861
144.231600,-5.785861
145.567800,-5.785861
146.903900,-5.785861
148.240100,-5.785861
149.576300,-5.785861
150.912500,-5.785861
152.248700,-5.785861
153.584900,-5.785861
154.921100,-5.785861
156.257300,-5.785861
157.593500,-5.785861
158.929700,-5.785861
160.265900,-5.785861
161.602100,-5.785861
162.938200,-5.785861
164.274400,-5.785861
165.610600,-5.785861
166.946800,-5.785861
168.283000,-5.785861
169.619200,-5.785861
170.955400,-5.785861
172.291600,-5.785861
173.627700,-5.785861
174.963900,-5.785861
176.300100,-5.785861
177.636300,-5.785861
178.972500,-5.785861
180.308700,-5.785861
181.644900,-5.785861
182.981100,-5.785861
184.317300,-5.785861
185.653500,-5.785861
186.989700,-5.785861
188.325800,-5.785861
189.662000,-5.785861
190.998200,-5.785861
192.334400,-5.785861
193.670600,-5.785861
195.006800,-5.785861
196.343000,-5.785861
197.679200,-5.785861
199.015400,-5.785861
200.351500,-5.785861
201.687700,-5.785861
203.023900,-5.785861
204.360100,-5.785861
205.696300,-5.785861
207.032500,-5.785861
208.368700,-5.785861
209.704900,-5.785861
211.041100,-5.785861
212.377300,-5.785861
213.713500,-5.785861
215.049600,-5.785861
216.385800,-5.785861
217.722000,-5.785861
219.058200,-5.785861
220.394400,-5.785861
221.730600,-5.785861
223.066800,-5.785861
224.403000,-5.785861
225.739200,-5.785861
227.075300,-5.785861
228.411500,-5.785861
229.747700,-5.785861
231.083900,-5.785861
232.420100,-5.785861
233.756300,-5.785861
235.092500,-5.785861
236.428700,-5.785861
237.764900,-5.785861
239.101100,-5.785861
240.437300,-5.785861
241.773400,-5.785861
243.109600,-5.785861
244.445800,-5.785861
245.782000,-5.785861
247.118200,-5.785861
248.454400,-5.785861
249.790600,-5.785861
251.126800,-5.785861
252.463000,-5.785861
253.799100,-5.785861
255.135300,-5.785861
256.471500,-5.785861
257.807700,-5.785861
259.143900,-5.785861
260.480100,-5.785861
261.816300,-5.785861
263.152500,-5.785861
264.488700,-5.785861
265.824900,-5.785861
267.161000,-5.785861
268.497300,-5.785861
269.833400,-5.785861
271.169600,-5.785861
272.505800,-5.785861
273.842000,-5.785861
275.178200,-5.785861
276.514400,-5.785861
277.850600,-5.785861
279.186800,-5.785861
280.522900,-5.785861
281.859100,-5.785861
283.195300,-5.785861
284.531500,-5.785861
285.867700,-5.785861
287.203900,-5.785861
288.540100,-5.785861
289.876300,-5.785861
291.212500,-5.785861
292.548700,-5.785861
293.884900,-5.785861
295.221000,-5.785861
296.557200,-5.785861
297.893400,-5.785861
299.229600,-5.785861
300.565800,-5.785861
301.902000,-5.785861
303.238200,-5.785861
304.574400,-5.785861
305.910600,-5.785861
307.246800,-5.785861
308.582900,-5.785861
309.919100,-5.785861
311.255300,-5.785861
312.591500,-5.785861
313.927700,-5.785861
0.591150,-4.628686
1.927340,-4.628686
3.263530,-4.628686
4.599720,-4.628686
5.935910,-4.628686
7.272100,-4.628686
8.608290,-4.628686
9.944480,-4.628686
11.280670,-4.628686
12.616860,-4.628686
13.953050,-4.628686
15.289240,-4.628686
16.625430,-4.628686
17.961620,-4.628686
19.297810,-4.628686
20.634000,-4.628686
21.970190,-4.628686
23.306380,-4.628686
24.642570,-4.628686
25.978760,-4.628686
27.314950,-4.628686
28.651140,-4.628686
29.987330,-4.628686
31.323520,-4.628686
32.659710,-4.628686
33.995900,-4.628686
35.332090,-4.628686
36.668280,-4.628686
38.004470,-4.628686
39.340660,-4.628686
40.676850,-4.628686
42.013040,-4.628686
43.349230,-4.628686
44.685420,-4.628686
46.021610,-4.628686
47.357800,-4.628686
48.693990,-4.628686
50.030180,-4.628686
51.366370,-4.628686
52.702560,-4.628686
54.038750,-4.628686
55.374940,-4.628686
56.711130,-4.628686
58.047320,-4.628686
59.383510,-4.628686
60.719700,-4.628686
62.055890,-4.628686
63.392080,-4.628686
64.728270,-4.628686
66.064460,-4.628686
67.400650,-4.628686
68.736840,-4.628686
70.073030,-4.628686
71.409220,-4.628686
72.745410,-4.628686
74.081600,-4.628686
75.417790,-4.628686
76.753980,-4.628686
78.090170,-4.628686
79.426360,-4.628686
80.762550,-4.628686
82.098740,-4.628686
83.434930,-4.628686
84.771120,-4.628686
86.107310,-4.628686
87.443500,-4.628686
88.779690,-4.628686
90.115880,-4.628686
91.452070,-4.628686
92.788260,-4.628686
94.124450,-4.628686
95.460640,-4.628686
96.796830,-4.628686
98.133020,-4.628686
99.469210,-4.628686
100.805400,-4.628686
102.141600,-4.628686
103.477800,-4.628686
104.814000,-4.628686
106.150200,-4.628686
107.486400,-4.628686
108.822500,-4.628686
110.158700,-4.628686
111.494900,-4.628686
112.831100,-4.628686
114.167300,-4.628686
115.503500,-4.628686
116.839700,-4.628686
118.175900,-4.628686
119.512100,-4.628686
120.848300,-4.628686
122.184400,-4.628686
123.520600,-4.628686
124.856800,-4.628686
126.193000,-4.628686
127.529200,-4.628686
128.865400,-4.628686
130.201600,-4.628686
131.537800,-4.628686
132.874000,-4.628686
134.210100,-4.628686
135.546300,-4.628686
136.882500,-4.628686
138.218700,-4.628686
139.554900,-4.628686
140.891100,-4.628686
142.227300,-4.628686
143.563500,-4.628686
144.899700,-4.628686
146.235900,-4.628686
147.572100,-4.628686
148.908200,-4.628686
150.244400,-4.628686
151.580600,-4.628686
152.916800,-4.628686
154.253000,-4.628686
155.589200,-4.628686
156.925400,-4.628686
158.261600,-4.628686
159.597800,-4.628686
160.933900,-4.628686
162.270100,-4.628686
163.606300,-4.628686
164.942500,-4.628686
166.278700,-4.628686
167.614900,-4.628686
168.951100,-4.628686
170.287300,-4.628686
171.623500,-4.628686
172.959700,-4.628686
174.295900,-4.628686
175.632000,-4.628686
176.968200,-4.628686
178.304400,-4.628686
179.640600,-4.628686
180.976800,-4.628686
182.313000,-4.628686
183.649200,-4.628686
184.985400,-4.628686
186.321600,-4.628686
187.657700,-4.628686
188.993900,-4.628686
190.330100,-4.628686
191.666300,-4.628686
193.002500,-4.628686
194.338700,-4.628686
195.674900,-4.628686
197.011100,-4.628686
198.347300,-4.628686
199.683500,-4.628686
201.019700,-4.628686
202.355800,-4.628686
203.692000,-4.628686
205.028200,-4.628686
206.364400,-4.628686
207.700600,-4.628686
209.036800,-4.628686
210.373000,-4.628686
211.709200,-4.628686
213.045400,-4.628686
214.381500,-4.628686
215.717700,-4.628686
217.053900,-4.628686
218.390100,-4.628686
219.726300,-4.628686
221.062500,-4.628686
222.398700,-4.628686
223.734900,-4.628686
225.071100,-4.628686
226.407300,-4.628686
227.743500,-4.628686
229.079600,-4.628686
230.415800,-4.628686
231.752000,-4.628686
233.088200,-4.628686
234.424400,-4.628686
235.760600,-4.628686
237.096800,-4.628686
238.433000,-4.628686
239.769200,-4.628686
241.105300,-4.628686
242.441500,-4.628686
243.777700,-4.628686
245.113900,-4.628686
246.450100,-4.628686
247.786300,-4.628686
249.122500,-4.628686
250.458700,-4.628686
251.794900,-4.628686
253.131100,-4.628686
254.467300,-4.628686
255.803400,-4.628686
257.139600,-4.628686
258.475800,-4.628686
259.812000,-4.628686
261.148200,-4.628686
262.484400,-4.628686
263.820600,-4.628686
265.156800,-4.628686
266.493000,-4.628686
267.829100,-4.628686
269.165300,-4.628686
270.501500,-4.628686
271.837700,-4.628686
273.173900,-4.628686
274.510100,-4.628686
275.846300,-4.628686
277.182500,-4.628686
278.518700,-4.628686
279.854900,-4.628686
281.191000,-4.628686
282.527200,-4.628686
283.863400,-4.628686
285.199600,-4.628686
286.535800,-4.628686
287.872000,-4.628686
289.208200,-4.628686
290.544400,-4.628686
291.880600,-4.628686
293.216800,-4.628686
294.552900,-4.628686
295.889100,-4.628686
297.225300,-4.628686
298.561500,-4.628686
299.897700,-4.628686
301.233900,-4.628686
302.570100,-4.628686
303.906300,-4.628686
305.242500,-4.628686
306.578600,-4.628686
307.914900,-4.628686
309.251000,-4.628686
310.587200,-4.628686
311.923400,-4.628686
313.259600,-4.628686
1.259245,-3.471512
2.595435,-3.471512
3.931625,-3.471512
5.267815,-3.471512
6.604005,-3.471512
7.940195,-3.471512
9.276385,-3.471512
10.612570,-3.471512
11.948760,-3.471512
13.284960,-3.471512
14.621150,-3.471512
15.957330,-3.471512
17.293530,-3.471512
18.629710,-3.471512
19.965900,-3.471512
21.302100,-3.471512
22.638280,-3.471512
23.974470,-3.471512
25.310670,-3.471512
26.646850,-3.471512
27.983050,-3.471512
29.319230,-3.471512
30.655420,-3.471512
31.991620,-3.471512
33.327800,-3.471512
34.663990,-3.471512
36.000180,-3.471512
37.336380,-3.471512
38.672570,-3.471512
40.008750,-3.471512
41.344940,-3.471512
42.681130,-3.471512
44.017330,-3.471512
45.353520,-3.471512
46.689700,-3.471512
48.025890,-3.471512
49.362080,-3.471512
50.698270,-3.471512
52.034470,-3.471512
53.370660,-3.471512
54.706840,-3.471512
56.043030,-3.471512
57.379220,-3.471512
58.715420,-3.471512
60.051610,-3.471512
61.387790,-3.471512
62.723980,-3.471512
64.060170,-3.471512
65.396360,-3.471512
66.732550,-3.471512
68.068740,-3.471512
69.404940,-3.471512
70.741130,-3.471512
72.077320,-3.471512
73.413510,-3.471512
74.749690,-3.471512
76.085880,-3.471512
77.422070,-3.471512
78.758260,-3.471512
80.094450,-3.471512
81.430640,-3.471512
82.766830,-3.471512
84.103030,-3.471512
85.439220,-3.471512
86.775410,-3.471512
88.111600,-3.471512
89.447780,-3.471512
90.783970,-3.471512
92.120160,-3.471512
93.456350,-3.471512
94.792540,-3.471512
96.128730,-3.471512
97.464930,-3.471512
98.801120,-3.471512
100.137300,-3.471512
101.473500,-3.471512
102.809700,-3.471512
104.145900,-3.471512
105.482100,-3.471512
106.818300,-3.471512
108.154400,-3.471512
109.490600,-3.471512
110.826800,-3.471512
112.163000,-3.471512
113.499200,-3.471512
114.835400,-3.471512
116.171600,-3.471512
117.507800,-3.471512
118.844000,-3.471512
120.180200,-3.471512
121.516300,-3.471512
122.852500,-3.471512
124.188700,-3.471512
125.524900,-3.471512
126.861100,-3.471512
128.197300,-3.471512
129.533500,-3.471512
130.869700,-3.471512
132.205900,-3.471512
133.542100,-3.471512
134.878300,-3.471512
136.214400,-3.471512
137.550600,-3.471512
138.886800,-3.471512
140.223000,-3.471512
141.559200,-3.471512
142.895400,-3.471512
144.231600,-3.471512
145.567800,-3.471512
146.903900,-3.471512
148.240100,-3.471512
149.576300,-3.471512
150.912500,-3.471512
152.248700,-3.471512
153.584900,-3.471512
154.921100,-3.471512
156.257300,-3.471512
157.593500,-3.471512
158.929700,-3.471512
160.265900,-3.471512
161.602100,-3.471512
162.938200,-3.471512
164.274400,-3.471512
165.610600,-3.471512
166.946800,-3.471512
168.283000,-3.471512
169.619200,-3.471512
170.955400,-3.471512
172.291600,-3.471512
173.627700,-3.471512
174.963900,-3.471512
176.300100,-3.471512
177.636300,-3.471512
178.972500,-3.471512
180.308700,-3.471512
181.644900,-3.471512
182.981100,-3.471512
184.317300,-3.471512
185.653500,-3.471512
186.989700,-3.471512
188.325800,-3.471512
189.662000,-3.471512
190.998200,-3.471512
192.334400,-3.471512
193.670600,-3.471512
195.006800,-3.471512
196.343000,-3.471512
197.679200,-3.471512
199.015400,-3.471512
200.351500,-3.471512
201.687700,-3.471512
203.023900,-3.471512
204.360100,-3.471512
205.696300,-3.471512
207.032500,-3.471512
208.368700,-3.471512
209.704900,-3.471512
211.041100,-3.471512
212.377300,-3.471512
213.713500,-3.471512
215.049600,-3.471512
216.385800,-3.471512
217.722000,-3.471512
219.058200,-3.471512
220.394400,-3.471512
221.730600,-3.471512
223.066800,-3.471512
224.403000,-3.471512
225.739200,-3.471512
227.075300,-3.471512
228.411500,-3.471512
229.747700,-3.471512
231.083900,-3.471512
232.420100,-3.471512
233.756300,-3.471512
235.092500,-3.471512
236.428700,-3.471512
237.764900,-3.471512
239.101100,-3.471512
240.437300,-3.471512
241.773400,-3.471512
243.109600,-3.471512
244.445800,-3.471512
245.782000,-3.471512
247.118200,-3.471512
248.454400,-3.471512
249.790600,-3.471512
251.126800,-3.471512
252.463000,-3.471512
253.799100,-3.471512
255.135300,-3.471512
256.471500,-3.471512
257.807700,-3.471512
259.143900,-3.471512
260.480100,-3.471512
261.816300,-3.471512
263.152500,-3.471512
264.488700,-3.471512
265.824900,-3.471512
267.161000,-3.471512
268.497300,-3.471512
269.833400,-3.471512
271.169600,-3.471512
272.505800,-3.471512
273.842000,-3.471512
275.178200,-3.471512
276.514400,-3.471512
277.850600,-3.471512
279.186800,-3.471512
280.522900,-3.471512
281.859100,-3.471512
283.195300,-3.471512
284.531500,-3.471512
285.867700,-3.471512
287.203900,-3.471512
288.540100,-3.471512
289.876300,-3.471512
291.212500,-3.471512
292.548700,-3.471512
293.884900,-3.471512
295.221000,-3.471512
296.557200,-3.471512
297.893400,-3.471512
299.229600,-3.471512
300.565800,-3.471512
301.902000,-3.471512
303.238200,-3.471512
304.574400,-3.471512
305.910600,-3.471512
307.246800,-3.471512
308.582900,-3.471512
309.919100,-3.471512
311.255300,-3.471512
312.591500,-3.471512
313.927700,-3.471512
0.591150,-2.314337
1.927340,-2.314337
3.263530,-2.314337
4.599720,-2.314337
5.935910,-2.314337
7.272100,-2.314337
8.608290,-2.314337
9.944480,-2.314337
11.280670,-2.314337
12.616860,-2.314337
13.953050,-2.314337
15.289240,-2.314337
16.625430,-2.314337
17.961620,-2.314337
19.297810,-2.314337
20.634000,-2.314337
21.970190,-2.314337
23.306380,-2.314337
24.642570,-2.314337
25.978760,-2.314337
27.314950,-2.314337
28.651140,-2.314337
29.987330,-2.314337
31.323520,-2.314337
32.659710,-2.314337
33.995900,-2.314337
35.332090,-2.314337
36.668280,-2.314337
38.004470,-2.314337
39.340660,-2.314337
40.676850,-2.314337
42.013040,-2.314337
43.349230,-2.314337
44.685420,-2.314337
46.021610,-2.314337
47.357800,-2.314337
48.693990,-2.314337
50.030180,-2.314337
51.366370,-2.314337
52.702560,-2.314337
54.038750,-2.314337
55.374940,-2.314337
56.711130,-2.314337
58.047320,-2.314337
59.383510,-2.314337
60.719700,-2.314337
62.055890,-2.314337
63.392080,-2.314337
64.728270,-2.314337
66.064460,-2.314337
67.400650,-2.314337
68.736840,-2.314337
70.073030,-2.314337
71.409220,-2.314337
72.745410,-2.314337
74.081600,-2.314337
75.417790,-2.314337
76.753980,-2.314337
78.090170,-2.314337
79.426360,-2.314337
80.762550,-2.314337
82.098740,-2.314337
83.434930,-2.314337
84.771120,-2.314337
86.107310,-2.314337
87.443500,-2.314337
88.779690,-2.314337
90.115880,-2.314337
91.452070,-2.314337
92.788260,-2.314337
94.124450,-2.314337
95.460640,-2.314337
96.796830,-2.314337
98.133020,-2.314337
99.469210,-2.314337
100.805400,-2.314337
102.141600,-2.314337
103.477800,-2.314337
104.814000,-2.314337
106.150200,-2.314337
107.486400,-2.314337
108.822500,-2.314337
110.158700,-2.314337
111.494900,-2.314337
112.831100,-2.314337
114.167300,-2.314337
115.503500,-2.314337
116.839700,-2.314337
118.175900,-2.314337
119.512100,-2.314337
120.848300,-2.314337
122.184400,-2.314337
123.520600,-2.314337
124.856800,-2.314337
126.193000,-2.314337
127.529200,-2.314337
128.865400,-2.314337
130.201600,-2.314337
131.537800,-2.314337
132.874000,-2.314337
134.210100,-2.314337
135.546300,-2.314337
136.882500,-2.314337
138.218700,-2.314337
139.554900,-2.314337
140.891100,-2.314337
142.227300,-2.314337
143.563500,-2.314337
144.899700,-2.314337
146.235900,-2.314337
147.572100,-2.314337
148.908200,-2.314337
150.244400,-2.314337
151.580600,-2.314337
152.916800,-2.314337
154.253000,-2.314337
155.589200,-2.314337
156.925400,-2.314337
158.261600,-2.314337
159.597800,-2.314337
160.933900,-2.314337
162.270100,-2.314337
163.606300,-2.314337
164.942500,-2.314337
166.278700,-2.314337
167.614900,-2.314337
168.951100,-2.314337
170.287300,-2.314337
171.623500,-2.314337
172.959700,-2.314337
174.295900,-2.314337
175.632000,-2.314337
176.968200,-2.314337
178.304400,-2.314337
179.640600,-2.314337
180.976800,-2.314337
182.313000,-2.314337
183.649200,-2.314337
184.985400,-2.314337
186.321600,-2.314337
187.657700,-2.314337
188.993900,-2.314337
190.330100,-2.314337
191.666300,-2.314337
193.002500,-2.314337
194.338700,-2.314337
195.674900,-2.314337
197.011100,-2.314337
198.347300,-2.314337
199.683500,-2.314337
201.019700,-2.314337
202.355800,-2.314337
203.692000,-2.314337
205.028200,-2.314337
206.364400,-2.314337
207.700600,-2.314337
209.036800,-2.314337
210.373000,-2.314337
211.709200,-2.314337
213.045400,-2.314337
214.381500,-2.314337
215.717700,-2.314337
217.053900,-2.314337
218.390100,-2.314337
219.726300,-2.314337
221.062500,-2.314337
222.398700,-2.314337
223.734900,-2.314337
225.071100,-2.314337
226.407300,-2.314337
227.743500,-2.314337
229.079600,-2.314337
230.415800,-2.314337
231.752000,-2.314337
233.088200,-2.314337
234.424400,-2.314337
235.760600,-2.314337
237.096800,-2.314337
238.433000,-2.314337
239.769200,-2.314337
241.105300,-2.314337
242.441500,-2.314337
243.777700,-2.314337
245.113900,-2.314337
246.450100,-2.314337
247.786300,-2.314337
249.122500,-2.314337
250.458700,-2.314337
251.794900,-2.314337
253.131100,-2.314337
254.467300,-2.314337
255.803400,-2.314337
257.139600,-2.314337
258.475800,-2.314337
259.812000,-2.314337
261.148200,-2.314337
262.484400,-2.314337
263.820600,-2.314337
265.156800,-2.314337
266.493000,-2.314337
267.829100,-2.314337
269.165300,-2.314337
270.501500,-2.314337
271.837700,-2.314337
273.173900,-2.314337
274.510100,-2.314337
275.846300,-2.314337
277.182500,-2.314337
278.518700,-2.314337
279.854900,-2.314337
281.191000,-2.314337
282.527200,-2.314337
283.863400,-2.314337
285.199600,-2.314337
286.535800,-2.314337
287.872000,-2.314337
289.208200,-2.314337
290.544400,-2.314337
291.880600,-2.314337
293.216800,-2.314337
294.552900,-2.314337
295.889100,-2.314337
297.225300,-2.314337
298.561500,-2.314337
299.897700,-2.314337
301.233900,-2.314337
302.570100,-2.314337
303.906300,-2.314337
305.242500,-2.314337
306.578600,-2.314337
307.914900,-2.314337
309.251000,-2.314337
310.587200,-2.314337
311.923400,-2.314337
313.259600,-2.314337
1.259245,-1.157163
2.595435,-1.157163
3.931625,-1.157163
5.267815,-1.157163
6.604005,-1.157163
7.940195,-1.157163
9.276385,-1.157163
10.612570,-1.157163
11.948760,-1.157163
13.284960,-1.157163
14.621150,-1.157163
15.957330,-1.157163
17.293530,-1.157163
18.629710,-1.157163
19.965900,-1.157163
21.302100,-1.157163
22.638280,-1.157163
23.974470,-1.157163
25.310670,-1.157163
26.646850,-1.157163
27.983050,-1.157163
29.319230,-1.157163
30.655420,-1.157163
31.991620,-1.157163
33.327800,-1.157163
34.663990,-1.157163
36.000180,-1.157163
37.336380,-1.157163
38.672570,-1.157163
40.008750,-1.157163
41.344940,-1.157163
42.681130,-1.157163
44.017330,-1.157163
45.353520,-1.157163
46.689700,-1.157163
48.025890,-1.157163
49.362080,-1.157163
50.698270,-1.157163
52.034470,-1.157163
53.370660,-1.157163
54.706840,-1.157163
56.043030,-1.157163
57.379220,-1.157163
58.715420,-1.157163
60.051610,-1.157163
61.387790,-1.157163
62.723980,-1.157163
64.060170,-1.157163
65.396360,-1.157163
66.732550,-1.157163
68.068740,-1.157163
69.404940,-1.157163
70.741130,-1.157163
72.077320,-1.157163
73.413510,-1.157163
74.749690,-1.157163
76.085880,-1.157163
77.422070,-1.157163
78.758260,-1.157163
80.094450,-1.157163
81.430640,-1.157163
82.766830,-1.157163
84.103030,-1.157163
85.439220,-1.157163
86.775410,-1.157163
88.111600,-1.157163
89.447780,-1.157163
90.783970,-1.157163
92.120160,-1.157163
93.456350,-1.157163
94.792540,-1.157163
96.128730,-1.157163
97.464930,-1.157163
98.801120,-1.157163
100.137300,-1.157163
101.473500,-1.157163
102.809700,-1.157163
104.145900,-1.157163
105.482100,-1.157163
106.818300,-1.157163
108.154400,-1.157163
109.490600,-1.157163
110.826800,-1.157163
112.163000,-1.157163
113.499200,-1.157163
114.835400,-1.157163
116.171600,-1.157163
117.507800,-1.157163
118.844000,-1.157163
120.180200,-1.157163
121.516300,-1.157163
122.852500,-1.157163
124.188700,-1.157163
125.524900,-1.157163
126.861100,-1.157163
128.197300,-1.157163
129.533500,-1.157163
130.869700,-1.157163
132.205900,-1.157163
133.542100,-1.157163
134.878300,-1.157163
136.214400,-1.157163
137.550600,-1.157163
138.886800,-1.157163
140.223000,-1.157163
141.559200,-1.157163
142.895400,-1.157163
144.231600,-1.157163
145.567800,-1.157163
146.903900,-1.157163
148.240100,-1.157163
149.576300,-1.157163
150.912500,-1.157163
152.248700,-1.157163
153.584900,-1.157163
154.921100,-1.157163
156.257300,-1.157163
157.593500,-1.157163
158.929700,-1.157163
160.265900,-1.157163
161.602100,-1.157163
162.938200,-1.157163
164.274400,-1.157163
165.610600,-1.157163
166.946800,-1.157163
168.283000,-1.157163
169.619200,-1.157163
170.955400,-1.157163
172.291600,-1.157163
173.627700,-1.157163
174.963900,-1.157163
176.300100,-1.157163
177.636300,-1.157163
178.972500,-1.157163
180.308700,-1.157163
181.644900,-1.157163
182.981100,-1.157163
184.317300,-1.157163
185.653500,-1.157163
186.989700,-1.157163
188.325800,-1.157163
189.662000,-1.157163
190.998200,-1.157163
192.334400,-1.157163
193.670600,-1.157163
195.006800,-1.157163
196.343000,-1.157163
197.679200,-1.157163
199.015400,-1.157163
200.351500,-1.157163
201.687700,-1.157163
203.023900,-1.157163
204.360100,-1.157163
205.696300,-1.157163
207.032500,-1.157163
208.368700,-1.157163
209.704900,-1.157163
211.041100,-1.157163
212.377300,-1.157163
213.713500,-1.157163
215.049600,-1.157163
216.385800,-1.157163
217.722000,-1.157163
219.058200,-1.157163
220.394400,-1.157163
221.730600,-1.157163
223.066800,-1.157163
224.403000,-1.157163
225.739200,-1.157163
227.075300,-1.157163
228.411500,-1.157163
229.747700,-1.157163
231.083900,-1.157163
232.420100,-1.157163
233.756300,-1.157163
235.092500,-1.157163
236.428700,-1.157163
237.764900,-1.157163
239.101100,-1.157163
240.437300,-1.157163
241.773400,-1.157163
243.109600,-1.157163
244.445800,-1.157163
245.782000,-1.157163
247.118200,-1.157163
248.454400,-1.157163
249.790600,-1.157163
251.126800,-1.157163
252.463000,-1.157163
253.799100,-1.157163
255.135300,-1.157163
256.471500,-1.157163
257.807700,-1.157163
259.143900,-1.157163
260.480100,-1.157163
261.816300,-1.157163
263.152500,-1.157163
264.488700,-1.157163
265.824900,-1.157163
267.161000,-1.157163
268.497300,-1.157163
269.833400,-1.157163
271.169600,-1.157163
272.505800,-1.157163
273.842000,-1.157163
275.178200,-1.157163
276.514400,-1.157163
277.850600,-1.157163
279.186800,-1.157163
280.522900,-1.157163
281.859100,-1.157163
283.195300,-1.157163
284.531500,-1.157163
285.867700,-1.157163
287.203900,-1.157163
288.540100,-1.157163
289.876300,-1.157163
291.212500,-1.157163
292.548700,-1.157163
293.884900,-1.157163
295.221000,-1.157163
296.557200,-1.157163
297.893400,-1.157163
299.229600,-1.157163
300.565800,-1.157163
301.902000,-1.157163
303.238200,-1.157163
304.574400,-1.157163
305.910600,-1.157163
307.246800,-1.157163
308.582900,-1.157163
309.919100,-1.157163
311.255300,-1.157163
312.591500,-1.157163
313.927700,-1.157163
0.591150,0.000012
1.927340,0.000012
3.263530,0.000012
4.599720,0.000012
5.935910,0.000012
7.272100,0.000012
8.608290,0.000012
9.944480,0.000012
11.280670,0.000012
12.616860,0.000012
13.953050,0.000012
15.289240,0.000012
16.625430,0.000012
17.961620,0.000012
19.297810,0.000012
20.634000,0.000012
21.970190,0.000012
23.306380,0.000012
24.642570,0.000012
25.978760,0.000012
27.314950,0.000012
28.651140,0.000012
29.987330,0.000012
31.323520,0.000012
32.659710,0.000012
33.995900,0.000012
35.332090,0.000012
36.668280,0.000012
38.004470,0.000012
39.340660,0.000012
40.676850,0.000012
42.013040,0.000012
43.349230,0.000012
44.685420,0.000012
46.021610,0.000012
47.357800,0.000012
48.693990,0.000012
50.030180,0.000012
51.366370,0.000012
52.702560,0.000012
54.038750,0.000012
55.374940,0.000012
56.711130,0.000012
58.047320,0.000012
59.383510,0.000012
60.719700,0.000012
62.055890,0.000012
63.392080,0.000012
64.728270,0.000012
66.064460,0.000012
67.400650,0.000012
68.736840,0.000012
70.073030,0.000012
71.409220,0.000012
72.745410,0.000012
74.081600,0.000012
75.417790,0.000012
76.753980,0.000012
78.090170,0.000012
79.426360,0.000012
80.762550,0.000012
82.098740,0.000012
83.434930,0.000012
84.771120,0.000012
86.107310,0.000012
87.443500,0.000012
88.779690,0.000012
90.115880,0.000012
91.452070,0.000012
92.788260,0.000012
94.124450,0.000012
95.460640,0.000012
96.796830,0.000012
98.133020,0.000012
99.469210,0.000012
100.805400,0.000012
102.141600,0.000012
103.477800,0.000012
104.814000,0.000012
106.150200,0.000012
107.486400,0.000012
108.822500,0.000012
110.158700,0.000012
111.494900,0.000012
112.831100,0.000012
114.167300,0.000012
115.503500,0.000012
116.839700,0.000012
118.175900,0.000012
119.512100,0.000012
120.848300,0.000012
122.184400,0.000012
123.520600,0.000012
124.856800,0.000012
126.193000,0.000012
127.529200,0.000012
128.865400,0.000012
130.201600,0.000012
131.537800,0.000012
132.874000,0.000012
134.210100,0.000012
135.546300,0.000012
136.882500,0.000012
138.218700,0.000012
139.554900,0.000012
140.891100,0.000012
142.227300,0.000012
143.563500,0.000012
144.899700,0.000012
146.235900,0.000012
147.572100,0.000012
148.908200,0.000012
150.244400,0.000012
151.580600,0.000012
152.916800,0.000012
154.253000,0.000012
155.589200,0.000012
156.925400,0.000012
158.261600,0.000012
159.597800,0.000012
160.933900,0.000012
162.270100,0.000012
163.606300,0.000012
164.942500,0.000012
166.278700,0.000012
167.614900,0.000012
168.951100,0.000012
170.287300,0.000012
171.623500,0.000012
172.959700,0.000012
174.295900,0.000012
175.632000,0.000012
176.968200,0.000012
178.304400,0.000012
179.640600,0.000012
180.976800,0.000012
182.313000,0.000012
183.649200,0.000012
184.985400,0.000012
186.321600,0.000012
187.657700,0.000012
188.993900,0.000012
190.330100,0.000012
191.666300,0.000012
193.002500,0.000012
194.338700,0.000012
195.674900,0.000012
197.011100,0.000012
198.347300,0.000012
199.683500,0.000012
201.019700,0.000012
202.355800,0.000012
203.692000,0.000012
205.028200,0.000012
206.364400,0.000012
207.700600,0.000012
209.036800,0.000012
210.373000,0.000012
211.709200,0.000012
213.045400,0.000012
214.381500,0.000012
215.717700,0.000012
217.053900,0.000012
218.390100,0.000012
219.726300,0.000012
221.062500,0.000012
222.398700,0.000012
223.734900,0.000012
225.071100,0.000012
226.407300,0.000012
227.743500,0.000012
229.079600,0.000012
230.415800,0.000012
231.752000,0.000012
233.088200,0.000012
234.424400,0.000012
235.760600,0.000012
237.096800,0.000012
238.433000,0.000012
239.769200,0.000012
241.105300,0.000012
242.441500,0.000012
243.777700,0.000012
245.113900,0.000012
246.450100,0.000012
247.786300,0.000012
249.122500,0.000012
250.458700,0.000012
251.794900,0.000012
253.131100,0.000012
254.467300,0.000012
255.803400,0.000012
257.139600,0.000012
258.475800,0.000012
259.812000,0.000012
261.148200,0.000012
262.484400,0.000012
263.820600,0.000012
265.156800,0.000012
266.493000,0.000012
267.829100,0.000012
269.165300,0.000012
270.501500,0.000012
271.837700,0.000012
273.173900,0.000012
274.510100,0.000012
275.846300,0.000012
277.182500,0.000012
278.518700,0.000012
279.854900,0.000012
281.191000,0.000012
282.527200,0.000012
283.863400,0.000012
285.199600,0.000012
286.535800,0.000012
287.872000,0.000012
289.208200,0.000012
290.544400,0.000012
291.880600,0.000012
293.216800,0.000012
294.552900,0.000012
295.889100,0.000012
297.225300,0.000012
298.561500,0.000012
299.897700,0.000012
301.233900,0.000012
302.570100,0.000012
303.906300,0.000012
305.242500,0.000012
306.578600,0.000012
307.914900,0.000012
309.251000,0.000012
310.587200,0.000012
311.923400,0.000012
313.259600,0.000012
1.259245,1.157186
2.595435,1.157186
3.931625,1.157186
5.267815,1.157186
6.604005,1.157186
7.940195,1.157186
9.276385,1.157186
10.612570,1.157186
11.948760,1.157186
13.284960,1.157186
14.621150,1.157186
15.957330,1.157186
17.293530,1.157186
18.629710,1.157186
19.965900,1.157186
21.302100,1.157186
22.638280,1.157186
23.974470,1.157186
25.310670,1.157186
26.646850,1.157186
27.983050,1.157186
29.319230,1.157186
30.655420,1.157186
31.991620,1.157186
33.327800,1.157186
34.663990,1.157186
36.000180,1.157186
37.336380,1.157186
38.672570,1.157186
40.008750,1.157186
41.344940,1.157186
42.681130,1.157186
44.017330,1.157186
45.353520,1.157186
46.689700,1.157186
48.025890,1.157186
49.362080,1.157186
50.698270,1.157186
52.034470,1.157186
53.370660,1.157186
54.706840,1.157186
56.043030,1.157186
57.379220,1.157186
58.715420,1.157186
60.051610,1.157186
61.387790,1.157186
62.723980,1.157186
64.060170,1.157186
65.396360,1.157186
66.732550,1.157186
68.068740,1.157186
69.404940,1.157186
70.741130,1.157186
72.077320,1.157186
73.413510,1.157186
74.749690,1.157186
76.085880,1.157186
77.422070,1.157186
78.758260,1.157186
80.094450,1.157186
81.430640,1.157186
82.766830,1.157186
84.103030,1.157186
85.439220,1.157186
86.775410,1.157186
88.111600,1.157186
89.447780,1.157186
90.783970,1.157186
92.120160,1.157186
93.456350,1.157186
94.792540,1.157186
96.128730,1.157186
97.464930,1.157186
98.801120,1.157186
100.137300,1.157186
101.473500,1.157186
102.809700,1.157186
104.145900,1.157186
105.482100,1.157186
106.818300,1.157186
108.154400,1.157186
109.490600,1.157186
110.826800,1.157186
112.163000,1.157186
113.499200,1.157186
114.835400,1.157186
116.171600,1.157186
117.507800,1.157186
118.844000,1.157186
120.180200,1.157186
121.516300,1.157186
122.852500,1.157186
124.188700,1.157186
125.524900,1.157186
126.861100,1.157186
128.197300,1.157186
129.533500,1.157186
130.869700,1.157186
132.205900,1.157186
133.542100,1.157186
134.878300,1.157186
136.214400,1.157186
137.550600,1.157186
138.886800,1.157186
140.223000,1.157186
141.559200,1.157186
142.895400,1.157186
144.231600,1.157186
145.567800,1.157186
146.903900,1.157186
148.240100,1.157186
149.576300,1.157186
150.912500,1.157186
152.248700,1.157186
153.584900,1.157186
154.921100,1.157186
156.257300,1.157186
157.593500,1.157186
158.929700,1.157186
160.265900,1.157186
161.602100,1.157186
162.938200,1.157186
164.274400,1.157186
165.610600,1.157186
166.946800,1.157186
168.283000,1.157186
169.619200,1.157186
170.955400,1.157186
172.291600,1.157186
173.627700,1.157186
174.963900,1.157186
176.300100,1.157186
177.636300,1.157186
178.972500,1.157186
180.308700,1.157186
181.644900,1.157186
182.981100,1.157186
184.317300,1.157186
185.653500,1.157186
186.989700,1.157186
188.325800,1.157186
189.662000,1.157186
190.998200,1.157186
192.334400,1.157186
193.670600,1.157186
195.006800,1.157186
196.343000,1.157186
197.679200,1.157186
199.015400,1.157186
200.351500,1.157186
201.687700,1.157186
203.023900,1.157186
204.360100,1.157186
205.696300,1.157186
207.032500,1.157186
208.368700,1.157186
209.704900,1.157186
211.041100,1.157186
212.377300,1.157186
213.713500,1.157186
215.049600,1.157186
216.385800,1.157186
217.722000,1.157186
219.058200,1.157186
220.394400,1.157186
221.730600,1.157186
223.066800,1.157186
224.403000,1.157186
225.739200,1.157186
227.075300,1.157186
228.411500,1.157186
229.747700,1.157186
231.083900,1.157186
232.420100,1.157186
233.756300,1.157186
235.092500,1.157186
236.428700,1.157186
237.764900,1.157186
239.101100,1.157186
240.437300,1.157186
241.773400,1.157186
243.109600,1.157186
244.445800,1.157186
245.782000,1.157186
247.118200,1.157186
248.454400,1.157186
249.790600,1.157186
251.126800,1.157186
252.463000,1.157186
253.799100,1.157186
255.135300,1.157186
256.471500,1.157186
257.807700,1.157186
259.143900,1.157186
260.480100,1.157186
261.816300,1.157186
263.152500,1.157186
264.488700,1.157186
265.824900,1.157186
267.161000,1.157186
268.497300,1.157186
269.833400,1.157186
271.169600,1.157186
272.505800,1.157186
273.842000,1.157186
275.178200,1.157186
276.514400,1.157186
277.850600,1.157186
279.186800,1.157186
280.522900,1.157186
281.859100,1.157186
283.195300,1.157186
284.531500,1.157186
285.867700,1.157186
287.203900,1.157186
288.540100,1.157186
289.876300,1.157186
291.212500,1.157186
292.548700,1.157186
293.884900,1.157186
295.221000,1.157186
296.557200,1.157186
297.893400,1.157186
299.229600,1.157186
300.565800,1.157186
301.902000,1.157186
303.238200,1.157186
304.574400,1.157186
305.910600,1.157186
307.246800,1.157186
308.582900,1.157186
309.919100,1.157186
311.255300,1.157186
312.591500,1.157186
313.927700,1.157186
0.591150,2.314361
1.927340,2.314361
3.263530,2.314361
4.599720,2.314361
5.935910,2.314361
7.272100,2.314361
8.608290,2.314361
9.944480,2.314361
11.280670,2.314361
12.616860,2.314361
13.953050,2.314361
15.289240,2.314361
16.625430,2.314361
17.961620,2.314361
19.297810,2.314361
20.634000,2.314361
21.970190,2.314361
23.306380,2.314361
24.642570,2.314361
25.978760,2.314361
27.314950,2.314361
28.651140,2.314361
29.987330,2.314361
31.323520,2.314361
32.659710,2.314361
33.995900,2.314361
35.332090,2.314361
36.668280,2.314361
38.004470,2.314361
39.340660,2.314361
40.676850,2.314361
42.013040,2.314361
43.349230,2.314361
44.685420,2.314361
46.021610,2.314361
47.357800,2.314361
48.693990,2.314361
50.030180,2.314361
51.366370,2.314361
52.702560,2.314361
54.038750,2.314361
55.374940,2.314361
56.711130,2.314361
58.047320,2.314361
59.383510,2.314361
60.719700,2.314361
62.055890,2.314361
63.392080,2.314361
64.728270,2.314361
66.064460,2.314361
67.400650,2.314361
68.736840,2.314361
70.073030,2.314361
71.409220,2.314361
72.745410,2.314361
74.081600,2.314361
75.417790,2.314361
76.753980,2.314361
78.090170,2.314361
79.426360,2.314361
80.762550,2.314361
82.098740,2.314361
83.434930,2.314361
84.771120,2.314361
86.107310,2.314361
87.443500,2.314361
88.779690,2.314361
90.115880,2.314361
91.452070,2.314361
92.788260,2.314361
94.124450,2.314361
95.460640,2.314361
96.796830,2.314361
98.133020,2.314361
99.469210,2.314361
100.805400,2.314361
102.141600,2.314361
103.477800,2.314361
104.814000,2.314361
106.150200,2.314361
107.486400,2.314361
108.822500,2.314361
110.158700,2.314361
111.494900,2.314361
112.831100,2.314361
114.167300,2.314361
115.503500,2.314361
116.839700,2.314361
118.175900,2.314361
119.512100,2.314361
120.848300,2.314361
122.184400,2.314361
123.520600,2.314361
124.856800,2.314361
126.193000,2.314361
127.529200,2.314361
128.865400,2.314361
130.201600,2.314361
131.537800,2.314361
132.874000,2.314361
134.210100,2.314361
135.546300,2.314361
136.882500,2.314361
138.218700,2.314361
139.554900,2.314361
140.891100,2.314361
142.227300,2.314361
143.563500,2.314361
144.899700,2.314361
146.235900,2.314361
147.572100,2.314361
148.908200,2.314361
150.244400,2.314361
151.580600,2.314361
152.916800,2.314361
154.253000,2.314361
155.589200,2.314361
156.925400,2.314361
158.261600,2.314361
159.597800,2.314361
160.933900,2.314361
162.270100,2.314361
163.606300,2.314361
164.942500,2.314361
166.278700,2.314361
167.614900,2.314361
168.951100,2.314361
170.287300,2.314361
171.623500,2.314361
172.959700,2.314361
174.295900,2.314361
175.632000,2.314361
176.968200,2.314361
178.304400,2.314361
179.640600,2.314361
180.976800,2.314361
182.313000,2.314361
183.649200,2.314361
184.985400,2.314361
186.321600,2.314361
187.657700,2.314361
188.993900,2.314361
190.330100,2.314361
191.666300,2.314361
193.002500,2.314361
194.338700,2.314361
195.674900,2.314361
197.011100,2.314361
198.347300,2.314361
199.683500,2.314361
201.019700,2.314361
202.355800,2.314361
203.692000,2.314361
205.028200,2.314361
206.364400,2.314361
207.700600,2.314361
209.036800,2.314361
210.373000,2.314361
211.709200,2.314361
213.045400,2.314361
214.381500,2.314361
215.717700,2.314361
217.053900,2.314361
218.390100,2.314361
219.726300,2.314361
221.062500,2.314361
222.398700,2.314361
223.734900,2.314361
225.071100,2.314361
226.407300,2.314361
227.743500,2.314361
229.079600,2.314361
230.415800,2.314361
231.752000,2.314361
233.088200,2.314361
234.424400,2.314361
235.760600,2.314361
237.096800,2.314361
238.433000,2.314361
239.769200,2.314361
241.105300,2.314361
242.441500,2.314361
243.777700,2.314361
245.113900,2.314361
246.450100,2.314361
247.786300,2.314361
249.122500,2.314361
250.458700,2.314361
251.794900,2.314361
253.131100,2.314361
254.467300,2.314361
255.803400,2.314361
257.139600,2.314361
258.475800,2.314361
259.812000,2.314361
261.148200,2.314361
262.484400,2.314361
263.820600,2.314361
265.156800,2.314361
266.493000,2.314361
267.829100,2.314361
269.165300,2.314361
270.501500,2.314361
271.837700,2.314361
273.173900,2.314361
274.510100,2.314361
275.846300,2.314361
277.182500,2.314361
278.518700,2.314361
279.854900,2.314361
281.191000,2.314361
282.527200,2.314361
283.863400,2.314361
285.199600,2.314361
286.535800,2.314361
287.872000,2.314361
289.208200,2.314361
290.544400,2.314361
291.880600,2.314361
293.216800,2.314361
294.552900,2.314361
295.889100,2.314361
297.225300,2.314361
298.561500,2.314361
299.897700,2.314361
301.233900,2.314361
302.570100,2.314361
303.906300,2.314361
305.242500,2.314361
306.578600,2.314361
307.914900,2.314361
309.251000,2.314361
310.587200,2.314361
311.923400,2.314361
313.259600,2.314361
1.259245,3.471535
2.595435,3.471535
3.931625,3.471535
5.267815,3.471535
6.604005,3.471535
7.940195,3.471535
9.276385,3.471535
10.612570,3.471535
11.948760,3.471535
13.284960,3.471535
14.621150,3.471535
15.957330,3.471535
17.293530,3.471535
18.629710,3.471535
19.965900,3.471535
21.302100,3.471535
22.638280,3.471535
23.974470,3.471535
25.310670,3.471535
26.646850,3.471535
27.983050,3.471535
29.319230,3.471535
30.655420,3.471535
31.991620,3.471535
33.327800,3.471535
34.663990,3.471535
36.000180,3.471535
37.336380,3.471535
38.672570,3.471535
40.008750,3.471535
41.344940,3.471535
42.681130,3.471535
44.017330,3.471535
45.353520,3.471535
46.689700,3.471535
48.025890,3.471535
49.362080,3.471535
50.698270,3.471535
52.034470,3.471535
53.370660,3.471535
54.706840,3.471535
56.043030,3.471535
57.379220,3.471535
58.715420,3.471535
60.051610,3.471535
61.387790,3.471535
62.723980,3.471535
64.060170,3.471535
65.396360,3.471535
66.732550,3.471535
68.068740,3.471535
69.404940,3.471535
70.741130,3.471535
72.077320,3.471535
73.413510,3.471535
74.749690,3.471535
76.085880,3.471535
77.422070,3.471535
78.758260,3.471535
80.094450,3.471535
81.430640,3.471535
82.766830,3.471535
84.103030,3.471535
85.439220,3.471535
86.775410,3.471535
88.111600,3.471535
89.447780,3.471535
90.783970,3.471535
92.120160,3.471535
93.456350,3.471535
94.792540,3.471535
96.128730,3.471535
97.464930,3.471535
98.801120,3.471535
100.137300,3.471535
101.473500,3.471535
102.809700,3.471535
104.145900,3.471535
105.482100,3.471535
106.818300,3.471535
108.154400,3.471535
109.490600,3.471535
110.826800,3.471535
112.163000,3.471535
113.499200,3.471535
114.835400,3.471535
116.171600,3.471535
117.507800,3.471535
118.844000,3.471535
120.180200,3.471535
121.516300,3.471535
122.852500,3.471535
124.188700,3.471535
125.524900,3.471535
126.861100,3.471535
128.197300,3.471535
129.533500,3.471535
130.869700,3.471535
132.205900,3.471535
133.542100,3.471535
134.878300,3.471535
136.214400,3.471535
137.550600,3.471535
138.886800,3.471535
140.223000,3.471535
141.559200,3.471535
142.895400,3.471535
144.231600,3.471535
145.567800,3.471535
146.903900,3.471535
148.240100,3.471535
149.576300,3.471535
150.912500,3.471535
152.248700,3.471535
153.584900,3.471535
154.921100,3.471535
156.257300,3.471535
157.593500,3.471535
158.929700,3.471535
160.265900,3.471535
161.602100,3.471535
162.938200,3.471535
164.274400,3.471535
165.610600,3.471535
166.946800,3.471535
168.283000,3.471535
169.619200,3.471535
170.955400,3.471535
172.291600,3.471535
173.627700,3.471535
174.963900,3.471535
176.300100,3.471535
177.636300,3.471535
178.972500,3.471535
180.308700,3.471535
181.644900,3.471535
182.981100,3.471535
184.317300,3.471535
185.653500,3.471535
186.989700,3.471535
188.325800,3.471535
189.662000,3.471535
190.998200,3.471535
192.334400,3.471535
193.670600,3.471535
195.006800,3.471535
196.343000,3.471535
197.679200,3.471535
199.015400,3.471535
200.351500,3.471535
201.687700,3.471535
203.023900,3.471535
204.360100,3.471535
205.696300,3.471535
207.032500,3.471535
208.368700,3.471535
209.704900,3.471535
211.041100,3.471535
212.377300,3.471535
213.713500,3.471535
215.049600,3.471535
216.385800,3.471535
217.722000,3.471535
219.058200,3.471535
220.394400,3.471535
221.730600,3.471535
223.066800,3.471535
224.403000,3.471535
225.739200,3.471535
227.075300,3.471535
228.411500,3.471535
229.747700,3.471535
231.083900,3.471535
232.420100,3.471535
233.756300,3.471535
235.092500,3.471535
236.428700,3.471535
237.764900,3.471535
239.101100,3.471535
240.437300,3.471535
241.773400,3.471535
243.109600,3.471535
244.445800,3.471535
245.782000,3.471535
247.118200,3.471535
248.454400,3.471535
249.790600,3.471535
251.126800,3.471535
252.463000,3.471535
253.799100,3.471535
255.135300,3.471535
256.471500,3.471535
257.807700,3.471535
259.143900,3.471535
260.480100,3.471535
261.816300,3.471535
263.152500,3.471535
264.488700,3.471535
265.824900,3.471535
267.161000,3.471535
268.497300,3.471535
269.833400,3.471535
271.169600,3.471535
272.505800,3.471535
273.842000,3.471535
275.178200,3.471535
276.514400,3.471535
277.850600,3.471535
279.186800,3.471535
280.522900,3.471535
281.859100,3.471535
283.195300,3.471535
284.531500,3.471535
285.867700,3.471535
287.203900,3.471535
288.540100,3.471535
289.876300,3.471535
291.212500,3.471535
292.548700,3.471535
293.884900,3.471535
295.221000,3.471535
296.557200,3.471535
297.893400,3.471535
299.229600,3.471535
300.565800,3.471535
301.902000,3.471535
303.238200,3.471535
304.574400,3.471535
305.910600,3.471535
307.246800,3.471535
308.582900,3.471535
309.919100,3.471535
311.255300,3.471535
312.591500,3.471535
313.927700,3.471535
0.591150,4.628710
1.927340,4.628710
3.263530,4.628710
4.599720,4.628710
5.935910,4.628710
7.272100,4.628710
8.608290,4.628710
9.944480,4.628710
11.280670,4.628710
12.616860,4.628710
13.953050,4.628710
15.289240,4.628710
16.625430,4.628710
17.961620,4.628710
19.297810,4.628710
20.634000,4.628710
21.970190,4.628710
23.306380,4.628710
24.642570,4.628710
25.978760,4.628710
27.314950,4.628710
28.651140,4.628710
29.987330,4.628710
31.323520,4.628710
32.659710,4.628710
33.995900,4.628710
35.332090,4.628710
36.668280,4.628710
38.004470,4.628710
39.340660,4.628710
40.676850,4.628710
42.013040,4.628710
43.349230,4.628710
44.685420,4.628710
46.021610,4.628710
47.357800,4.628710
48.693990,4.628710
50.030180,4.628710
51.366370,4.628710
52.702560,4.628710
54.038750,4.628710
55.374940,4.628710
56.711130,4.628710
58.047320,4.628710
59.383510,4.628710
60.719700,4.628710
62.055890,4.628710
63.392080,4.628710
64.728270,4.628710
66.064460,4.628710
67.400650,4.628710
68.736840,4.628710
70.073030,4.628710
71.409220,4.628710
72.745410,4.628710
74.081600,4.628710
75.417790,4.628710
76.753980,4.628710
78.090170,4.628710
79.426360,4.628710
80.762550,4.628710
82.098740,4.628710
83.434930,4.628710
84.771120,4.628710
86.107310,4.628710
87.443500,4.628710
88.779690,4.628710
90.115880,4.628710
91.452070,4.628710
92.788260,4.628710
94.124450,4.628710
95.460640,4.628710
96.796830,4.628710
98.133020,4.628710
99.469210,4.628710
100.805400,4.628710
102.141600,4.628710
103.477800,4.628710
104.814000,4.628710
106.150200,4.628710
107.486400,4.628710
108.822500,4.628710
110.158700,4.628710
111.494900,4.628710
112.831100,4.628710
114.167300,4.628710
115.503500,4.628710
116.839700,4.628710
118.175900,4.628710
119.512100,4.628710
120.848300,4.628710
122.184400,4.628710
123.520600,4.628710
124.856800,4.628710
126.193000,4.628710
127.529200,4.628710
128.865400,4.628710
130.201600,4.628710
131.537800,4.628710
132.874000,4.628710
134.210100,4.628710
135.546300,4.628710
136.882500,4.628710
138.218700,4.628710
139.554900,4.628710
140.891100,4.628710
142.227300,4.628710
143.563500,4.628710
144.899700,4.628710
146.235900,4.628710
147.572100,4.628710
148.908200,4.628710
150.244400,4.628710
151.580600,4.628710
152.916800,4.628710
154.253000,4.628710
155.589200,4.628710
156.925400,4.628710
158.261600,4.628710
159.597800,4.628710
160.933900,4.628710
162.270100,4.628710
163.606300,4.628710
164.942500,4.628710
166.278700,4.628710
167.614900,4.628710
168.951100,4.628710
170.287300,4.628710
171.623500,4.628710
172.959700,4.628710
174.295900,4.628710
175.632000,4.628710
176.968200,4.628710
178.304400,4.628710
179.640600,4.628710
180.976800,4.628710
182.313000,4.628710
183.649200,4.628710
184.985400,4.628710
186.321600,4.628710
187.657700,4.628710
188.993900,4.628710
190.330100,4.628710
191.666300,4.628710
193.002500,4.628710
194.338700,4.628710
195.674900,4.628710
197.011100,4.628710
198.347300,4.628710
199.683500,4.628710
201.019700,4.628710
202.355800,4.628710
203.692000,4.628710
205.028200,4.628710
206.364400,4.628710
207.700600,4.628710
209.036800,4.628710
210.373000,4.628710
211.709200,4.628710
213.045400,4.628710
214.381500,4.628710
215.717700,4.628710
217.053900,4.628710
218.390100,4.628710
219.726300,4.628710
221.062500,4.628710
222.398700,4.628710
223.734900,4.628710
225.071100,4.628710
226.407300,4.628710
227.743500,4.628710
229.079600,4.628710
230.415800,4.628710
231.752000,4.628710
233.088200,4.628710
234.424400,4.628710
235.760600,4.628710
237.096800,4.628710
238.433000,4.628710
239.769200,4.628710
241.105300,4.628710
242.441500,4.628710
243.777700,4.628710
245.113900,4.628710
246.450100,4.628710
247.786300,4.628710
249.122500,4.628710
250.458700,4.628710
251.794900,4.628710
253.131100,4.628710
254.467300,4.628710
255.803400,4.628710
257.139600,4.628710
258.475800,4.628710
259.812000,4.628710
261.148200,4.628710
262.484400,4.628710
263.820600,4.628710
265.156800,4.628710
266.493000,4.628710
267.829100,4.628710
269.165300,4.628710
270.501500,4.628710
271.837700,4.628710
273.173900,4.628710
274.510100,4.628710
275.846300,4.628710
277.182500,4.628710
278.518700,4.628710
279.854900,4.628710
281.191000,4.628710
282.527200,4.628710
283.863400,4.628710
285.199600,4.628710
286.535800,4.628710
287.872000,4.628710
289.208200,4.628710
290.544400,4.628710
291.880600,4.628710
293.216800,4.628710
294.552900,4.628710
295.889100,4.628710
297.225300,4.628710
298.561500,4.628710
299.897700,4.628710
301.233900,4.628710
302.570100,4.628710
303.906300,4.628710
305.242500,4.628710
306.578600,4.628710
307.914900,4.628710
309.251000,4.628710
310.587200,4.628710
311.923400,4.628710
313.259600,4.628710
1.259245,5.785884
2.595435,5.785884
3.931625,5.785884
5.267815,5.785884
6.604005,5.785884
7.940195,5.785884
9.276385,5.785884
10.612570,5.785884
11.948760,5.785884
13.284960,5.785884
14.621150,5.785884
15.957330,5.785884
17.293530,5.785884
18.629710,5.785884
19.965900,5.785884
21.302100,5.785884
22.638280,5.785884
23.974470,5.785884
25.310670,5.785884
26.646850,5.785884
27.983050,5.785884
29.319230,5.785884
30.655420,5.785884
31.991620,5.785884
33.327800,5.785884
34.663990,5.785884
36.000180,5.785884
37.336380,5.785884
38.672570,5.785884
40.008750,5.785884
41.344940,5.785884
42.681130,5.785884
44.017330,5.785884
45.353520,5.785884
46.689700,5.785884
48.025890,5.785884
49.362080,5.785884
50.698270,5.785884
52.034470,5.785884
53.370660,5.785884
54.706840,5.785884
56.043030,5.785884
57.379220,5.785884
58.715420,5.785884
60.051610,5.785884
61.387790,5.785884
62.723980,5.785884
64.060170,5.785884
65.396360,5.785884
66.732550,5.785884
68.068740,5.785884
69.404940,5.785884
70.741130,5.785884
72.077320,5.785884
73.413510,5.785884
74.749690,5.785884
76.085880,5.785884
77.422070,5.785884
78.758260,5.785884
80.094450,5.785884
81.430640,5.785884
82.766830,5.785884
84.103030,5.785884
85.439220,5.785884
86.775410,5.785884
88.111600,5.785884
89.447780,5.785884
90.783970,5.785884
92.120160,5.785884
93.456350,5.785884
94.792540,5.785884
96.128730,5.785884
97.464930,5.785884
98.801120,5.785884
100.137300,5.785884
101.473500,5.785884
102.809700,5.785884
104.145900,5.785884
105.482100,5.785884
106.818300,5.785884
108.154400,5.785884
109.490600,5.785884
110.826800,5.785884
112.163000,5.785884
113.499200,5.785884
114.835400,5.785884
116.171600,5.785884
117.507800,5.785884
118.844000,5.785884
120.180200,5.785884
121.516300,5.785884
122.852500,5.785884
124.188700,5.785884
125.524900,5.785884
126.861100,5.785884
128.197300,5.785884
129.533500,5.785884
130.869700,5.785884
132.205900,5.785884
133.542100,5.785884
134.878300,5.785884
136.214400,5.785884
137.550600,5.785884
138.886800,5.785884
140.223000,5.785884
141.559200,5.785884
142.895400,5.785884
144.231600,5.785884
145.567800,5.785884
146.903900,5.785884
148.240100,5.785884
149.576300,5.785884
150.912500,5.785884
152.248700,5.785884
153.584900,5.785884
154.921100,5.785884
156.257300,5.785884
157.593500,5.785884
158.929700,5.785884
160.265900,5.785884
161.602100,5.785884
162.938200,5.785884
164.274400,5.785884
165.610600,5.785884
166.946800,5.785884
168.283000,5.785884
169.619200,5.785884
170.955400,5.785884
172.291600,5.785884
173.627700,5.785884
174.963900,5.785884
176.300100,5.785884
177.636300,5.785884
178.972500,5.785884
180.308700,5.785884
181.644900,5.785884
182.981100,5.785884
184.317300,5.785884
185.653500,5.785884
186.989700,5.785884
188.325800,5.785884
189.662000,5.785884
190.998200,5.785884
192.334400,5.785884
193.670600,5.785884
195.006800,5.785884
196.343000,5.785884
197.679200,5.785884
199.015400,5.785884
200.351500,5.785884
201.687700,5.785884
203.023900,5.785884
204.360100,5.785884
205.696300,5.785884
207.032500,5.785884
208.368700,5.785884
209.704900,5.785884
211.041100,5.785884
212.377300,5.785884
213.713500,5.785884
215.049600,5.785884
216.385800,5.785884
217.722000,5.785884
219.058200,5.785884
220.394400,5.785884
221.730600,5.785884
223.066800,5.785884
224.403000,5.785884
225.739200,5.785884
227.075300,5.785884
228.411500,5.785884
229.747700,5.785884
231.083900,5.785884
232.420100,5.785884
233.756300,5.785884
235.092500,5.785884
236.428700,5.785884
237.764900,5.785884
239.101100,5.785884
240.437300,5.785884
241.773400,5.785884
243.109600,5.785884
244.445800,5.785884
245.782000,5.785884
247.118200,5.785884
248.454400,5.785884
249.790600,5.785884
251.126800,5.785884
252.463000,5.785884
253.799100,5.785884
255.135300,5.785884
256.471500,5.785884
257.807700,5.785884
259.143900,5.785884
260.480100,5.785884
261.816300,5.785884
263.152500,5.785884
264.488700,5.785884
265.824900,5.785884
267.161000,5.785884
268.497300,5.785884
269.833400,5.785884
271.169600,5.785884
272.505800,5.785884
273.842000,5.785884
275.178200,5.785884
276.514400,5.785884
277.850600,5.785884
279.186800,5.785884
280.522900,5.785884
281.859100,5.785884
283.195300,5.785884
284.531500,5.785884
285.867700,5.785884
287.203900,5.785884
288.540100,5.785884
289.876300,5.785884
291.212500,5.785884
292.548700,5.785884
293.884900,5.785884
295.221000,5.785884
296.557200,5.785884
297.893400,5.785884
299.229600,5.785884
300.565800,5.785884
301.902000,5.785884
303.238200,5.785884
304.574400,5.785884
305.910600,5.785884
307.246800,5.785884
308.582900,5.785884
309.919100,5.785884
311.255300,5.785884
312.591500,5.785884
313.927700,5.785884
0.591150,6.943058
1.927340,6.943058
3.263530,6.943058
4.599720,6.943058
5.935910,6.943058
7.272100,6.943058
8.608290,6.943058
9.944480,6.943058
11.280670,6.943058
12.616860,6.943058
13.953050,6.943058
15.289240,6.943058
16.625430,6.943058
17.961620,6.943058
19.297810,6.943058
20.634000,6.943058
21.970190,6.943058
23.306380,6.943058
24.642570,6.943058
25.978760,6.943058
27.314950,6.943058
28.651140,6.943058
29.987330,6.943058
31.323520,6.943058
32.659710,6.943058
33.995900,6.943058
35.332090,6.943058
36.668280,6.943058
38.004470,6.943058
39.340660,6.943058
40.676850,6.943058
42.013040,6.943058
43.349230,6.943058
44.685420,6.943058
46.021610,6.943058
47.357800,6.943058
48.693990,6.943058
50.030180,6.943058
51.366370,6.943058
52.702560,6.943058
54.038750,6.943058
55.374940,6.943058
56.711130,6.943058
58.047320,6.943058
59.383510,6.943058
60.719700,6.943058
62.055890,6.943058
63.392080,6.943058
64.728270,6.943058
66.064460,6.943058
67.400650,6.943058
68.736840,6.943058
70.073030,6.943058
71.409220,6.943058
72.745410,6.943058
74.081600,6.943058
75.417790,6.943058
76.753980,6.943058
78.090170,6.943058
79.426360,6.943058
80.762550,6.943058
82.098740,6.943058
83.434930,6.943058
84.771120,6.943058
86.107310,6.943058
87.443500,6.943058
88.779690,6.943058
90.115880,6.943058
91.452070,6.943058
92.788260,6.943058
94.124450,6.943058
95.460640,6.943058
96.796830,6.943058
98.133020,6.943058
99.469210,6.943058
100.805400,6.943058
102.141600,6.943058
103.477800,6.943058
104.814000,6.943058
106.150200,6.943058
107.486400,6.943058
108.822500,6.943058
110.158700,6.943058
111.494900,6.943058
112.831100,6.943058
114.167300,6.943058
115.503500,6.943058
116.839700,6.943058
118.175900,6.943058
119.512100,6.943058
120.848300,6.943058
122.184400,6.943058
123.520600,6.943058
124.856800,6.943058
126.193000,6.943058
127.529200,6.943058
128.865400,6.943058
130.201600,6.943058
131.537800,6.943058
132.874000,6.943058
134.210100,6.943058
135.546300,6.943058
136.882500,6.943058
138.218700,6.943058
139.554900,6.943058
140.891100,6.943058
142.227300,6.943058
143.563500,6.943058
144.899700,6.943058
146.235900,6.943058
147.572100,6.943058
148.908200,6.943058
150.244400,6.943058
151.580600,6.943058
152.916800,6.943058
154.253000,6.943058
155.589200,6.943058
156.925400,6.943058
158.261600,6.943058
159.597800,6.943058
160.933900,6.943058
162.270100,6.943058
163.606300,6.943058
164.942500,6.943058
166.278700,6.943058
167.614900,6.943058
168.951100,6.943058
170.287300,6.943058
171.623500,6.943058
172.959700,6.943058
174.295900,6.943058
175.632000,6.943058
176.968200,6.943058
178.304400,6.943058
179.640600,6.943058
180.976800,6.943058
182.313000,6.943058
183.649200,6.943058
184.985400,6.943058
186.321600,6.943058
187.657700,6.943058
188.993900,6.943058
190.330100,6.943058
191.666300,6.943058
193.002500,6.943058
194.338700,6.943058
195.674900,6.943058
197.011100,6.943058
198.347300,6.943058
199.683500,6.943058
201.019700,6.943058
202.355800,6.943058
203.692000,6.943058
205.028200,6.943058
206.364400,6.943058
207.700600,6.943058
209.036800,6.943058
210.373000,6.943058
211.709200,6.943058
213.045400,6.943058
214.381500,6.943058
215.717700,6.943058
217.053900,6.943058
218.390100,6.943058
219.726300,6.943058
221.062500,6.943058
222.398700,6.943058
223.734900,6.943058
225.071100,6.943058
226.407300,6.943058
227.743500,6.943058
229.079600,6.943058
230.415800,6.943058
231.752000,6.943058
233.088200,6.943058
234.424400,6.943058
235.760600,6.943058
237.096800,6.943058
238.433000,6.943058
239.769200,6.943058
241.105300,6.943058
242.441500,6.943058
243.777700,6.943058
245.113900,6.943058
246.450100,6.943058
247.786300,6.943058
249.122500,6.943058
250.458700,6.943058
251.794900,6.943058
253.131100,6.943058
254.467300,6.943058
255.803400,6.943058
257.139600,6.943058
258.475800,6.943058
259.812000,6.943058
261.148200,6.943058
262.484400,6.943058
263.820600,6.943058
265.156800,6.943058
266.493000,6.943058
267.829100,6.943058
269.165300,6.943058
270.501500,6.943058
271.837700,6.943058
273.173900,6.943058
274.510100,6.943058
275.846300,6.943058
277.182500,6.943058
278.518700,6.943058
279.854900,6.943058
281.191000,6.943058
282.527200,6.943058
283.863400,6.943058
285.199600,6.943058
286.535800,6.943058
287.872000,6.943058
289.208200,6.943058
290.544400,6.943058
291.880600,6.943058
293.216800,6.943058
294.552900,6.943058
295.889100,6.943058
297.225300,6.943058
298.561500,6.943058
299.897700,6.943058
301.233900,6.943058
302.570100,6.943058
303.906300,6.943058
305.242500,6.943058
306.578600,6.943058
307.914900,6.943058
309.251000,6.943058
310.587200,6.943058
311.923400,6.943058
313.259600,6.943058
1.259245,8.100233
2.595435,8.100233
3.931625,8.100233
5.267815,8.100233
6.604005,8.100233
7.940195,8.100233
9.276385,8.100233
10.612570,8.100233
11.948760,8.100233
13.284960,8.100233
14.621150,8.100233
15.957330,8.100233
17.293530,8.100233
18.629710,8.100233
19.965900,8.100233
21.302100,8.100233
22.638280,8.100233
23.974470,8.100233
25.310670,8.100233
26.646850,8.100233
27.983050,8.100233
29.319230,8.100233
30.655420,8.100233
31.991620,8.100233
33.327800,8.100233
34.663990,8.100233
36.000180,8.100233
37.336380,8.100233
38.672570,8.100233
40.008750,8.100233
41.344940,8.100233
42.681130,8.100233
44.017330,8.100233
45.353520,8.100233
46.689700,8.100233
48.025890,8.100233
49.362080,8.100233
50.698270,8.100233
52.034470,8.100233
53.370660,8.100233
54.706840,8.100233
56.043030,8.100233
57.379220,8.100233
58.715420,8.100233
60.051610,8.100233
61.387790,8.100233
62.723980,8.100233
64.060170,8.100233
65.396360,8.100233
66.732550,8.100233
68.068740,8.100233
69.404940,8.100233
70.741130,8.100233
72.077320,8.100233
73.413510,8.100233
74.749690,8.100233
76.085880,8.100233
77.422070,8.100233
78.758260,8.100233
80.094450,8.100233
81.430640,8.100233
82.766830,8.100233
84.103030,8.100233
85.439220,8.100233
86.775410,8.100233
88.111600,8.100233
89.447780,8.100233
90.783970,8.100233
92.120160,8.100233
93.456350,8.100233
94.792540,8.100233
96.128730,8.100233
97.464930,8.100233
98.801120,8.100233
100.137300,8.100233
101.473500,8.100233
102.809700,8.100233
104.145900,8.100233
105.482100,8.100233
106.818300,8.100233
108.154400,8.100233
109.490600,8.100233
110.826800,8.100233
112.163000,8.100233
113.499200,8.100233
114.835400,8.100233
116.171600,8.100233
117.507800,8.100233
118.844000,8.100233
120.180200,8.100233
121.516300,8.100233
122.852500,8.100233
124.188700,8.100233
125.524900,8.100233
126.861100,8.100233
128.197300,8.100233
129.533500,8.100233
130.869700,8.100233
132.205900,8.100233
133.542100,8.100233
134.878300,8.100233
136.214400,8.100233
137.550600,8.100233
138.886800,8.100233
140.223000,8.100233
141.559200,8.100233
142.895400,8.100233
144.231600,8.100233
145.567800,8.100233
146.903900,8.100233
148.240100,8.100233
149.576300,8.100233
150.912500,8.100233
152.248700,8.100233
153.584900,8.100233
154.921100,8.100233
156.257300,8.100233
157.593500,8.100233
158.929700,8.100233
160.265900,8.100233
161.602100,8.100233
162.938200,8.100233
164.274400,8.100233
165.610600,8.100233
166.946800,8.100233
168.283000,8.100233
169.619200,8.100233
170.955400,8.100233
172.291600,8.100233
173.627700,8.100233
174.963900,8.100233
176.300100,8.100233
177.636300,8.100233
178.972500,8.100233
180.308700,8.100233
181.644900,8.100233
182.981100,8.100233
184.317300,8.100233
185.653500,8.100233
186.989700,8.100233
188.325800,8.100233
189.662000,8.100233
190.998200,8.100233
192.334400,8.100233
193.670600,8.100233
195.006800,8.100233
196.343000,8.100233
197.679200,8.100233
199.015400,8.100233
200.351500,8.100233
201.687700,8.100233
203.023900,8.100233
204.360100,8.100233
205.696300,8.100233
207.032500,8.100233
208.368700,8.100233
209.704900,8.100233
211.041100,8.100233
212.377300,8.100233
213.713500,8.100233
215.049600,8.100233
216.385800,8.100233
217.722000,8.100233
219.058200,8.100233
220.394400,8.100233
221.730600,8.100233
223.066800,8.100233
224.403000,8.100233
225.739200,8.100233
227.075300,8.100233
228.411500,8.100233
229.747700,8.100233
231.083900,8.100233
232.420100,8.100233
233.756300,8.100233
235.092500,8.100233
236.428700,8.100233
237.764900,8.100233
239.101100,8.100233
240.437300,8.100233
241.773400,8.100233
243.109600,8.100233
244.445800,8.100233
245.782000,8.100233
247.118200,8.100233
248.454400,8.100233
249.790600,8.100233
251.126800,8.100233
252.463000,8.100233
253.799100,8.100233
255.135300,8.100233
256.471500,8.100233
257.807700,8.100233
259.143900,8.100233
260.480100,8.100233
261.816300,8.100233
263.152500,8.100233
264.488700,8.100233
265.824900,8.100233
267.161000,8.100233
268.497300,8.100233
269.833400,8.100233
271.169600,8.100233
272.505800,8.100233
273.842000,8.100233
275.178200,8.100233
276.514400,8.100233
277.850600,8.100233
279.186800,8.100233
280.522900,8.100233
281.859100,8.100233
283.195300,8.100233
284.531500,8.100233
285.867700,8.100233
287.203900,8.100233
288.540100,8.100233
289.876300,8.100233
291.212500,8.100233
292.548700,8.100233
293.884900,8.100233
295.221000,8.100233
296.557200,8.100233
297.893400,8.100233
299.229600,8.100233
300.565800,8.100233
301.902000,8.100233
303.238200,8.100233
304.574400,8.100233
305.910600,8.100233
307.246800,8.100233
308.582900,8.100233
309.919100,8.100233
311.255300,8.100233
312.591500,8.100233
313.927700,8.100233
0.591150,9.257407
1.927340,9.257407
3.263530,9.257407
4.599720,9.257407
5.935910,9.257407
7.272100,9.257407
8.608290,9.257407
9.944480,9.257407
11.280670,9.257407
12.616860,9.257407
13.953050,9.257407
15.289240,9.257407
16.625430,9.257407
17.961620,9.257407
19.297810,9.257407
20.634000,9.257407
21.970190,9.257407
23.306380,9.257407
24.642570,9.257407
25.978760,9.257407
27.314950,9.257407
28.651140,9.257407
29.987330,9.257407
31.323520,9.257407
32.659710,9.257407
33.995900,9.257407
35.332090,9.257407
36.668280,9.257407
38.004470,9.257407
39.340660,9.257407
40.676850,9.257407
42.013040,9.257407
43.349230,9.257407
44.685420,9.257407
46.021610,9.257407
47.357800,9.257407
48.693990,9.257407
50.030180,9.257407
51.366370,9.257407
52.702560,9.257407
54.038750,9.257407
55.374940,9.257407
56.711130,9.257407
58.047320,9.257407
59.383510,9.257407
60.719700,9.257407
62.055890,9.257407
63.392080,9.257407
64.728270,9.257407
66.064460,9.257407
67.400650,9.257407
68.736840,9.257407
70.073030,9.257407
71.409220,9.257407
72.745410,9.257407
74.081600,9.257407
75.417790,9.257407
76.753980,9.257407
78.090170,9.257407
79.426360,9.257407
80.762550,9.257407
82.098740,9.257407
83.434930,9.257407
84.771120,9.257407
86.107310,9.257407
87.443500,9.257407
88.779690,9.257407
90.115880,9.257407
91.452070,9.257407
92.788260,9.257407
94.124450,9.257407
95.460640,9.257407
96.796830,9.257407
98.133020,9.257407
99.469210,9.257407
100.805400,9.257407
102.141600,9.257407
103.477800,9.257407
104.814000,9.257407
106.150200,9.257407
107.486400,9.257407
108.822500,9.257407
110.158700,9.257407
111.494900,9.257407
112.831100,9.257407
114.167300,9.257407
115.503500,9.257407
116.839700,9.257407
118.175900,9.257407
119.512100,9.257407
120.848300,9.257407
122.184400,9.257407
123.520600,9.257407
124.856800,9.257407
126.193000,9.257407
127.529200,9.257407
128.865400,9.257407
130.201600,9.257407
131.537800,9.257407
132.874000,9.257407
134.210100,9.257407
135.546300,9.257407
136.882500,9.257407
138.218700,9.257407
139.554900,9.257407
140.891100,9.257407
142.227300,9.257407
143.563500,9.257407
144.899700,9.257407
146.235900,9.257407
147.572100,9.257407
148.908200,9.257407
150.244400,9.257407
151.580600,9.257407
152.916800,9.257407
154.253000,9.257407
155.589200,9.257407
156.925400,9.257407
158.261600,9.257407
159.597800,9.257407
160.933900,9.257407
162.270100,9.257407
163.606300,9.257407
164.942500,9.257407
166.278700,9.257407
167.614900,9.257407
168.951100,9.257407
170.287300,9.257407
171.623500,9.257407
172.959700,9.257407
174.295900,9.257407
175.632000,9.257407
176.968200,9.257407
178.304400,9.257407
179.640600,9.257407
180.976800,9.257407
182.313000,9.257407
183.649200,9.257407
184.985400,9.257407
186.321600,9.257407
187.657700,9.257407
188.993900,9.257407
190.330100,9.257407
191.666300,9.257407
193.002500,9.257407
194.338700,9.257407
195.674900,9.257407
197.011100,9.257407
198.347300,9.257407
199.683500,9.257407
201.019700,9.257407
202.355800,9.257407
203.692000,9.257407
205.028200,9.257407
206.364400,9.257407
207.700600,9.257407
209.036800,9.257407
210.373000,9.257407
211.709200,9.257407
213.045400,9.257407
214.381500,9.257407
215.717700,9.257407
217.053900,9.257407
218.390100,9.257407
219.726300,9.257407
221.062500,9.257407
222.398700,9.257407
223.734900,9.257407
225.071100,9.257407
226.407300,9.257407
227.743500,9.257407
229.079600,9.257407
230.415800,9.257407
231.752000,9.257407
233.088200,9.257407
234.424400,9.257407
235.760600,9.257407
237.096800,9.257407
238.433000,9.257407
239.769200,9.257407
241.105300,9.257407
242.441500,9.257407
243.777700,9.257407
245.113900,9.257407
246.450100,9.257407
247.786300,9.257407
249.122500,9.257407
250.458700,9.257407
251.794900,9.257407
253.131100,9.257407
254.467300,9.257407
255.803400,9.257407
257.139600,9.257407
258.475800,9.257407
259.812000,9.257407
261.148200,9.257407
262.484400,9.257407
263.820600,9.257407
265.156800,9.257407
266.493000,9.257407
267.829100,9.257407
269.165300,9.257407
270.501500,9.257407
271.837700,9.257407
273.173900,9.257407
274.510100,9.257407
275.846300,9.257407
277.182500,9.257407
278.518700,9.257407
279.854900,9.257407
281.191000,9.257407
282.527200,9.257407
283.863400,9.257407
285.199600,9.257407
286.535800,9.257407
287.872000,9.257407
289.208200,9.257407
290.544400,9.257407
291.880600,9.257407
293.216800,9.257407
294.552900,9.257407
295.889100,9.257407
297.225300,9.257407
298.561500,9.257407
299.897700,9.257407
301.233900,9.257407
302.570100,9.257407
303.906300,9.257407
305.242500,9.257407
306.578600,9.257407
307.914900,9.257407
309.251000,9.257407
310.587200,9.257407
311.923400,9.257407
313.259600,9.257407
