220.252300,1.742617
202.763900,3.820163
55.623160,-7.223505
89.238750,-2.349910
188.811000,-5.614678
156.707700,-5.629860
88.987080,-0.112475
182.465000,-4.096869
311.613200,-7.683604
16.952840,-4.158242
219.235600,-0.214880
226.726200,-9.027079
141.494800,-8.319908
132.907200,1.355658
115.261800,2.952275
280.545300,6.280952
243.309000,7.956016
300.605200,5.717688
76.078080,6.455429
108.564500,-5.616818
93.567970,5.119983
146.825200,4.581157
233.514800,3.198071
213.187500,3.274026
46.473320,7.940278
232.880100,0.953004
157.042900,4.685640
196.451200,5.709818
255.949100,-7.361887
202.604400,1.349677
65.278240,-3.558477
56.827850,-7.225745
221.467800,-1.899776
260.266500,-8.849502
202.883300,-4.000497
151.690200,5.777287
243.189100,3.238618
160.661000,-7.300809
159.485000,-0.066637
270.362900,8.370904
6.208473,7.707713
88.657460,-1.242537
91.027730,-0.761071
240.647200,-0.557000
59.631790,7.195214
252.997700,4.361279
304.549100,-6.068569
47.138710,2.331237
9.550670,-9.043526
71.909210,-2.983674
152.427500,-8.790767
107.164900,0.332062
33.214470,-7.347238
4.060196,-0.171347
174.828700,-9.403852
264.561100,2.274870
248.294300,-4.049065
262.491100,0.161161
88.064880,-2.259597
300.690200,3.497806
99.964900,-7.352856
107.702000,1.379655
38.033350,-2.506563
66.606870,-6.177423
308.726400,1.331359
211.045000,-4.842643
197.777500,9.378179
257.910600,-2.034723
85.084730,-6.444546
286.480900,9.404438
113.965500,4.819147
61.013850,9.403859
26.612130,-8.231503
180.048300,-2.883620
96.627500,-8.254435
279.195500,-7.757463
78.616970,-3.699278
255.862700,-9.404534
14.250820,-5.399296
80.821960,-9.403866
55.709790,-4.492620
275.732000,1.684475
114.247100,7.547795
204.264500,-2.389134
296.958800,1.963974
206.700600,-4.742277
34.799800,9.369447
228.177000,6.941627
287.292000,-4.270469
82.937360,3.388399
299.521500,6.177216
70.244330,0.605997
154.164700,2.907217
204.994000,-0.229321
184.881500,8.132812
177.026600,8.456776
2.626753,-4.422765
250.746000,-1.769659
221.261800,0.982874
168.369200,-5.604684
271.695400,-5.674625
90.262170,9.403893
55.717240,7.603149
312.736100,-4.521462
60.244430,-0.591087
84.264690,0.944397
93.581140,-5.882987
183.471700,-0.352006
267.607700,3.946210
2.390340,3.542953
36.823470,9.403859
115.047900,-2.401232
133.281300,2.471810
21.887410,-2.706261
240.209600,1.882293
179.685800,-0.905141
259.015700,-2.435805
267.313100,-9.217463
101.662100,-1.822968
88.543410,-8.553741
117.284300,3.019061
181.109500,6.851569
276.805100,-3.725427
297.900100,4.934715
248.572600,4.804573
202.296700,-9.403866
20.038910,7.457934
247.617300,1.597111
67.583850,-8.973390
152.704700,6.374500
22.563770,5.453103
18.849950,-0.701432
128.972500,-5.531059
56.797680,7.135699
287.609800,4.929494
108.867200,-4.479120
294.013800,-0.582998
73.736430,5.765037
73.312150,-6.325116
28.871460,-3.470561
53.789060,-3.215104
143.854500,-5.405925
142.565600,3.639745
270.149700,5.167755
45.282050,5.564451
117.765500,-4.384701
284.515000,-0.946612
66.823880,7.108301
15.658700,4.048868
116.160500,-7.476371
273.083900,-2.443353
44.014680,-5.731424
195.687000,8.227096
293.380400,8.334035
126.989600,-6.178036
257.662100,1.308109
231.023000,6.214049
294.917100,-7.372767
200.644900,-7.932473
12.956580,-9.403855
86.254580,4.731156
268.942700,2.239503
47.780230,3.318374
293.382800,-7.136475
78.098940,-5.759098
114.956900,5.454005
298.363700,3.852854
187.480500,-2.967630
113.263300,9.403859
282.539300,5.961474
253.757500,2.440859
17.294920,-5.289108
97.270650,-1.910684
227.309900,6.144975
74.551370,-5.680937
153.914200,0.328798
15.108210,6.975525
207.205800,-3.072271
158.820800,-5.742719
290.728400,3.492487
195.019600,-7.969694
127.626900,6.774420
131.207900,-6.194890
227.199500,-3.034153
19.680930,4.701705
294.372100,5.811813
165.736600,1.981357
16.149150,-5.018534
292.193100,0.874996
31.448940,8.332745
221.730800,9.403872
263.241900,8.369001
163.513000,0.464148
115.030200,-5.867391
36.970020,-3.011868
245.750500,6.971192
265.293000,4.316363
133.932300,6.950716
54.956680,-2.872645
270.101600,-5.856514
23.137380,-6.404058
280.206200,3.918825
237.630900,7.961385
188.658300,-1.043757
81.067080,9.403852
240.083500,4.712222
111.702200,6.686296
269.211100,8.128125
300.783900,-1.584083
127.247900,-1.612085
154.733800,-1.582710
31.134120,1.653674
299.985100,2.555795
220.413100,-7.801204
150.084600,-8.783483
284.445700,7.231723
94.872990,5.076951
200.704600,2.108420
229.518100,-2.627834
203.716200,1.736844
284.084000,2.165301
54.900760,-9.305943
309.659400,-7.639353
46.622000,-7.321277
214.760100,4.563671
15.441020,-1.372266
174.592100,-6.067624
211.415800,4.149177
194.014100,-1.476064
64.816020,6.933574
50.249640,-1.001277
271.042600,-6.653329
260.272100,-6.957084
30.260310,5.778237
266.871600,8.385479
68.305190,3.509571
223.250800,-0.212916
7.682502,1.945791
156.211600,-6.697012
161.417500,0.320682
71.760120,-4.151597
206.138600,8.968707
223.738400,8.115262
197.576500,-6.372884
59.215520,3.599745
231.774700,-3.565563
302.153800,9.404000
22.703090,2.036937
161.427300,1.497628
234.257700,1.284268
21.674660,4.043180
74.333180,-6.911363
252.695200,1.935594
258.115000,-3.193408
94.559170,-6.733994
19.076680,-5.939578
130.044800,-6.016238
297.916400,-0.305182
302.247700,0.296376
273.809200,0.563226
203.144000,7.483428
235.942100,-9.403882
287.964900,-0.588293
181.730700,-3.171865
176.952400,-2.398212
277.565500,-2.492217
102.134100,9.333745
288.096000,-5.130246
250.804500,4.285316
76.275960,1.180853
251.848700,-3.929653
252.093900,-6.258224
131.321600,4.350298
180.215200,-8.415277
40.574060,8.199599
42.409200,-3.668896
36.339040,6.486393
127.399900,3.004637
180.574000,-3.936990
309.927300,3.351046
9.499269,4.929887
268.867700,-4.182981
298.396400,9.403943
35.791350,-9.123616
118.086700,6.942749
218.228900,-3.216244
95.620870,-6.225505
137.584600,1.150963
287.658100,9.403948
142.045400,8.279263
253.840100,6.507305
147.303800,-2.069484
154.094800,-7.199349
301.514800,6.464866
238.408400,1.831221
66.424840,-3.255193
197.212200,-7.520315
133.528600,-8.250693
106.050100,3.603634
111.230300,4.457622
261.499500,9.404419
70.663440,9.033260
10.362110,3.647370
244.735600,0.377871
42.340740,-0.753749
166.482600,-2.624245
139.126600,8.731906
303.158600,-6.344267
23.050410,-2.889606
173.521900,8.630151
230.630900,-6.586755
166.884300,0.271599
305.989400,-1.833068
112.098600,2.864953
177.636600,6.401619
212.437200,2.030273
95.466130,-3.227050
11.692180,-3.579993
261.299100,-7.532022
39.514650,-0.676942
167.950300,8.275456
269.918200,-8.357172
93.443450,8.294334
247.521900,3.954036
89.914050,4.879547
177.877000,-8.141328
157.178000,-2.824514
138.989900,-3.163919
265.824600,-4.009607
213.225700,1.122496
101.585300,-5.428266
251.532000,-7.292659
150.550300,-3.411837
225.820000,-0.673339
78.357250,-8.148237
131.853700,5.400414
17.816120,-0.138194
22.537270,-3.990068
43.238680,-4.504358
95.630250,4.175584
270.878200,-0.452703
216.033500,-8.259418
276.850300,-1.031655
155.842500,8.256791
138.613300,-0.718158
253.395600,-5.013265
304.282200,4.857352
235.472800,3.530534
96.160660,-1.091033
12.458280,1.172380
55.816210,-2.066053
206.497800,-5.902163
295.696400,3.926828
135.173900,3.661142
233.225000,5.517501
130.297800,3.769133
35.499760,-6.862652
115.142100,-9.403871
250.909000,0.456212
151.021200,0.035157
239.627500,-3.015791
178.857000,-0.069163
162.975800,-6.910566
166.234500,6.465416
288.088700,-8.378284
130.482200,1.302929
206.015100,-0.816288
72.531830,-1.102751
40.058820,-4.793778
287.606300,6.312611
93.827870,7.181637
221.590100,2.113477
223.504000,1.910657
42.952590,-2.624501
65.162830,-7.846213
268.938000,-7.705397
231.722000,7.161294
232.217400,-7.922485
273.107500,-4.795652
86.347890,-8.330742
41.690130,8.574284
36.718800,5.372016
91.600140,-7.098983
184.713100,4.300699
178.908100,-3.178903
200.207400,1.041383
124.545700,-2.248308
54.618740,-4.050350
263.139700,-0.819937
284.443800,4.491849
34.387640,-7.248944
236.541700,8.408233
129.049000,8.637600
133.764500,-9.403920
34.849050,0.941193
87.794240,8.555832
118.927100,-4.193347
222.032600,-9.403913
105.366700,6.141916
25.021320,4.941061
297.111400,5.808313
180.385300,0.042065
80.805410,-0.034326
311.991000,-6.568661
225.747800,9.086584
275.349700,-3.784187
104.525000,7.042674
15.146920,2.620764
272.135900,7.170869
274.112000,-9.403905
19.217150,5.784457
282.430100,-0.572507
251.673000,1.351858
29.262170,9.403855
201.552100,6.209382
23.791130,-8.236013
83.245270,-3.630534
144.197700,0.586164
63.731750,2.110752
131.015200,-3.922831
220.352300,-2.275935
9.094849,-7.028089
178.399300,5.386100
106.497700,2.514766
105.763600,-1.383630
99.551120,-0.509043
180.854200,-9.403920
282.292100,-3.400218
292.030400,-1.041517
83.035100,1.841463
93.293730,3.975087
208.366900,-0.848018
170.841900,2.551806
234.367800,4.009420
306.549000,3.571091
176.609900,7.356403
293.155500,-1.388612
150.607100,6.238440
147.223900,2.025315
231.054100,-0.298332
207.189700,0.398386
102.210300,-8.024866
263.378900,-1.971815
240.803500,-2.962085
290.270100,0.141043
78.551890,1.728723
33.012690,-1.150298
104.294700,-4.679289
236.491500,-1.014895
241.921600,-2.593858
235.313300,1.804858
264.425300,8.415647
273.455300,-7.895411
53.025380,4.409326
140.701000,0.125579
125.334400,-1.098992
15.457650,9.403635
103.711400,-2.531840
151.724500,-3.326760
26.707190,-7.005742
158.661500,-6.935960
55.070530,6.619410
295.674800,-8.411577
275.312000,2.823453
82.075140,4.190013
132.770500,-5.080865
79.977710,-8.583220
49.070450,7.241969
78.004920,8.462856
160.340100,1.945116
151.474000,7.034902
77.443550,1.331721
84.228360,-1.430910
301.486100,-0.639485
286.522200,-3.379995
160.639200,6.656943
76.411690,-3.645964
85.505810,6.960022
229.030700,9.403908
81.978370,-0.134996
102.539300,7.015563
111.100500,-2.073116
198.954400,9.404018
155.117200,-3.898685
206.289100,-1.970968
275.339100,7.069768
264.356500,6.455886
94.640290,1.576637
192.569800,4.785738
118.466900,5.828541
208.479700,-2.521714
124.832900,6.484755
220.553900,7.689810
144.811500,4.312891
194.876600,1.892213
132.947500,-0.711224
208.155900,6.154400
142.671900,-8.320039
162.624500,6.610173
65.054410,3.280090
256.049600,-1.968218
238.775200,4.973250
258.069400,-8.724864
21.380910,-3.769031
24.761880,8.320357
75.407890,2.959224
281.119800,3.158204
53.148940,2.321885
17.648260,9.403859
32.171610,2.939167
62.140130,2.039167
294.765500,-4.029076
122.638500,-2.640622
153.132100,2.341048
224.637900,-4.867658
272.841800,-5.941942
242.977400,6.804700
150.749900,-1.110408
264.404100,-8.234767
125.918300,3.798070
257.920400,9.403913
227.731500,5.045790
167.779700,4.444716
124.011200,-8.310033
163.415700,-5.819173
297.721400,8.079581
282.720300,0.568268
233.370500,-0.117047
265.064700,9.403920
303.277200,-3.209574
169.813300,4.525125
149.729800,8.387457
309.389400,2.303966
177.128900,-9.050312
176.058900,0.687603
134.651000,2.606326
156.088500,3.825651
120.598100,4.821024
171.635600,-0.596448
62.142660,-9.403852
191.597300,0.510508
54.009960,-2.058727
192.064100,-3.400845
281.213400,1.620116
270.594000,4.034907
217.961700,-0.605069
17.030480,4.489374
246.059100,-1.451382
306.842000,8.764765
105.320400,2.514417
302.899900,1.276253
280.513200,-0.074529
193.020000,-4.677864
15.837060,7.900055
101.850500,-4.160737
157.646600,-6.339706
292.066700,8.405954
269.838500,-3.517018
215.323000,0.465494
137.981600,9.005825
79.889160,4.200074
57.932160,7.845968
227.598000,-4.717049
219.799600,-3.604889
293.231500,3.753751
137.539100,-7.229565
288.835200,9.403852
301.200700,2.434537
134.941600,-9.404121
259.095600,3.095193
60.885910,2.058793
225.328500,-2.644680
68.691390,-8.574167
6.659744,-0.150124
91.953550,6.428433
298.115200,1.746793
71.059510,-6.381635
181.892300,-1.763364
120.723200,-6.104653
94.406610,-0.438101
24.592010,-4.897144
12.026140,8.405149
118.124300,-3.263947
226.354800,5.454333
265.555400,-7.990933
176.309500,-0.462524
163.642300,-4.034570
305.867700,2.562057
305.884200,-9.092074
227.918700,3.846835
262.663200,5.039369
162.533800,4.581223
205.487800,6.239890
201.699200,-3.480510
126.198700,4.941654
214.361100,3.181116
297.246400,9.156441
127.665400,-9.394048
140.279900,-7.143254
232.061400,4.470186
128.345300,3.706206
231.295600,-2.173773
135.212400,-6.683126
6.603021,-6.393435
164.689800,-0.518310
173.627600,3.362605
244.845800,-0.793692
187.118500,5.539867
170.118600,-4.390912
159.757000,9.403859
34.541620,4.287264
175.859000,3.985165
310.931300,-1.258816
72.866040,-3.736011
285.529900,7.688054
162.657500,-4.918858
138.991900,-7.298754
198.604200,2.731504
189.944700,-7.082124
56.785390,5.150901
116.319300,-9.404035
201.895700,-4.641258
139.514200,-6.244043
274.114800,-3.011447
14.007940,7.394236
74.970470,6.056451
218.183600,0.551104
219.523500,7.057295
282.044600,-2.215372
97.007180,-6.014146
238.068200,-4.906354
111.732700,8.911101
247.692300,9.387997
102.638000,5.641131
53.520690,-6.947484
69.024400,6.390590
69.068180,0.710010
169.993100,-2.105604
107.674200,2.556597
99.426470,5.712601
93.713290,2.875136
236.712800,-8.514095
46.537780,1.249401
228.252300,-0.953653
183.919200,-2.428814
301.863800,3.407204
70.342810,4.442806
259.931500,0.845894
309.342300,-5.350137
12.206110,-1.526060
115.352800,4.345327
156.746000,-7.745860
140.814100,-4.343130
266.462200,4.207223
141.438200,6.423303
93.819070,-4.712339
108.456900,-8.991137
259.030500,-9.404016
5.358764,1.769900
54.391060,-7.740259
247.210200,-1.733890
140.039900,3.289566
27.086720,6.767970
167.463400,-7.790119
129.733400,-4.632792
289.838700,1.522967
187.775300,-4.124088
116.253300,3.587093
128.861300,-7.438785
188.789600,-7.309667
31.954470,-5.628456
183.875900,-7.286720
40.911860,-7.061451
119.313100,-6.222992
171.691800,4.702112
257.124600,-7.421258
99.737880,9.129866
215.292800,5.921933
306.929500,4.685213
124.209000,-5.486972
266.819700,1.897529
56.287310,-6.179896
124.879000,-6.454546
295.324200,7.902284
77.668390,2.566225
107.279700,-8.987507
3.887409,-4.393247
307.050200,-1.322435
263.625100,0.464230
265.749700,-0.531543
54.325410,2.278130
147.628700,-0.938072
292.788100,-0.140725
73.621890,9.389525
181.907200,5.985782
131.519400,6.529189
195.464700,-4.614235
269.011600,-6.530541
298.260900,6.061930
191.288700,-2.515112
269.858700,1.504179
114.595500,-0.067028
145.640700,7.180887
178.032200,-5.764175
97.847190,4.062020
68.458210,-3.700233
261.024700,0.412202
171.297400,-9.404301
195.351600,-2.407342
250.519600,1.586661
173.741200,-1.870782
54.211820,0.221272
276.360400,3.358785
301.014900,0.439030
159.684500,-4.942720
193.199300,-9.403882
86.454930,-4.910442
183.025000,-1.442041
262.697300,-5.237933
220.742500,-4.346193
71.673070,-8.255376
273.702500,-6.744557
100.882800,9.403866
169.870900,3.222847
54.179500,-5.144717
188.342700,5.403236
169.306900,-8.555430
234.025800,-7.768293
174.291400,6.903715
171.730000,-1.769813
241.416900,-5.224791
289.325400,-1.783862
68.403940,5.195078
107.575000,8.620294
255.848200,-5.393176
52.836400,-2.152306
174.883000,0.659598
52.621380,-0.994811
224.473500,-0.218210
244.491300,5.001361
99.528880,1.956394
82.367200,-4.584120
187.841900,6.468560
194.197300,-2.638946
58.116330,-0.807090
167.664800,-2.503737
35.613850,-0.144212
289.631800,-3.566664
155.905200,4.988061
31.779720,-9.184152
204.409100,-5.287197
210.392200,8.699395
243.681200,-0.624563
247.299300,-8.926964
155.936900,-0.008651
131.479200,1.988253
264.666700,-0.077981
132.587400,-9.404126
32.780800,0.003933
24.076070,0.271917
51.372470,3.251633
253.994100,-4.000350
176.072900,-1.615618
227.007500,2.248650
209.953200,2.329643
90.411540,-2.121624
63.907370,3.545219
242.575300,5.657194
80.677830,-7.636785
250.435000,-3.836144
249.491300,-6.436142
170.120700,-9.404482
62.703110,7.313506
89.119100,3.057704
133.387300,3.644232
106.306700,-8.101095
189.903600,9.403852
204.254800,-9.403859
39.580730,7.567688
24.255090,-3.078315
298.375300,-7.490677
282.979900,-8.381441
116.452500,4.765464
86.200320,-6.059454
27.114390,-4.703344
108.267100,-3.456223
147.197000,5.698175
282.917300,-6.454555
225.084600,-7.730632
33.344590,9.403852
303.867400,6.377573
305.305600,8.227328
261.428100,2.844454
90.019060,-3.231452
152.042500,0.620047
28.628190,-7.025446
133.947700,-5.082438
60.874100,-2.591996
28.879920,-4.647829
31.653800,-7.836558
54.638590,-6.578032
292.671100,7.395700
252.853200,3.192066
30.087180,-4.214834
45.664660,-5.668208
83.430700,-5.089208
272.900600,-0.184662
198.441600,7.166529
79.021290,-4.804962
222.475600,1.337757
138.408300,-2.082735
98.056030,-3.922741
118.847300,-7.304145
276.119400,-5.856020
26.946420,5.599061
19.560320,-3.424483
266.853600,-5.846319
50.200020,3.145051
20.327160,6.176825
185.668500,7.257326
238.894600,-2.094524
77.524430,-3.260707
181.480300,3.859544
216.457200,5.748116
33.975460,3.255034
112.067900,-5.190818
278.102700,0.162437
166.303800,9.403852
161.800400,-6.974800
52.620170,-6.189137
69.526640,-9.403852
110.839800,-8.722573
39.724410,-2.325966
9.744315,0.598767
260.907000,1.789615
101.732200,-0.647772
139.528300,0.022510
200.254100,6.265961
250.356400,-7.233988
161.877000,-5.800070
111.656900,-6.293849
163.997000,-1.791139
199.371200,-3.648664
218.632500,1.983592
175.702400,-7.238888
60.315200,4.021945
293.304200,-5.726168
10.215530,5.871106
287.509900,-2.739624
278.979900,8.000256
147.152000,-4.365525
190.096700,-4.736579
147.982500,2.925200
297.334500,-8.306077
218.748400,-1.480937
49.183570,-0.501769
193.700300,-5.638558
1.511567,-6.098677
14.796760,-3.212093
254.984000,-3.363287
237.626100,-7.615722
14.280410,9.403951
120.096900,-7.101441
48.718750,-1.583527
2.708985,8.417043
53.661460,1.262010
187.222700,0.500979
232.344700,3.327502
241.772800,-0.901709
73.472800,3.277349
290.940900,1.109295
143.936500,6.292099
29.447270,-1.192020
61.151350,-3.736057
153.770300,-2.259064
307.620500,-2.353843
6.366655,-2.111878
259.254800,-8.248383
305.212200,-7.041126
169.148000,8.333292
124.665000,-3.801477
95.334090,-8.738687
10.134300,-5.648949
296.538300,-4.847346
181.179600,-0.826477
38.792410,-1.606654
30.111250,8.588333
46.222970,6.789906
118.547100,-2.165680
142.423700,1.368157
186.402300,8.230348
278.715300,-2.742126
240.110000,8.175009
257.115400,5.421436
94.536420,-2.500685
298.819400,-6.400424
257.095400,3.865503
16.708370,1.875373
218.466000,9.403860
208.814400,7.163183
263.514500,2.812351
85.533870,0.357027
179.769700,-7.325644
186.182500,-5.580095
14.592200,-7.727567
225.793400,-4.642422
16.926860,5.661616
26.636700,-5.779372
201.175300,3.377540
224.614100,9.403859
219.153400,-6.738048
107.460500,5.867067
269.801800,9.404408
241.903100,-7.330313
163.690300,4.321981
51.675090,-2.345577
263.768100,5.438008
167.782200,-4.584435
258.755700,0.875645
165.456800,-6.943403
28.935400,3.015186
113.106600,1.719468
253.155900,9.320307
251.263400,-0.712337
116.908500,-8.385367
13.175700,-4.919647
284.305800,-3.268964
221.431600,-8.391696
177.730500,-3.413313
276.031300,6.117542
164.842900,-3.891548
290.170600,5.729300
109.440100,-3.360873
74.869030,-1.045256
152.169200,4.155093
176.865700,-5.606044
239.214100,-5.175375
49.659930,4.251843
88.076250,0.946853
211.698000,6.385577
271.938000,-2.174930
167.229200,7.094868
220.325500,-6.627264
241.096300,4.112136
263.459100,7.214280
91.392750,3.262401
2.233871,-2.745936
45.298210,7.868592
150.286300,-5.133439
25.231300,0.045114
231.506000,0.934355
222.706000,5.911259
165.284700,-2.768342
49.028090,3.257254
302.953600,8.540385
94.470990,3.970460
75.628910,4.353899
225.232800,3.493608
200.274400,8.235246
213.736200,2.183362
158.655000,-4.371842
64.051410,9.218535
125.898300,1.191415
30.891780,0.501588
129.973900,-9.371008
282.207400,3.608422
258.517700,8.381116
125.485300,-2.957328
124.685000,3.460545
270.921400,-3.979735
269.980300,-4.685557
281.640600,6.721173
47.893690,-9.157605
196.815100,-4.771894
217.791000,3.561264
20.844890,4.878351
236.235900,-4.764398
243.154700,9.403852
113.793100,-7.529345
57.118320,4.021685
245.421800,-3.056756
100.859500,7.143657
263.338700,-4.251801
290.243200,-1.035904
302.046800,5.417065
29.632190,-7.707299
116.943900,-3.440774
21.732880,-7.130915
37.859410,6.282752
263.647800,-3.117397
222.501100,-7.516216
243.580000,0.600115
48.108260,-2.590161
63.556220,-1.091013
67.323800,-4.015388
225.505600,4.638768
203.662400,5.101978
140.375900,-1.511736
196.054300,-5.670334
259.712500,8.402187
66.042470,2.430104
258.943700,-4.468291
283.492800,5.207352
2.742108,-6.735009
100.361000,4.539911
65.579860,-1.246403
265.631500,-2.849057
268.392900,-8.748529
176.006000,-9.403861
260.352500,-0.556185
171.734100,0.786846
235.242300,-4.133049
187.653700,-7.618840
122.813000,-6.688991
228.354500,-2.806751
180.544100,9.403900
190.481900,2.534631
121.803900,-8.225584
261.349500,-2.679822
245.630000,5.297476
233.231500,4.340476
64.613750,-0.573657
221.063900,-3.213707
209.931900,0.821534
26.535300,-3.678165
198.436000,1.566383
114.292100,-1.203874
11.271830,-2.480370
0.830609,-2.920951
116.637700,-1.407482
192.292200,-5.648798
116.602400,-4.567425
104.726000,8.202685
212.742400,-1.171348
92.304120,1.870088
76.011870,-0.762568
162.499800,-3.752430
82.416380,8.022931
81.820520,-7.353690
307.797000,8.039279
67.357220,2.318784
176.479100,6.187021
118.961000,-1.064233
257.698000,-4.293660
232.948700,-6.999853
144.217700,-4.043977
47.864560,-6.424319
88.736840,4.891256
125.618800,8.587821
165.698800,-9.122885
36.733180,-6.513621
83.918070,-6.286950
3.489217,5.952374
57.482160,-8.211883
43.744580,0.040254
8.406775,-4.826149
75.295490,-2.483077
251.930300,5.077211
157.791500,-5.171398
289.908500,-7.078051
292.215000,-9.403855
123.230700,0.797297
228.091700,0.212540
128.786600,-3.273420
123.520800,4.226790
15.331730,-5.865804
83.380320,9.403852
170.843400,3.886064
210.515800,4.908040
148.397000,5.747643
288.750000,6.033986
15.889990,1.029573
267.958200,6.019394
71.511980,4.580731
274.463300,-1.699294
132.497100,4.414474
121.311700,-3.691596
186.508900,1.437178
223.788700,-9.403954
223.866300,0.790577
129.474000,1.910714
43.260810,-1.488264
248.849500,-5.449413
97.353530,9.403852
228.830500,-8.032414
267.844200,-5.208625
223.665300,5.228957
291.051400,-6.173239
100.373200,0.567091
177.005300,2.940706
40.174920,-6.143331
49.226360,1.498929
266.797900,-4.670549
51.974510,2.239929
113.014700,3.604194
55.958260,-0.774338
274.396400,7.957587
301.475200,-4.475277
93.360020,-2.546307
152.537500,7.539491
115.065500,-7.043978
71.274340,-5.224000
134.065000,-2.866738
19.796480,2.178692
77.251580,6.549510
49.420970,8.365875
195.927300,1.086076
89.904210,-4.435201
103.558700,-0.577001
162.980700,-2.677968
284.400600,-6.949864
281.446800,5.524030
181.748700,-8.638606
78.189960,-6.982886
18.282230,1.233312
275.817900,-1.596698
158.156300,5.580839
274.988400,-6.182346
262.868100,6.196953
180.535900,-1.812084
194.303300,6.351353
128.691800,7.408391
233.549000,-2.843501
285.260300,2.757175
4.671064,-2.124025
6.028452,-5.277143
118.358900,1.752768
62.844690,-4.624432
209.312500,8.229884
187.085500,-9.301915
207.465400,-1.923949
90.440970,1.171812
10.667420,4.784054
81.154750,-4.454335
141.352800,-0.854816
268.756800,-0.647988
115.119100,8.338696
68.137540,9.256106
181.534200,-7.481031
116.930200,-6.585601
269.991900,-7.182295
27.489930,2.727553
298.904100,8.329265
241.379400,1.419852
57.129040,1.028980
74.233270,1.229893
201.408200,-5.739960
106.261200,-5.872725
255.017200,6.490216
39.021590,4.172102
131.155400,-8.226565
177.798200,7.567721
167.889100,-6.679562
305.101300,-8.213017
224.906300,8.263386
35.120660,6.845568
211.166400,2.324934
155.840700,-1.181877
95.244620,-4.459236
239.286100,2.615255
110.936000,-0.907515
300.832700,-3.442773
42.092990,-7.448573
249.271000,7.100062
119.200700,2.585956
54.837930,1.218265
33.867800,-2.013961
97.126720,7.202260
41.080890,-4.209472
49.072730,5.285458
127.402200,-7.280300
51.540370,7.395717
279.477800,-5.355276
280.086300,8.452454
86.700870,-3.759588
184.802200,6.460247
4.623558,4.871071
151.598600,-2.156268
185.276400,3.266861
307.043200,2.497741
259.752700,2.008980
191.137100,3.512734
210.509400,-0.415723
282.996300,1.712564
121.500300,-2.341848
300.190800,8.405881
310.579300,8.244338
192.307600,3.638137
176.786200,-6.780408
214.913000,-7.898574
7.176181,3.024754
58.203890,9.037538
146.047500,2.192953
81.199410,-2.401974
293.867700,9.404475
191.810800,-6.769280
63.156270,-7.247708
201.345800,-0.984518
41.698150,6.138438
226.664400,-5.434320
127.540500,1.279080
232.755000,6.596749
75.476910,9.403884
63.319950,-9.403852
67.991110,6.954777
229.770400,-0.374206
201.890700,-7.974230
22.499320,3.196464
252.411400,-0.968148
42.837430,-5.723070
30.040130,-9.403859
289.141600,-0.621151
263.323800,-8.702278
122.411700,-9.233719
146.206900,-7.581861
217.996600,-6.519824
0.580738,9.407196
166.842000,-9.403871
200.031300,-9.088470
64.542190,-1.803239
213.597300,4.377705
196.189300,-8.103152
109.765200,-1.030526
264.520600,-2.329929
101.751400,-6.593699
271.633900,1.461886
44.981510,-1.857129
302.690900,6.418804
199.458300,-8.060060
306.392300,-7.994765
276.396300,-2.621760
117.602000,0.851065
120.204000,7.396795
74.332330,0.056777
190.894500,-3.868539
151.867200,-5.362748
140.317700,-8.319909
222.982300,-5.293112
148.446100,-1.784956
144.474100,7.339379
309.277700,-6.525654
211.024700,-3.660368
225.137400,7.109055
30.229070,4.601358
87.813110,-0.200569
239.879200,-1.449099
192.978800,-2.659697
126.020900,-4.007193
55.609690,5.089816
177.724700,9.404054
220.762900,-5.534424
206.724200,-7.057494
131.150700,-9.403852
268.634300,3.373854
70.807400,5.524588
44.411800,-4.405515
212.287200,-9.088778
160.426700,3.119079
64.828770,8.289592
144.633800,-0.507200
188.912200,7.113998
216.004900,-3.490939
27.928610,4.949962
117.771900,-1.091682
161.383300,3.810670
109.397500,8.627961
162.689300,-1.537452
293.545300,1.721880
98.377060,1.513271
33.340870,-3.066753
106.525500,1.337806
310.621400,-8.317694
182.169200,2.816829
171.279800,-4.198057
97.590640,0.637183
258.278600,-0.901976
53.161950,5.578663
31.266140,5.158575
258.236500,7.238571
230.072000,8.854795
67.686830,-2.810853
248.651700,3.627638
33.477580,-4.236088
287.432800,3.546827
148.418600,1.831826
194.877600,-5.634723
248.251200,-8.234142
82.864500,5.063449
71.448130,3.358921
120.629300,-8.151394
92.532610,-7.817593
303.681900,-5.272649
220.687000,8.859480
6.507221,2.055974
285.436400,8.861659
4.519185,-3.291487
309.329000,-0.876122
51.781620,0.237507
258.249200,4.085152
185.172300,-8.090135
166.774000,8.324516
73.744030,8.154379
0.777066,4.580265
113.763800,2.696154
127.811600,-5.335720
154.848700,7.230156
112.227700,-0.806712
285.383300,6.520004
94.284520,6.096553
301.484200,8.435919
177.948300,-6.966249
75.849050,7.610222
309.806800,-3.055784
234.520000,0.136998
208.366100,0.441345
82.887060,-6.855267
289.607600,3.849801
288.609600,1.763754
235.968800,-5.910933
232.197500,-0.018293
106.178700,-9.403917
36.052560,7.630664
117.958200,8.773574
237.427000,-3.919222
102.843700,-7.032551
207.638200,7.211780
19.930670,8.640162
19.018500,-7.630172
290.708900,2.315584
76.118490,-7.770512
281.644100,-4.403322
168.154500,6.366932
213.886900,-4.532354
36.230320,2.648958
88.456210,-6.024885
250.156100,-8.393628
24.847300,1.161426
73.082820,0.979318
193.384600,-0.448039
39.694990,2.503724
182.721500,9.403862
87.053250,7.641019
107.430300,-1.324267
53.899720,6.496114
29.697000,-6.531810
217.176200,8.015595
227.580100,-1.920127
275.372400,3.999027
55.021230,3.227771
77.867450,-0.351551
270.975900,7.367247
269.781500,3.109706
42.962090,3.425271
230.362600,0.654474
181.011300,2.604602
197.168400,-3.009246
71.977910,-7.118232
121.891200,-5.956857
179.932300,6.855819
100.545200,-2.195023
54.551460,4.307279
10.300720,-6.814371
300.086400,-2.532249
36.994450,1.742723
216.090400,2.590830
12.393520,-8.068439
103.550900,8.130875
98.414010,-0.204240
300.675000,-6.788829
251.972900,-2.058848
295.785100,1.883538
239.254700,8.984237
12.649460,9.403871
237.030300,3.419552
226.881400,9.403907
1.214374,3.487029
22.839410,-7.543016
243.269600,-5.849697
163.864100,-7.769070
285.435800,-2.926547
187.781000,-1.829321
161.623800,2.658276
77.551220,3.922976
191.236300,1.630940
70.162410,3.279416
18.451860,-3.027746
52.148270,8.838313
245.281100,-7.401489
272.946200,6.036182
96.481430,0.041581
127.330700,-3.986944
228.046500,-6.018046
308.215500,2.391975
75.837270,-4.673620
306.029600,-0.650770
9.565536,-4.618195
237.394300,9.220106
276.160900,9.137213
63.871800,4.721976
123.593000,9.403254
170.661900,1.272573
222.316500,4.670959
308.271600,-5.839518
304.692000,2.618908
172.660600,4.033622
138.159100,2.178590
174.730900,5.051485
272.242400,-8.097032
169.023900,1.145830
9.716204,6.937225
162.723400,-8.060110
292.864700,-8.377905
151.500300,9.403916
159.112300,4.891363
69.628230,-7.861181
134.159000,-7.208819
105.351600,-4.160838
84.773510,8.106136
87.694150,-4.582812
35.821870,8.785139
163.285200,5.635726
242.133800,-6.158566
278.192000,6.222166
262.480500,3.370109
224.048200,-7.074623
173.062500,-8.384038
145.787600,-0.274773
263.651700,4.266734
190.089600,6.940321
28.642860,-8.345420
105.148200,-5.489852
74.899920,8.377744
45.702910,8.974146
250.426800,7.321089
159.749200,-6.485696
62.194990,3.885972
139.976400,1.111175
138.831800,-5.284810
1.804154,1.281830
175.201200,-3.801550
3.379359,2.904317
166.004300,-3.699718
128.400800,-1.374137
14.376550,6.053180
41.191010,-8.205177
273.308100,-1.288471
293.442100,-2.912091
310.573500,-6.897736
122.984100,5.516590
50.574230,5.447459
286.512800,-6.748364
44.804950,2.063012
303.578100,2.238242
245.695600,1.057880
183.048900,8.008197
19.540520,-2.247353
82.723850,-8.108624
224.997800,-1.514943
143.619600,-1.104286
306.364800,7.688645
64.446120,-5.629983
179.282800,3.456624
280.223800,-1.215580
175.769700,-6.061076
239.302400,1.065934
293.982800,2.845227
290.827400,-3.802169
13.654790,-2.920974
297.659600,-2.744040
246.208200,3.319034
306.472900,5.770366
231.053200,3.862388
241.268900,5.276608
92.530600,7.454547
244.867000,6.193187
159.435400,-3.491247
12.841940,7.556358
236.123100,5.593303
59.162620,-9.025134
299.283900,1.610911
151.055300,4.785911
215.757400,-9.403867
57.441800,-5.949361
92.095850,-4.125119
240.383000,9.320193
55.962540,0.870045
225.570400,-8.802990
122.732600,8.518424
63.719010,6.506288
307.019300,-9.403871
76.387180,8.657312
212.366800,7.628935
257.253900,6.590425
167.176700,-3.574991
120.005900,-0.522704
85.280280,3.284367
168.356300,-0.243741
154.760900,1.892512
198.154800,-0.864250
92.492750,-6.331524
264.722400,-3.596844
205.446500,-8.632564
296.748200,-0.159532
52.487030,1.180058
309.205700,-8.725670
14.060070,3.596415
223.857700,-1.221638
207.864200,1.506265
187.391700,3.319663
155.003900,-2.727660
136.067900,-5.663657
137.263900,-9.403867
225.859500,-6.844400
289.735000,6.822659
124.770300,9.403863
41.258750,2.215853
170.561100,-1.075240
241.505000,0.249280
245.341500,4.115663
36.025560,-1.247174
110.828500,-7.545367
145.143300,2.946942
149.583700,1.998343
217.511300,-1.721160
77.784160,-1.525896
28.068900,6.118863
294.690600,1.450894
143.594000,1.596773
233.456200,7.542346
235.157700,-6.764148
231.336400,2.719838
222.188900,-0.969272
286.577100,4.355270
119.752400,8.540072
127.066100,5.739270
8.518776,0.683608
207.473700,3.512422
51.725110,-4.078929
109.991600,1.889331
35.231750,-4.668176
73.585570,6.987811
60.751360,7.561974
278.058800,4.048771
19.236230,-4.731877
196.475600,-2.057086
218.306200,4.989960
20.158200,-5.474446
5.063189,-4.335689
41.393090,-3.074300
241.964000,-8.506015
125.032100,4.585394
245.306800,9.015059
233.926300,6.463014
256.315900,-4.305632
42.424880,2.377687
28.282530,-1.427997
158.215000,2.886403
1.728242,7.766804
312.630400,4.026126
87.323130,-5.705534
297.349200,0.852762
20.015520,-0.535708
230.479200,-1.325650
39.086260,-6.591470
205.429200,-2.782290
300.150500,4.631948
291.899300,3.378865
77.015990,-4.666580
162.544800,1.131166
179.428600,-9.382415
251.202300,-2.945828
304.861300,-1.496692
282.056500,2.441013
90.155240,6.031852
103.540800,6.396674
81.650280,2.070726
180.719800,-6.630496
297.659000,2.910036
10.143530,1.706312
118.758100,7.909783
28.127400,-9.403859
134.502500,-1.773928
26.877880,1.721875
186.496300,9.403875
236.753400,0.161101
41.076930,-5.386759
226.972800,-0.911639
313.340300,0.541001
35.951100,-2.422115
279.260200,0.698032
150.424700,-2.241724
114.985400,6.630870
35.203750,3.313808
253.034100,0.809380
53.351310,-4.307988
23.707320,-4.120399
244.194900,3.850094
147.660000,0.931900
279.405800,-6.599461
104.671500,1.532150
209.971900,3.506789
172.806800,6.386867
287.429000,2.334385
123.725300,-3.092618
87.132080,-6.867226
123.819900,7.085577
58.263820,4.293422
120.455400,-2.883642
23.362580,7.645103
126.744000,-8.255641
15.722700,5.971343
54.797780,8.338300
308.496600,-7.456102
252.430900,8.392797
27.068110,-1.635047
214.429000,1.231455
177.215700,0.901746
109.592900,-9.299918
157.174900,2.335317
27.506710,-0.542498
216.651000,-4.912843
259.343600,-5.575077
217.828300,-4.912784
126.795600,8.621981
265.625800,6.396624
201.255800,-6.926115
189.976100,-8.294068
249.605200,-1.479095
168.366200,-3.562478
157.225500,3.522738
190.018300,8.185646
172.822200,-1.134973
110.894700,1.134088
137.223700,-5.886243
44.382270,3.161817
253.386400,-0.312668
159.074100,-1.169702
302.598400,-1.024624
160.768800,5.241285
119.388500,0.479570
293.394000,6.466712
129.066500,-0.084571
56.073970,-9.403863
6.176897,0.923564
12.056050,6.680170
195.002200,-3.531592
276.914500,-7.196985
181.898500,7.758293
22.865900,4.315234
167.187800,5.462328
296.525800,-2.426737
111.999000,-7.420320
135.119100,-4.967474
305.367400,3.627570
17.398890,-1.241863
59.340150,4.770389
209.378600,5.793312
132.972200,-7.213302
168.885900,-2.506303
195.427600,-1.232498
164.553700,6.427179
8.373381,-9.047488
221.148900,-0.416835
241.160500,2.576369
21.254780,-5.046050
59.049450,8.218374
264.268900,-9.404002
241.002900,-1.799911
279.171100,-3.826631
253.145100,5.528940
46.669330,3.708106
154.673300,8.394216
113.186600,7.036577
48.014450,-0.640149
308.508900,6.639913
66.087590,5.120496
20.798480,0.343487
295.081900,6.750622
231.791800,-6.781651
266.809400,6.276658
95.034450,-1.433963
196.509200,3.479812
45.867400,-1.081742
65.591470,-2.423625
37.865540,5.105500
23.855360,1.795525
21.252240,7.036290
249.749400,4.805167
207.722000,-5.327747
176.328100,9.404098
103.529700,1.225930
125.199200,-4.850263
53.321840,8.744843
32.196820,-3.344534
304.989500,-2.666975
225.411100,-5.755874
61.646210,6.794986
272.188700,-6.921131
262.379200,-7.999987
27.674670,-6.334928
58.476460,6.799885
40.087630,0.351620
71.931850,-9.403859
232.180100,1.899349
218.060300,7.088824
30.960330,9.403856
302.322600,-8.590596
60.922450,-7.402990
126.690900,-4.975206
59.815890,-7.805319
103.950000,-7.434739
246.464300,4.468158
93.184260,-0.430811
61.783360,8.128530
76.924840,-5.845933
138.407300,-4.186891
222.871800,9.113903
304.731500,-9.330678
235.641800,-1.829789
302.956600,-7.596907
208.845500,-4.975862
50.836250,4.299702
280.012700,2.757997
68.999890,7.586207
296.406200,4.865770
299.281000,-3.390717
98.871540,7.891353
84.638690,-5.355139
46.877650,9.051398
158.350300,0.247223
203.290200,0.037769
235.367500,8.324629
272.309800,2.425193
198.164200,-2.381205
38.650580,3.047073
250.760300,-9.403947
34.644020,-9.403852
150.350800,7.387388
208.299400,4.494215
47.027520,-1.282165
221.574500,5.586268
250.123700,-0.422268
72.192650,-5.960690
91.187180,-3.376723
78.722180,4.044730
213.854600,5.530879
179.305100,4.633700
239.608800,5.804473
39.162610,1.288545
56.979870,-2.520857
113.875200,-2.304206
292.690800,9.403947
170.864200,-5.299444
124.753500,-9.403958
90.557190,-6.553098
219.939900,5.956254
229.458700,2.136128
37.910220,-6.537361
306.367900,-6.817735
1.961261,-7.616043
108.265000,-0.087268
65.679410,-0.073325
148.751100,-0.584013
99.200550,0.671763
149.410300,-6.052059
85.949460,8.050527
134.084600,1.570886
116.190000,-5.670146
63.073800,1.134496
245.000200,7.878408
189.262200,0.925631
59.905150,-5.288323
4.007159,1.908394
246.472000,-8.084720
249.553500,2.259109
279.125200,-1.639633
129.776800,-8.178981
299.685500,7.342834
141.673000,2.277544
164.662300,7.804574
236.186200,2.594429
230.983800,5.037504
215.392900,-6.823564
174.239800,-8.384466
46.076480,-2.545647
95.723240,2.038340
259.569000,-3.474327
15.072720,-4.541760
62.296250,-1.300642
84.250110,-4.243929
274.984600,-5.005659
110.525000,6.703976
57.982350,-6.995227
34.817790,-2.741014
114.281800,-4.959170
91.439440,9.403863
19.104690,3.131301
310.198900,6.614631
129.581400,6.556748
42.512660,4.679589
27.844000,-2.520559
239.866400,-7.839041
3.540075,-7.951896
39.879730,-7.629593
260.322700,9.405807
230.589800,1.809663
166.766100,2.627898
119.462800,-8.307125
207.063900,8.239511
235.354600,4.701640
96.167990,3.128354
151.227700,8.187237
10.693090,-8.756209
15.605110,-8.327594
153.704400,4.560383
198.774600,-5.582801
228.101400,2.683794
205.029100,8.575238
61.435470,-8.462630
84.033240,4.922039
255.270300,-1.086030
163.828500,2.746395
221.924100,-6.089868
106.155400,-0.273537
65.770100,-4.628101
100.678800,1.704039
69.745990,1.672609
304.918500,5.847587
177.028600,4.117671
7.931779,3.927584
237.727000,-1.922780
165.674200,4.334541
29.063430,-2.309021
110.963000,2.554384
284.119000,-4.431160
81.019530,-1.235453
224.067900,-5.897596
117.286300,7.806301
262.210500,-3.915890
112.849900,-8.233716
33.581800,4.969001
284.351600,8.404613
246.921700,7.089980
275.325900,5.175227
255.943400,8.540109
96.336650,-4.019593
219.890800,-1.192929
259.117300,-6.729974
178.814200,6.487494
290.342800,8.785051
98.430270,5.085218
135.575700,-2.610376
172.633000,0.026958
226.206800,-1.856772
63.656350,0.111452
237.564300,-9.327168
311.073000,-5.831734
308.194000,-9.327720
157.119000,1.159475
232.290600,9.403852
207.821700,-4.076169
32.180760,-6.783791
92.545330,3.022573
35.561440,5.602456
284.234900,3.333298
308.380300,-4.667351
17.750920,8.004293
199.837700,-0.324578
255.306200,-8.348801
169.047400,7.160300
196.258700,-6.829742
200.131600,9.403852
26.341120,2.989885
131.989200,-1.832399
72.560330,5.116364
71.905710,1.000464
281.116000,-3.351368
294.283900,-6.378917
172.233100,-3.507711
13.209680,-6.686949
81.814700,5.596244
239.208500,3.878647
102.110600,1.924363
12.448830,-2.678045
117.352100,-5.486509
85.545570,1.534269
88.956310,-3.737362
29.899640,2.270782
70.222670,-0.571098
213.513900,-5.764525
192.022100,-9.403874
291.134500,-1.804998
38.518730,-7.622936
289.266500,-8.367406
18.098610,-4.428821
308.424000,-3.490929
239.571000,-0.080109
40.677490,-0.860787
83.592250,6.013606
261.325000,-4.693494
23.626940,-0.816337
7.227046,7.117375
117.677900,-7.494914
260.940800,-1.575940
121.611800,9.295554
54.297360,9.403889
239.335300,-6.346337
254.105000,-1.244896
133.361400,-4.061882
227.978500,-7.220068
211.233900,-1.343653
196.719800,7.662579
25.031880,-2.193659
215.729200,7.049049
253.137800,7.451756
76.323970,5.304107
67.826830,8.120553
101.635600,6.258447
242.507900,1.085640
267.261200,5.071116
171.745200,5.878087
272.726400,1.024294
87.825220,-3.411998
154.102200,-6.022352
210.598900,-6.324867
303.903400,-2.212925
288.440100,2.937367
169.811600,-7.464889
101.351500,-3.052891
83.688760,-8.782938
296.200700,7.116570
207.095200,2.397706
230.163100,-8.630864
194.809500,0.716885
137.981200,-8.320508
37.507710,-0.736710
172.705100,-2.429399
116.963900,9.403883
38.431630,7.311623
242.630200,-0.095105
248.785700,1.367017
256.226000,-0.404349
25.813610,-9.096641
124.722200,1.143064
98.579000,-5.047464
238.254800,-3.082395
193.003200,-6.587142
96.758800,4.510736
149.130700,-4.908499
113.348000,-0.444713
235.228300,6.359469
105.063200,-7.817566
203.243700,-1.802604
136.351300,3.487922
99.225450,-4.063530
303.487300,0.196799
3.745513,8.971746
282.743900,7.136828
86.261410,-1.644833
207.014800,4.596525
92.759930,0.772468
266.921000,-0.449585
247.267400,2.805275
9.104489,3.820772
152.870700,-0.216180
228.802100,-5.115266
29.117470,4.213591
14.381090,-6.569361
37.727090,0.821193
174.547700,8.052660
232.990100,-1.544197
40.319670,1.505825
294.282400,-1.729180
225.593800,2.373102
47.756790,-4.896548
60.746600,0.889768
52.655010,7.774616
53.000740,0.120711
229.891300,6.538223
128.691400,1.031291
45.342770,1.015617
127.903800,0.099382
238.753000,-0.926184
217.458200,-8.880021
163.649000,8.403962
250.659600,9.129495
79.114840,-9.384077
236.859600,-6.722269
171.813000,3.216908
298.583000,0.665104
83.790500,-7.610064
309.341700,5.808014
199.547500,-2.484661
235.632700,0.520950
201.202600,-8.969253
71.936450,2.177361
114.361300,3.710479
165.293800,8.798985
145.097300,5.454929
2.914898,0.682859
160.465200,-4.061531
276.107800,7.961181
74.546060,3.761236
254.139900,-8.189135
97.410120,-4.907259
182.752700,-2.587494
132.384900,-6.193132
179.048100,-8.261124
254.318100,5.431916
100.516000,-6.257245
265.680900,8.396355
136.839700,-4.773458
304.875200,-4.937363
32.675930,-8.420724
172.836600,5.197538
122.923100,-7.861007
92.474990,-9.403981
192.208400,-0.495653
279.446600,5.836112
191.848800,-4.558230
135.698500,-3.781254
17.734080,6.518041
82.195430,-1.292087
162.324800,-9.167698
98.176150,-6.153677
243.033900,-7.002986
303.321100,7.421978
109.814800,-8.143734
91.548590,-1.816840
56.257500,-3.450490
216.516700,-7.185838
131.795000,-7.214633
70.472650,-8.703074
195.082000,-6.794090
182.244600,0.711402
16.275710,-2.573954
277.719000,-9.404256
186.661200,-4.504540
25.538430,-6.864248
68.769230,-7.044748
114.440600,9.402770
309.862400,1.023983
221.768700,-4.923005
216.063700,-2.068681
97.364290,-0.737195
192.020900,9.403929
185.032000,-5.326609
32.408390,4.873468
142.004600,-7.258816
98.788370,-7.369163
297.255200,-7.125130
276.088200,0.450326
245.388100,-8.573887
141.532700,-5.275589
114.059400,-8.941790
250.918400,-6.199723
281.545700,0.490905
281.945600,8.002012
118.268500,-8.512985
205.064800,3.582353
165.158000,-1.598231
288.666400,-9.403920
214.571200,7.510526
164.123400,-2.960614
122.224700,0.186006
229.875100,-7.489364
7.830712,-0.271608
58.805600,-5.709121
231.891600,-4.776993
36.665550,3.747323
179.722700,8.560670
161.980100,5.620108
261.674100,-5.818264
296.485800,3.051995
135.357300,-0.870233
171.021300,-2.709720
252.850000,-8.429711
270.608200,6.250511
153.547600,-4.473432
121.441300,3.123262
14.495700,-2.073970
49.645740,-7.962305
28.276870,0.799211
241.343900,8.553660
290.443600,-8.358230
94.694140,-5.499772
21.072180,2.659046
90.693150,-9.285621
36.103690,-7.873234
115.945600,7.312008
34.792060,-1.284727
34.403040,5.812561
126.488200,-9.404192
256.176700,3.131295
289.385400,8.100203
212.461800,4.689481
182.625100,4.134102
7.144869,-1.228474
68.400960,1.773875
18.882910,7.680847
166.612300,-4.707008
59.148720,-6.835308
147.301800,-8.110269
209.895300,-7.268762
32.301380,7.245743
288.622200,7.204120
139.149600,-8.464737
100.603600,5.691948
203.275800,-8.750079
209.968500,-5.330598
86.379450,-0.473513
139.327000,2.326334
113.710200,0.708786
8.474704,8.200315
257.006700,-1.283062
135.949200,4.594378
235.361000,-0.686545
172.948500,2.401280
218.766300,-5.624407
149.579700,5.664072
246.876200,-0.603954
9.648725,8.112560
276.080800,-8.211916
145.332700,-1.454553
183.258200,6.421041
64.909020,2.111811
146.123300,-4.937447
191.198700,6.545827
95.395010,-7.563051
267.488600,7.237629
46.142520,4.760952
298.571600,-1.999730
196.800000,0.295926
8.061677,-7.592501
53.827740,7.671197
53.792950,-0.878982
107.390100,-5.539297
278.269300,1.332134
142.561000,9.337635
158.045300,-2.028557
80.302090,-6.521099
115.465400,-1.300437
87.486920,-8.034515
293.769700,4.800617
255.504900,0.529168
94.890550,2.870514
222.618600,2.686547
250.617900,2.759653
278.194500,-7.077711
288.752100,-6.130296
160.869200,9.017784
114.586900,-3.484653
70.146030,-5.560033
153.946200,-9.403753
153.690900,7.017413
10.839740,-4.706491
25.413850,-3.311705
245.217100,-5.037364
203.596100,8.675582
285.838700,-0.503431
152.115300,2.972981
10.905960,2.603373
58.765530,2.125928
181.856200,-6.323005
66.816590,0.231345
142.795500,6.000887
271.769200,6.052528
298.915200,-9.178346
294.103900,7.405645
69.145930,2.685484
282.310200,-5.373892
229.046800,3.385273
188.830300,-8.564178
46.778300,5.751813
160.429000,-8.490645
270.547800,-9.403863
232.117600,-9.095545
68.987080,-1.642761
251.076300,-4.822580
83.550960,-2.393733
248.971100,-0.186544
302.672500,-2.199487
7.230093,-5.397065
141.116700,7.555802
148.916900,4.691559
106.765500,7.765475
290.221200,-2.547626
125.942200,6.090648
307.204600,-3.455185
157.520900,6.571885
279.796100,-9.404015
10.260680,9.118299
93.837970,9.403533
223.038600,-6.468965
38.080570,-8.715661
13.313670,2.032530
257.836500,-6.486209
220.115400,3.884140
255.040500,-4.538295
173.960100,-0.714046
237.108500,6.524620
187.674800,-5.305441
161.326900,-2.091317
128.561400,-4.428434
309.449600,8.805429
166.334700,-8.124664
142.212900,-9.403958
226.042900,7.935040
115.620400,9.403867
219.736600,-4.957842
90.155650,0.029772
14.736770,8.318769
274.575900,1.904935
302.385300,2.351710
138.884200,4.918924
152.453600,8.713556
79.628330,-0.055488
133.562000,-6.194409
159.204100,2.250017
102.072400,3.993636
187.505500,-0.641852
96.565360,1.215766
149.323100,6.812974
249.232400,-7.584208
207.237900,9.403862
276.986600,6.805326
263.459600,-7.532661
237.806200,4.304814
109.736800,-5.511497
81.868190,-3.517854
89.394410,-6.736022
84.762150,5.882094
294.982100,9.028172
251.285800,6.516480
13.270030,6.455369
108.678800,-7.834989
80.053960,-5.370264
295.608400,-6.190744
223.239500,7.048892
198.282000,-8.011771
0.611556,8.234973
277.285000,7.953852
104.809200,-0.694319
234.654100,7.388193
38.784440,8.434810
198.952000,8.227095
262.521600,-2.778420
262.514300,2.193797
214.992600,-2.557242
106.439300,8.978024
76.789390,0.121440
88.229570,3.828863
110.062500,4.309021
87.431220,4.693963
26.350760,-0.319355
88.027400,6.943881
47.782550,8.082568
289.843500,-9.403852
212.018200,3.137550
192.524300,8.339830
121.642400,1.209057
48.089720,-3.767307
258.579300,2.039637
237.095200,-5.568942
274.962700,0.793388
93.425180,-7.049974
258.185700,-5.364870
112.767100,5.936614
216.893200,6.872823
204.142000,-1.041683
38.724520,0.195801
234.599600,2.741008
103.340600,4.696563
184.191500,-1.283519
304.124800,8.286349
62.191130,9.403859
256.743200,9.403882
113.214700,-5.456360
260.587200,4.196957
142.394400,7.110090
279.251300,4.675174
248.919500,-3.052050
48.048580,6.001181
236.417900,1.398093
37.351020,-4.125805
278.533100,2.478747
66.629070,1.393667
193.231900,2.824843
28.731290,-5.815734
87.386250,-1.297669
156.669400,9.094608
246.605200,5.956370
141.214900,3.361936
286.461300,-2.204450
151.236900,-8.542622
290.901300,6.665317
161.547900,-8.124645
167.870400,0.913504
43.114280,-8.034218
115.768900,-0.162937
146.979200,-3.201048
126.657100,7.441884
66.195610,-7.280710
77.999580,5.011542
120.293000,6.186731
178.251600,-9.403878
112.439600,-1.964767
310.905300,-2.559814
284.249400,-2.093245
144.828400,-7.637145
195.687400,4.583894
93.198000,-3.712265
181.303800,1.419114
140.288700,6.717350
289.216200,-4.768715
167.898300,-8.884055
136.102700,-9.211127
193.146800,6.570727
51.515540,-5.781945
90.899870,6.953533
307.346000,6.951820
175.902900,5.161129
172.173400,-7.245803
210.946900,-2.485590
51.461670,6.221056
7.683568,-2.275391
205.567300,7.528188
91.151600,2.110217
241.015700,7.423059
123.256900,-0.379677
47.385750,6.974158
264.916300,-4.757815
280.818200,-5.242098
141.544400,-2.021687
32.333530,-4.513865
303.222500,5.368599
260.272200,3.064112
236.028600,-7.556160
67.221700,4.804588
100.746300,-4.602496
66.717040,-0.941735
74.606190,4.936982
132.351500,-8.251351
205.557300,-5.027295
52.122400,-8.166943
294.618200,-2.861066
11.120570,-7.659264
288.753800,-7.307592
271.567000,8.384739
57.465920,2.157012
144.946900,-4.967929
169.495000,6.071229
248.096000,7.168704
277.252700,-8.324030
112.371000,-4.053479
123.908200,-7.120562
284.845400,-5.357554
173.651700,-9.403974
13.136280,4.374251
125.621000,-8.608463
140.366000,-5.431711
10.514910,-3.574956
262.113900,-1.673019
312.563300,5.201897
274.630400,-7.468253
99.022700,3.997622
96.305400,-9.403865
168.820000,3.893699
280.290200,-4.190137
142.709100,-1.850369
242.320900,-4.470665
97.019430,-3.060783
287.009300,1.234530
89.526280,-7.905886
137.333300,-3.704762
143.041400,0.365902
222.526800,7.988317
149.084100,-9.403872
223.557600,3.396760
92.648440,-5.164607
76.606650,-2.319487
50.438740,-9.303704
191.099000,7.719168
139.815100,5.639571
49.731460,-6.451327
224.210500,6.383204
185.227900,5.362669
105.523500,0.719765
106.585100,-3.533688
110.039700,-4.373950
135.830400,2.432196
158.300800,-3.177751
58.648220,-7.966158
22.552150,6.787576
24.337130,-6.048095
156.053100,1.978104
134.786200,4.776903
40.634130,3.213784
104.364300,0.395631
292.228200,-6.204000
5.403183,0.036300
134.533000,-3.946835
94.261200,-7.878640
165.553100,5.505418
299.572500,9.404970
305.230400,1.572348
62.608180,6.116307
159.190300,1.072964
28.661640,-0.313423
240.678900,6.295145
26.950110,-9.403852
7.910236,-6.358011
268.043400,8.275453
20.518530,-9.403852
277.980600,-3.661714
254.275200,7.766393
185.224600,-0.719123
226.422900,-7.882840
123.576400,-9.403931
255.495300,5.414531
283.299600,4.046851
259.097600,9.404747
174.526000,-7.242811
197.427000,2.742484
196.227900,-3.717712
50.384830,-4.291857
125.618100,2.659693
61.121400,-1.376544
174.896200,-1.643841
140.396200,8.486903
244.256500,-2.889686
303.775100,-1.042898
310.458700,9.410148
8.919381,1.790321
40.242150,-3.383308
230.205600,3.045485
243.094800,-8.178611
154.617700,-4.964260
296.096700,9.404099
160.577800,-0.503920
208.383300,-7.505266
155.035700,0.748452
250.764600,5.461348
170.686500,5.314675
175.435300,7.278935
148.787400,0.592698
226.123800,-3.512567
120.753100,-1.432276
64.314350,1.087706
240.081400,-4.379405
52.420520,-5.028893
51.730160,-6.967902
307.552700,1.244969
188.467700,9.403976
42.845280,1.272781
137.475000,3.136701
264.608200,-6.219087
89.981440,2.255720
188.538200,3.611454
3.304097,-5.415885
176.602200,-7.997622
304.100300,-4.051117
143.985800,2.726818
5.885915,-1.037349
151.906700,-0.891907
153.407200,9.403874
117.319100,5.566094
251.807400,9.391308
256.031800,4.367043
55.271270,-5.585193
197.737200,-4.039985
153.032200,-5.531740
286.958400,-8.882434
115.436200,-4.728613
23.453600,-5.270025
91.449870,-5.785875
52.532330,-9.270567
272.036200,-9.337255
271.965100,-3.352188
282.390500,4.794152
145.124000,-2.910178
217.039400,0.828216
147.970800,-5.212692
186.215500,-3.066401
209.264400,-6.274151
70.762560,2.266563
202.397900,-6.640808
15.127860,-9.403852
312.519300,-8.435266
84.952640,-7.798233
237.609600,-0.646756
8.326868,5.036551
103.315600,9.327667
260.889800,8.377199
149.893800,-0.302385
281.400500,9.403859
247.441100,5.128012
56.606420,2.961531
183.243800,2.008526
222.179400,-2.837571
187.983300,-6.451880
62.897010,2.940915
10.094550,-2.475344
70.171030,7.706326
137.662100,-0.023783
273.026500,3.358997
232.403900,-2.570531
229.022600,-6.676262
207.457300,-8.232169
311.624200,1.773874
39.566950,6.390483
211.664500,-6.828149
234.394500,5.382871
86.690500,8.965346
151.046700,1.247661
37.053810,-1.822991
164.283800,9.403852
244.995500,-1.960474
255.955500,1.615538
192.164500,7.219009
301.532300,-2.492133
246.352500,-6.913508
84.688740,-9.403909
142.830400,2.492712
11.046170,-1.324973
217.309300,9.185333
64.038470,-3.286585
155.278500,9.403901
261.756100,4.294711
145.896800,3.857418
146.758500,-9.154652
200.368800,-1.641222
204.311500,7.634789
156.110900,-2.327642
267.459900,9.404225
212.569800,-7.944485
245.943100,-4.111382
247.731000,-5.082797
253.936000,3.651066
175.090900,-5.001515
80.941620,7.198352
266.675900,-1.735839
37.469720,8.419816
172.968000,-4.427351
271.309700,4.969165
158.177900,1.673806
201.793000,-2.073482
61.541060,4.864923
88.752200,7.871552
246.268100,8.068961
209.351600,-0.202749
309.450900,-4.177870
12.016990,-4.711538
97.479470,-9.317081
148.271600,-6.350809
234.090800,-3.888630
261.690900,6.199984
268.908700,0.809961
97.833490,6.260738
12.947230,3.212243
297.918300,-5.310495
184.193600,-6.153112
267.757400,-1.273283
71.780870,9.403863
232.054900,5.647422
66.659600,8.274077
304.677200,7.231806
151.201100,-4.392492
27.660710,-7.696261
238.932000,7.852082
205.162800,-1.628327
172.217100,8.194460
85.301750,-0.947346
150.012200,4.238020
73.113530,2.156214
121.392300,5.765436
277.487600,3.019617
260.497900,-5.801809
19.445330,1.051080
262.282700,7.217565
78.712540,9.403852
45.593360,-4.054053
167.766700,3.265485
181.632800,8.955944
91.212350,5.513824
279.393400,9.403935
43.598390,2.283429
215.787200,-5.714311
49.228960,-5.224383
15.546540,-7.038177
42.750840,6.665708
67.391820,-7.574348
243.830500,-1.792263
196.868200,4.601028
124.158200,-1.136837
215.525900,-4.566411
269.370700,-9.403886
60.168290,8.584703
276.442600,4.533152
89.772010,-5.620955
175.222000,6.121314
59.416960,6.037697
188.909000,-4.441490
311.471100,4.230479
93.929500,0.638119
49.726590,6.264468
62.068980,-2.455797
69.625110,-3.543808
120.584500,0.692519
159.686200,-9.403926
116.292200,8.437077
140.498000,2.205126
11.055190,0.359926
79.146460,-6.296422
109.469000,7.224504
186.609900,-1.957150
222.900600,-1.907087
226.189100,1.357489
170.210300,7.825842
194.506400,4.794329
241.825000,6.564273
8.369181,-1.318483
296.447900,8.273187
130.452800,2.564804
221.386500,-7.137188
278.757500,-8.849977
192.900600,1.689749
211.673600,-0.241265
245.806400,-0.113741
280.564100,-6.391273
282.227200,-7.476394
131.716700,-2.977631
222.470600,-3.978208
221.859200,3.586120
266.113400,5.328259
184.504700,0.212429
179.265200,-2.004667
246.839400,0.646671
141.195700,-6.403527
66.734340,-2.118907
302.136800,-3.501757
265.645900,1.819431
296.780600,-6.047724
222.910700,-8.619796
283.487900,-5.424841
278.442500,-5.923476
170.596600,6.488445
71.340080,-1.475679
41.342220,4.552823
147.948300,-9.094134
57.085060,9.403879
153.427000,-8.168764
93.472150,1.722863
4.584988,0.882670
306.908700,-5.772075
233.467800,9.403852
134.705500,-8.251204
294.876300,0.276859
229.793200,7.711130
117.017700,1.872675
157.113800,-0.017569
192.002000,-8.226804
3.498814,-2.265009
217.145600,4.793083
70.753520,-3.208135
118.513500,-5.294960
10.915890,8.013577
299.066700,5.091437
258.893000,6.262089
78.353260,6.134442
285.479500,3.915851
312.608900,-0.886454
259.476000,-1.352411
214.220200,-6.718036
275.220000,-2.610300
157.936800,-9.403882
4.663115,6.047676
113.950100,6.064226
84.369670,-0.228201
9.343036,-3.462146
307.721000,3.460299
218.798700,-4.246360
264.943300,5.438093
270.764200,2.255122
88.604370,1.998975
83.252130,-0.773096
267.917100,0.176722
149.827300,-7.152982
120.110100,-4.009025
152.957600,-6.706635
87.714840,2.770123
13.465090,8.554939
116.425500,0.814569
284.934900,1.352019
146.486500,-1.222139
14.267560,-0.919002
272.155500,9.403995
168.618100,5.284734
178.200700,4.226074
16.286840,-0.078472
99.484430,-1.684437
108.231700,-6.745998
83.188200,0.402416
230.589500,-3.115681
292.047600,6.398100
194.862300,7.387182
17.855090,-7.443335
204.266300,0.695989
242.370700,2.254902
269.114900,5.750547
1.658834,8.941854
292.270900,-2.193874
74.120410,-2.556537
162.742800,2.291333
62.719370,-8.372986
74.421990,-4.510770
193.432600,3.984928
94.374190,-3.666722
231.037500,-7.691593
114.367300,1.685558
118.575600,4.596772
51.420980,-0.883189
76.880100,-9.403852
190.049200,-1.318510
183.416400,0.823966
291.053800,-7.350927
304.116500,1.191621
56.223630,-8.236146
18.448240,-1.808076
167.316500,-0.822212
165.152000,-8.080398
84.497790,-3.093100
299.089800,-0.398675
120.839400,-4.933147
129.342900,3.080644
252.222100,-5.088385
216.019100,1.415691
310.167900,-9.403996
43.873440,-3.358343
271.814700,0.267515
226.383600,3.246615
209.955600,-4.153380
188.845800,8.289300
193.083500,-7.761619
5.925646,3.079593
244.117000,7.100092
193.517300,7.707493
120.211700,-9.322342
71.476730,6.493107
23.499870,-9.392257
80.196270,-3.769730
195.929800,6.765329
110.486600,-6.418921
13.993070,-4.072361
12.412980,-5.820197
116.219300,-2.512954
146.493800,1.102192
291.842400,1.998470
286.940500,0.059277
308.257700,-1.363989
88.992280,6.214793
80.050700,-2.144231
19.619160,-8.642714
104.791500,-6.611690
80.688510,5.939229
112.803200,-6.560749
10.889190,6.836591
71.262020,0.014114
70.461300,-4.372549
200.941400,0.121010
170.263000,-6.311460
119.037300,-9.404216
254.686200,-9.403408
273.312600,7.166961
169.384600,-1.098157
278.437600,-4.746611
270.895900,-1.628211
234.305600,-8.996893
45.005230,-3.034189
79.176450,5.292784
213.739200,-7.808334
228.851300,4.682481
111.799700,-9.403893
107.501600,-7.831412
279.104000,3.507428
197.791000,3.862182
277.972400,-1.387638
30.365980,-1.928221
212.153800,-3.327206
261.434100,-8.701514
228.520100,-3.972286
111.501100,0.125091
199.114400,0.604274
85.183740,-2.118645
220.667200,2.844319
289.266300,4.976294
136.427400,1.367860
176.547300,-3.503282
281.050100,-7.463263
32.945890,3.826031
107.792500,3.727921
134.217300,5.808461
192.181400,5.897062
186.520400,-6.707854
55.837970,2.069624
110.897300,-5.314391
155.123500,-9.403963
195.484200,2.900522
16.439080,-6.265567
155.341800,2.916130
169.105200,-6.523123
112.976800,-9.403962
302.144500,7.461450
240.429000,0.725664
202.698200,-5.502518
33.763760,8.104766
165.872800,-0.371326
165.715000,3.158169
40.862190,-2.023505
24.220460,9.403782
220.263500,0.359022
239.480500,-8.973692
197.775500,8.183808
48.452970,4.284512
244.635500,1.569725
286.913400,-1.117599
34.436700,-0.162338
296.341000,-1.264013
7.748514,6.061916
126.660700,-3.018988
2.830949,1.857787
247.118800,-4.076106
169.506200,0.072356
153.158600,3.517721
119.242300,6.717758
178.972300,7.653852
305.457900,4.801270
230.830000,-4.268029
33.111070,6.048094
266.875700,0.724529
307.543900,-6.764729
156.485700,6.011814
99.308140,-8.425417
150.323200,9.403951
143.719300,3.873541
69.638310,5.386049
147.249100,-6.934231
164.401800,5.259780
197.614300,5.529474
139.019800,6.516559
105.638700,7.424299
121.167000,-0.330348
254.249700,-7.017136
75.717220,-5.844781
149.427600,-3.765011
287.479600,7.482808
200.718800,-4.611086
60.422780,5.232815
88.610800,9.403863
126.653200,2.094600
57.959330,-4.890676
96.148980,-2.268162
230.908000,-5.442630
291.319200,5.473944
149.300800,-2.594579
247.426000,-7.395068
260.727900,-3.679125
130.219000,0.155452
218.937700,3.827620
266.758100,3.071142
224.029000,-8.251638
186.450300,2.612972
80.922700,1.137116
227.092900,7.400420
197.369200,6.680792
133.490600,0.333174
70.193480,6.529243
236.297400,-3.588813
269.807100,7.112987
199.105300,3.796645
78.830960,2.872468
94.362770,-9.403874
206.513300,5.661572
283.563300,-0.253796
206.521600,6.838795
118.343600,-0.062521
295.942500,5.947746
36.017400,1.085930
313.836200,-3.159418
103.156200,3.533833
89.826040,-1.100348
82.375390,-2.455500
47.804420,-7.983835
283.266100,-1.401266
243.085000,-2.773844
238.958400,-4.026217
180.028400,1.956635
77.094610,7.716288
307.582500,-8.197940
64.468520,-9.145448
156.968100,-1.520818
247.761500,-2.840868
163.027600,9.403874
292.231200,-7.381289
9.005530,5.998628
155.257000,-7.385379
22.698350,-1.744675
86.939950,-2.606852
293.733800,0.560225
85.975040,-7.214620
138.014500,5.712461
153.747100,5.763805
149.930500,0.873828
216.343700,-0.121579
165.825900,7.625745
258.293200,-7.569948
257.715900,0.132019
50.406950,-2.168013
4.153703,3.791646
25.704700,-4.512520
274.476700,9.403859
146.824000,3.132490
163.657700,7.190769
131.456000,3.180726
141.035800,-9.403904
196.977500,-0.867886
228.663100,-9.197735
212.850600,6.145757
68.163060,-4.841025
70.754660,-7.518820
285.934200,0.669955
103.121500,-4.776825
252.762900,-3.186423
291.371800,9.356760
108.560300,5.010597
202.129700,0.235540
308.844300,3.812294
269.775900,0.013854
301.726900,1.376116
234.165200,-0.985288
161.171700,-9.403924
130.511500,-7.240982
292.822300,2.650039
158.811600,-8.616030
110.600300,-3.163856
277.270700,-4.899911
95.513640,6.064631
140.149300,-3.367658
227.593000,8.466125
44.999670,4.421500
65.437350,-6.380118
250.052600,-5.402293
41.813920,-6.304835
171.858100,1.957550
178.901700,9.403994
5.597955,4.210362
17.443010,-2.420901
232.423200,8.106999
250.047700,-2.717239
288.240400,8.380994
154.830300,-0.410233
254.427000,-5.578814
262.066300,8.373843
164.628100,3.610388
308.760700,0.154733
165.451600,-4.898688
72.709340,-4.902835
23.084130,0.906013
104.230900,3.005114
67.809820,-1.639983
235.304100,-2.957542
303.754400,9.403852
108.957000,3.901313
248.375400,-9.404149
212.090100,-2.151650
152.382800,-4.302751
209.224200,9.403855
178.999200,-6.435661
177.684900,-0.177521
96.456310,-7.054556
93.418710,-8.700560
248.397600,2.478416
193.980900,-8.523541
52.546960,3.333630
86.950520,6.468237
47.079410,-3.162424
152.880400,-3.103454
125.869100,-5.818110
138.441000,-9.404122
175.667800,-2.720802
34.020130,1.885192
299.614000,-1.453027
56.946180,-0.134013
160.362900,-2.767051
13.861160,-8.650385
79.546570,6.954808
162.501500,-0.137731
279.887300,-2.853062
115.842000,1.928110
85.484920,9.132294
26.876610,4.038883
193.632300,0.702915
39.698010,9.292384
174.139000,-4.309060
136.452900,-6.776006
259.541700,7.240818
306.753500,0.380662
234.011800,-6.493957
204.823500,4.907252
289.168500,0.555565
195.274500,5.686392
11.402810,9.403859
92.038980,-0.158261
29.157250,6.567746
224.814700,-3.703828
31.141340,-2.822575
247.562200,8.217946
112.789800,4.759640
167.812800,2.089220
224.847800,1.462186
277.178600,0.891556
60.500950,-6.303731
23.975470,3.768770
159.556000,7.117939
274.148100,3.001560
178.125500,-2.299439
256.485900,-8.408134
82.188080,1.023465
251.915000,3.900235
72.997790,-2.201922
13.126940,-0.627484
246.223000,-9.403885
307.649300,5.814306
164.355000,-6.528654
50.728220,8.371083
43.492620,5.332058
192.837000,-1.491014
189.329300,2.295512
309.934800,-1.885558
173.722500,0.469881
307.689400,-0.333225
236.509900,4.475495
100.613800,-1.015667
146.452300,-6.067708
92.309530,8.610865
126.455800,-0.741699
313.033000,-2.298654
138.309800,-6.339713
58.388950,5.464007
293.589500,-4.081803
34.991630,-8.259636
196.402000,2.163365
108.482700,9.370009
271.961900,-4.528713
22.187140,7.906860
169.786300,-3.263527
171.885300,-8.385612
282.942800,-4.381201
283.253400,-2.720719
243.359500,4.679357
259.414500,4.226829
137.318400,-2.527629
104.374100,-3.504796
124.970500,-7.627859
98.338430,-1.414909
195.685700,-0.083852
295.158900,2.879912
76.514020,2.333806
178.858700,2.088899
180.470000,4.463885
305.737900,6.692464
168.658200,9.403852
253.884400,-2.829152
69.535000,8.697676
92.133940,4.176950
103.971600,-9.404092
205.054200,-3.962903
4.330524,-6.542750
227.699100,-8.363732
219.477700,4.873654
62.715660,4.943937
133.609200,4.800394
39.584410,-8.769251
128.230800,-6.444667
176.505800,1.840923
7.349172,0.816666
249.483900,9.070779
300.949700,-5.528629
73.936740,-8.983888
203.137900,6.155942
287.535700,-6.165487
307.203700,-4.632391
259.230100,-0.201447
234.466700,-5.018597
240.306100,-5.614657
117.384600,-2.348209
280.730900,7.467576
84.060360,3.742897
22.322640,-9.403852
40.308520,5.476106
148.392600,9.239518
129.955500,-3.410889
170.708100,-8.384748
306.028500,-4.700497
226.602100,0.205715
281.741200,-6.404264
20.772600,1.520500
264.616200,1.099252
186.316100,3.819257
131.186200,7.658303
310.411800,-4.857895
262.280000,-6.827168
69.898280,-6.710965
130.928100,-1.319866
201.843100,2.407932
1.427999,-4.924348
240.788500,-8.570887
6.219575,-4.115486
37.417410,2.841389
23.840700,4.975384
203.960900,-3.526542
89.272400,1.029617
148.688600,-7.451761
96.626560,5.680576
145.155200,-6.126586
238.780400,-7.384599
64.514830,-4.454700
28.215190,7.292586
199.683000,5.236433
43.860620,-7.123426
9.598101,2.751968
301.780500,-7.545599
98.653540,-9.403876
11.250290,-6.023890
300.492700,1.493830
98.054650,-8.289852
206.345100,1.490372
281.298400,4.356296
155.791100,-8.434426
312.130400,6.534242
222.147600,0.207173
82.461580,-5.757596
8.425587,2.858946
121.507400,7.524501
21.640340,-1.228301
161.429400,-3.264150
161.568400,-4.472262
283.730600,9.404094
120.258500,3.102670
93.116480,6.243636
92.375040,5.329205
272.007100,-0.970192
209.780700,-2.647384
224.347600,4.269633
82.223690,9.184334
280.234000,-8.311582
211.004000,7.336798
57.424770,6.139408
108.602500,-1.215118
169.830200,9.292931
92.208660,-2.791626
306.405500,1.508107
50.589050,-7.257901
132.893600,-2.981738
209.038700,1.588367
102.685200,0.405644
205.808700,2.599363
124.363400,0.022119
283.148600,2.879753
246.557000,-5.170401
160.325000,0.759396
201.699700,4.431545
219.481000,-9.402939
299.521000,3.637380
214.636900,-9.043028
191.390400,-1.342283
162.889500,3.459116
159.288200,3.424281
143.950000,5.115000
198.688100,-6.760677
6.270536,6.422414
152.705700,-1.756562
175.132600,-0.490689
127.050300,4.128767
175.305700,1.757821
32.624270,8.400680
103.205400,2.357619
167.481000,9.392333
55.942630,3.960582
305.253600,-3.814238
226.777700,4.355785
163.528700,-0.712186
109.940600,3.138051
284.865200,0.177049
274.208800,4.177111
268.630900,9.295162
65.645770,-9.150529
11.750320,3.423767
33.932330,6.891665
157.918500,-7.849124
37.340340,-7.567538
200.289400,4.227366
44.021080,1.184622
156.865000,-8.917062
15.876420,-3.681470
286.572800,8.232117
277.362200,9.128615
242.190700,4.544636
146.929900,0.008850
24.990530,-8.254883
223.312800,-3.156015
135.852200,0.198239
249.552600,-9.404040
233.349500,2.032776
84.329790,7.014268
269.847800,-2.339951
182.887700,-8.340771
143.651500,-7.667546
55.799450,9.106037
286.003500,1.845065
254.873600,-2.192581
164.569000,1.831263
234.182800,8.468522
0.676530,0.943457
100.044400,7.993190
199.229500,-1.344777
202.518000,-0.875764
142.870300,-6.461033
122.221500,2.234068
256.948300,2.243048
257.109300,-9.404687
159.180100,-2.342091
260.190500,-2.478246
191.401500,4.928827
193.535000,5.459380
9.056970,-0.363185
201.438300,1.188208
12.657670,5.449868
184.015200,7.335720
197.977200,0.299565
130.820900,-5.083620
274.968000,-8.595876
122.055400,4.792658
214.643800,-5.434028
45.540000,3.375518
146.852300,7.043436
213.254300,-2.326101
187.860200,7.645548
108.658700,6.369510
141.866500,0.291377
25.462860,-5.689382
5.670465,5.409530
226.209300,6.622502
165.838200,0.808759
308.837100,-2.388543
182.801300,-5.259588
144.703500,-9.403852
50.372280,7.248885
201.347100,7.368669
65.491900,1.088939
238.256500,3.186153
108.767200,-2.380838
217.617800,5.944987
230.926700,8.029197
138.802000,1.192381
232.913800,-3.862830
232.456400,-5.809895
121.536100,-7.079233
75.234500,-3.658794
185.333600,9.219791
29.762950,0.102643
202.991900,2.665150
244.271800,-8.200173
126.764200,0.394159
270.726600,0.712963
124.497500,2.298445
166.715100,-6.881565
145.724000,8.355218
101.605900,5.074548
136.805400,-8.266634
291.620400,-8.387745
152.088500,1.796216
256.534200,7.521872
214.672300,-0.515659
92.680960,-1.495088
289.906500,-5.899102
48.787790,-7.155256
255.258300,-6.410801
171.584900,-6.227986
219.643300,9.403939
122.007200,-4.785543
7.204601,-8.906124
144.950400,9.244403
139.858700,-9.403990
264.499700,3.450301
308.106000,4.729270
280.867500,-2.201007
264.259800,-1.182231
131.836400,0.866436
299.789300,0.548263
253.509500,-9.404102
129.559800,-1.153337
105.904700,-6.994575
8.169563,-3.347691
288.461700,4.117348
249.827300,3.630613
253.341200,-6.268559
49.233270,-4.047093
105.075100,-8.994617
303.927500,-8.300640
150.979600,-7.393823
180.740500,7.969461
96.171480,-5.185074
256.140200,-3.141757
122.669400,7.335236
214.724900,-3.703673
142.703900,-5.158221
219.241100,-7.912072
140.152600,4.461435
128.817400,-9.151541
26.291850,-2.526311
301.774600,-6.368394
245.382800,2.479602
146.087400,6.091687
2.003696,6.068418
265.694600,-5.640787
62.910970,8.472298
89.732240,7.130463
238.064900,-6.236572
267.834900,-6.496487
159.759000,5.875062
59.569380,0.902914
107.679900,7.023734
213.050100,-6.853751
213.447000,7.160864
27.122070,0.570185
287.992300,0.588374
157.440500,-3.981347
98.141050,-2.703392
78.620700,0.553436
237.285800,5.360809
34.937110,8.008470
286.529100,6.788874
121.914200,-1.239798
69.173720,4.304313
74.266350,2.407722
43.841810,4.207738
281.407100,-1.154903
209.308000,-1.555348
107.054600,-6.742394
79.419190,-7.464887
183.915200,8.805337
22.512320,-0.437292
188.130700,1.250418
78.874950,-0.960627
267.761900,-7.671998
14.827900,0.116386
303.078000,3.303147
171.437300,7.312487
302.959800,-4.343148
190.353900,4.391842
119.708300,-1.973760
81.286700,-5.682654
103.316400,-8.426601
215.087100,8.568761
21.948350,0.596139
178.387300,1.010295
119.809800,1.578754
200.780600,-2.744123
130.090300,8.088403
188.415100,0.108065
20.654600,-2.768058
242.161800,7.692307
105.323500,4.965415
58.139180,3.122772
26.002530,0.934614
57.353240,-3.881372
257.867200,2.975245
151.787000,-6.537085
140.956000,5.349359
215.455900,3.613969
152.714900,5.197712
266.712600,-8.204989
311.193200,7.244093
129.487800,-2.328211
238.219000,6.915278
248.232500,5.999403
20.727310,-8.245217
287.529300,-7.342612
141.148200,1.223835
310.768700,5.584390
103.201000,-3.602301
234.897500,9.403925
47.224820,0.233044
311.595600,-0.286899
204.008800,-6.838062
265.584100,2.994788
61.329490,-0.134304
41.785340,3.460596
145.351500,0.818739
206.013000,0.360950
206.234500,3.714931
100.272900,-3.524693
237.319900,2.278588
225.222300,5.781410
243.369200,-3.916328
97.010160,2.305743
37.974070,-5.361795
11.845950,4.597152
22.313050,-5.561895
169.777600,2.049450
112.533200,0.691238
175.661500,8.434078
265.500600,-1.679987
29.984680,-3.042033
233.195900,-8.603263
224.184800,-2.365751
85.939290,5.865432
20.522650,-1.598176
59.841950,2.602971
160.123600,4.256580
64.556980,5.679343
276.114900,-4.678776
154.589400,-8.354903
186.288800,-0.215757
23.538540,6.113286
190.736800,-0.362924
202.686800,-2.839744
186.831300,7.073496
189.541000,-0.256473
36.750050,0.164381
45.024460,-7.301034
220.658200,-9.403852
59.132770,-0.203507
20.126710,-7.232645
244.154200,8.775414
105.430900,-2.986263
175.417000,-8.383936
274.138000,-4.189039
286.421900,2.945162
44.675910,-8.875201
183.625300,-3.898060
294.519400,3.893043
91.254400,8.076180
142.809300,4.823671
102.971300,-1.616302
280.037200,1.581511
277.275700,-6.076950
199.858700,-6.952971
32.486430,-2.203425
187.482100,8.760336
244.221600,2.673171
1.829850,2.477332
273.402200,1.988152
8.855250,-2.390707
6.772729,4.133845
124.247700,5.463233
213.318000,-3.501658
176.207700,-4.630130
113.963700,-6.364609
35.170170,2.136990
147.899400,4.099471
247.259600,-6.161615
87.186700,1.718006
292.791500,5.455539
163.481400,-9.387218
157.939700,-0.856131
156.291200,-3.598785
31.489650,-1.576973
59.322730,9.403860
203.099600,-7.586083
11.415300,5.692835
237.538700,1.038138
304.036600,-7.128440
174.601400,2.701118
262.378700,-9.403937
283.853500,0.887123
87.900880,5.773434
62.219720,-5.802661
257.015400,-5.252399
149.569200,-1.433598
229.185600,0.647570
150.627700,-6.260117
4.871933,-5.497334
184.765000,-3.247605
229.310700,-1.468982
65.975160,6.292409
122.675400,-3.816757
90.971240,4.361568
128.031400,-8.275108
153.512500,8.199104
172.474700,-9.404072
273.967600,-5.597848
306.117600,-3.003330
47.342090,4.674344
145.941600,-3.757186
99.718620,6.853074
312.179400,0.735718
1.648419,-3.767864
72.507360,7.461340
198.693400,6.016734
229.919000,4.186908
302.450100,-5.404188
116.074500,5.880389
60.328950,-8.864941
35.709660,4.434532
31.936390,6.126453
168.958600,-4.585793
141.698000,4.435466
298.816000,2.692944
137.900300,4.269212
244.042600,-4.962212
272.156400,4.151765
160.166800,-1.606753
110.550300,8.388616
104.768600,-2.012931
221.118000,4.501189
7.271291,8.293823
116.943600,-0.242564
43.405500,9.216808
188.611700,-3.295586
48.584730,0.511837
103.855400,-5.842434
111.200300,-4.176761
194.285800,-4.617017
300.312800,-0.505731
141.323400,-3.281862
85.424340,-4.341414
243.464600,1.771666
136.319000,-1.549412
196.302800,-9.274963
195.697300,9.404004
8.427054,7.023993
249.411700,-4.415513
88.825810,-4.907290
219.510200,8.234380
65.040710,4.581943
285.375400,-1.750104
122.472200,3.691639
173.615300,-5.410626
184.449500,1.388413
164.672400,0.658688
13.355100,-1.782463
106.472400,6.546236
288.148700,-1.750898
67.890910,0.712807
43.905240,6.434681
205.168500,1.452163
167.198500,-5.727136
227.002300,-6.562003
35.767940,-5.716313
12.851580,-3.784298
125.586100,0.051802
72.666180,8.627867
11.977930,-0.371112
7.951304,9.254865
302.557600,4.358046
118.098800,-6.396196
117.474300,4.180834
111.926900,1.700296
3.060929,7.049111
182.299800,-0.464576
66.028440,3.941353
244.346800,-6.681259
231.113300,9.403867
181.652400,-4.948836
29.378190,1.215279
119.655800,4.113957
36.903480,-8.737160
117.499000,-9.403881
33.965850,-5.428529
285.605700,5.086286
183.580400,-9.292952
106.425600,-2.356941
61.923920,0.881896
138.953800,3.743718
99.309260,-2.848597
31.680680,-0.415280
242.659100,-1.676306
113.285300,8.226787
276.054600,-9.388737
161.661900,-0.962810
9.543103,-1.435304
155.953500,-4.726568
143.040500,-4.030163
28.024310,3.776567
188.159400,2.427271
115.758900,-3.596434
267.716900,-3.934952
30.933930,6.743774
56.662330,8.305143
144.748000,1.829599
305.578500,0.448007
25.622530,2.057327
266.781300,-7.021275
83.156170,7.107139
9.873264,-7.911301
194.561800,-0.434011
136.830200,9.251153
310.566500,2.290573
251.474800,-8.468445
185.545500,-4.128911
72.636570,6.291159
300.858500,7.439121
242.020600,3.379920
217.118400,2.006985
270.978500,9.403982
99.743650,-5.219505
301.319300,4.492084
239.719000,6.976581
102.374700,8.181293
179.876100,5.663192
269.815000,-1.162759
58.104710,0.370152
259.665500,5.374609
178.178200,3.049471
148.015400,6.861226
25.397750,9.403855
199.530500,2.005059
90.230110,3.446876
158.402300,7.352138
37.217800,7.269823
266.744300,-3.271656
227.342100,1.120321
144.318300,-2.051645
12.053590,-6.941287
273.090300,4.867807
305.116700,9.403852
18.682230,8.840913
270.926700,-2.803496
62.506740,-0.142315
102.677700,-5.867110
182.673200,-7.183176
17.946570,-6.269597
102.468400,-2.680789
77.297460,9.403863
311.934700,-1.874597
119.521600,5.297435
213.460700,-8.994340
178.363300,-1.145934
295.232600,5.008677
266.316700,7.348439
189.345700,6.019525
71.347510,7.663292
248.020200,-0.879707
274.297200,6.522423
183.320300,3.183962
20.537870,3.708117
190.969300,-7.661813
228.845800,5.972787
63.455140,-2.263963
27.229300,7.936598
158.277000,4.061926
291.020700,-9.403852
276.859000,2.024481
166.823500,1.452083
48.355360,2.291103
246.442500,1.966789
234.477500,-2.119930
268.408100,4.809299
25.912150,-1.411900
256.670300,0.681936
303.277500,-9.282212
31.252510,-4.047584
10.228490,-0.478106
219.273500,0.996175
216.911500,-6.063180
69.049970,-0.467145
91.593440,0.931471
212.730600,-4.753622
244.694900,-3.982302
173.450100,-3.353413
64.005580,-8.062994
145.662500,-8.720586
204.618400,2.493016
126.087800,-7.025448
185.386800,-2.218299
277.487800,5.078081
297.194800,3.991855
63.822170,7.679060
263.360400,-6.359978
144.062500,-6.564517
209.942600,6.826730
123.674900,-4.438182
162.642800,7.787320
24.782200,-1.043147
252.462400,6.487661
146.161300,-2.353632
208.338700,2.712221
228.435600,1.554945
45.962690,2.276717
252.189300,-9.403944
207.571700,-9.403863
21.466040,5.878567
100.135300,3.199371
207.763600,-6.504293
190.457200,5.631566
110.889500,5.584517
218.777700,6.146366
155.429000,-5.817260
115.252300,0.909455
200.037000,3.077559
189.745300,-3.612967
119.294000,-3.075405
53.727170,3.464066
248.005400,0.485788
296.092600,-7.310895
108.489800,7.878232
261.606700,-0.609936
255.001100,3.152813
162.023900,8.788726
219.212100,-2.568880
269.011800,-5.353605
28.391860,1.970874
128.384100,2.358184
241.023000,-6.548350
11.820080,-9.096637
75.558560,-8.937451
177.227100,5.278000
20.335540,-4.310521
164.281600,-5.022505
58.982010,-3.987891
248.745800,8.153606
190.962400,8.888885
236.660100,-2.420647
97.624790,-7.193872
291.037500,7.834640
168.278300,-1.499036
7.391149,-4.230880
56.784880,-4.972392
222.071400,6.902755
166.037200,-5.919360
73.696990,-0.934359
281.378800,-8.593653
127.781800,-2.660863
109.929800,-2.196239
72.815250,-8.625649
295.966600,0.720629
132.184300,-4.059988
309.695100,4.685086
57.407200,-9.386790
170.985400,-7.240976
142.466800,-3.002251
101.254100,2.732138
190.111600,-2.494134
85.111500,4.449492
124.893600,7.660453
123.032600,-5.532393
148.293700,-4.080714
241.215800,-4.064787
295.426700,-2.005398
309.583900,7.618411
213.296300,9.088714
52.576310,6.599959
91.056080,-4.676672
30.604700,-8.370780
16.756790,8.634938
108.840100,2.719846
109.314900,0.445205
123.052400,-1.538976
81.632460,-8.550018
174.493900,-2.809001
24.417210,-7.223257
179.556800,0.878090
64.339240,-6.805158
132.966400,5.786706
89.847960,8.301968
206.196600,-3.678351
286.655500,5.618571
203.936900,3.919643
26.253680,8.595523
305.702200,-5.831631
123.368000,1.966509
280.354200,5.086524
65.750300,9.022265
132.327200,7.947997
1.696676,0.109446
310.323700,-0.246338
73.097420,-7.482666
25.051040,7.179124
143.643800,-3.016246
111.770600,-3.040944
134.778600,7.838345
311.002200,0.729868
46.424660,-8.481790
139.640000,-4.428993
267.686400,-2.561334
11.328910,1.504806
263.793200,9.406027
50.380560,-5.469143
33.847470,-8.536941
106.396300,-4.703324
4.781510,2.795794
212.341000,-5.864592
8.975545,-5.856885
224.442900,2.620720
310.767700,-3.735760
133.500500,8.045946
212.158200,8.787601
38.192010,1.954818
37.869830,3.928242
29.148530,5.390480
119.674700,-5.102723
1.073025,6.789311
135.250800,1.407546
77.185980,-8.266988
266.283600,9.404908
273.108800,-3.619689
130.656900,-2.465419
30.557010,-0.766539
300.814600,9.403996
197.274700,1.373244
46.057510,0.080105
153.669400,-1.080655
16.559450,-7.638205
229.653100,-4.301598
5.204317,7.093172
194.551100,3.617990
192.039000,2.492030
24.677110,-9.403852
25.700810,3.979645
29.969910,7.419560
188.978000,-2.176765
170.683200,0.095599
44.507220,8.801814
79.987640,8.230622
87.565450,-9.209159
75.268650,1.790196
76.449030,3.509285
251.284100,8.127541
177.686100,1.980359
154.041100,-3.404745
187.619300,4.474544
186.511600,-7.904413
118.385500,3.435074
139.548600,7.632885
273.316000,9.207876
158.870200,8.432322
289.587200,2.672892
142.518300,-0.688767
168.808200,2.716735
205.597000,-7.397362
44.904830,-0.159373
297.366800,6.957170
157.958100,9.176629
233.290100,-4.978373
269.434700,4.234590
114.988300,-8.218622
120.867600,2.095257
12.173320,2.325098
283.183600,8.229915
268.637400,6.980743
90.702630,-7.860747
60.535560,6.404657
260.896500,5.331873
29.817090,-5.360687
288.401500,-3.876506
258.280800,5.259695
30.033290,3.440459
69.332980,-4.708575
254.550400,-0.155505
23.853580,-1.971607
279.306900,-0.477380
84.629330,2.303407
33.686390,0.756193
193.605300,-3.656440
184.321000,2.564004
134.123600,-0.659443
75.481610,0.311942
116.939100,6.680348
93.858060,-1.479688
106.929600,4.578238
56.988780,-1.343594
294.015600,-8.129993
101.200800,8.270351
198.572300,4.845866
299.383600,-8.098284
295.238600,-0.843232
148.999300,3.517561
274.217000,-0.540899
231.880100,-1.151899
174.687000,3.875226
50.904020,-3.235225
284.578500,5.661354
297.319000,-3.966159
261.106800,7.221869
260.314500,6.354324
243.727700,5.897411
172.030300,-5.138667
199.618100,7.256533
271.095400,-8.361695
134.683100,0.376249
85.670820,-3.190232
261.913400,1.183369
107.525300,-4.369921
285.701500,-4.223974
6.905295,-3.158624
6.278079,-7.524989
292.043500,4.546649
42.100420,-4.804979
251.791100,2.687776
21.903140,-8.303829
265.701500,0.644131
126.126400,-1.969961
168.624600,-7.597486
173.349700,-7.241822
150.084800,3.062956
297.759800,-9.403859
67.127980,3.520594
154.736400,5.125760
66.554470,-8.401982
74.741460,7.211205
185.549400,0.755133
265.038200,7.413173
70.160190,-1.746737
2.572116,-8.622431
79.889810,9.403852
72.484560,3.917338
219.491300,2.788715
109.401700,-6.875749
298.516000,7.211174
154.713600,3.948658
123.881500,8.261849
207.191700,-0.778904
249.407700,5.931173
73.532970,4.453081
275.743200,-7.084526
240.237800,3.307321
40.191390,4.304654
208.906600,-3.618895
56.148750,6.146731
27.714940,-3.690749
190.429600,0.773548
151.073800,2.424515
272.727700,8.188402
42.032440,-1.890087
38.115940,9.403871
253.140300,-1.917751
30.826680,-5.966303
156.020800,7.093254
257.340500,8.379511
172.762100,-6.221699
246.598300,-3.020141
91.635030,-8.579341
107.595100,-2.489874
159.554500,-7.702775
304.595800,-0.199319
173.172100,7.506024
185.397200,2.086773
157.490000,8.096349
245.419500,-6.196547
148.121500,-2.916350
85.865810,-9.404106
271.440600,3.217918
17.599660,2.960979
238.402500,-8.500555
265.622500,-6.815788
279.614300,7.001372
218.332900,8.234121
283.640900,6.374516
229.852100,5.361931
54.500160,5.483454
166.326300,-1.457718
67.751450,-6.453022
6.290215,8.944600
216.626800,3.736284
151.126000,3.610798
6.843451,5.309011
67.872700,-0.464364
177.190300,-1.245493
99.340770,-6.325725
51.268980,1.297453
52.615500,-3.308694
282.565600,9.235578
313.700100,-1.328282
88.309640,-7.192863
298.606800,-4.355587
78.196290,7.301219
160.024100,8.198123
178.533200,-4.294908
229.778200,-5.773503
193.561100,8.897470
95.003810,7.125796
252.708900,-7.261536
220.939800,6.577703
236.155600,7.215951
291.435400,-0.025811
160.787700,-5.353483
155.316600,6.149924
95.148960,0.475594
62.014020,-6.961987
36.812100,-5.172508
248.333100,-6.644899
311.585800,-4.771934
130.062000,4.952614
189.951900,-5.904902
267.806200,2.538247
166.754300,3.866296
215.931000,4.691911
83.604840,8.248166
30.706550,-7.137456
45.047870,6.718224
173.927600,1.735782
254.855500,4.384994
86.923220,0.570617
189.193400,4.589546
54.897790,-1.285581
228.752000,8.260147
248.523500,-1.943629
101.118300,-7.586202
46.746590,-4.291697
225.447300,0.443394
186.108400,6.144411
135.759300,-7.726909
263.872400,-5.300466
144.082100,8.449430
268.789900,-1.832189
260.119700,-4.686977
133.230400,-1.853845
98.456890,8.993250
312.723100,2.616796
249.751900,0.694453
112.947100,-3.027042
191.123700,-5.791639
175.835500,2.808656
137.029700,5.061802
50.304260,1.972377
268.776400,-3.009264
172.824400,1.230760
113.548200,-4.038906
267.869400,1.362741
254.841100,1.986781
173.837300,5.817635
196.730500,8.839810
263.568800,1.638332
39.017280,5.349390
299.283700,-5.318659
238.418200,0.255616
200.860300,5.256879
118.952600,9.403869
42.970940,8.122644
21.389180,9.400174
3.232156,-3.411710
108.869000,1.534778
275.393100,-0.499189
252.049700,0.163826
189.698900,3.413676
47.713800,1.303977
63.361800,-6.088495
223.607600,-4.295722
152.219100,-7.632098
274.162300,5.353313
148.698700,7.819795
153.085800,1.164959
208.639400,-8.786876
208.231000,8.771618
177.381300,-4.537829
38.893460,-4.626382
304.191600,3.684033
254.195300,1.002713
