0.672149,-9.435911
0.649983,-8.321936
0.580427,-7.206777
0.572962,-5.749274
0.509929,-3.990860
0.191878,-2.916790
0.619419,-1.657789
0.675434,-0.083825
0.224975,1.330102
0.402989,2.435764
0.839136,3.788070
0.810925,5.019516
0.583898,6.316531
0.805809,7.510793
0.449994,8.911569
1.675009,-8.944957
1.820390,-7.835658
1.663976,-6.312212
1.728484,-4.817734
1.747669,-3.673317
1.637965,-2.450611
1.644574,-0.645489
1.678679,0.636905
1.940703,1.726072
1.572432,2.941487
1.986554,4.402830
1.795665,5.552889
1.777485,6.954775
1.785059,8.262448
1.660459,9.434239
2.680542,-9.434213
2.936866,-7.925137
2.989161,-6.806228
2.641423,-5.471495
2.731246,-4.318765
2.845141,-2.854847
2.438148,-1.666940
2.766464,-0.596111
2.793274,0.526920
3.017477,2.160268
2.848273,3.658568
2.834225,5.134359
2.737617,6.378943
2.711091,7.573586
2.761730,9.231597
4.026223,-8.906847
4.208141,-7.407858
3.992659,-6.308618
3.856408,-4.666976
4.297316,-3.637364
4.088061,-1.983265
4.067984,-0.863594
3.951662,0.517206
4.115674,1.943006
3.883811,3.039274
4.099088,4.417113
3.884698,5.521073
3.705537,6.942194
3.981074,8.231269
4.066726,9.434320
5.084301,-9.432799
4.980376,-8.318277
5.316754,-7.250062
5.180653,-5.602483
5.221695,-4.273385
5.196112,-2.969192
5.199872,-1.849064
4.946895,-0.169994
5.327712,0.882066
5.175430,2.299570
4.944983,3.397648
4.949131,5.146491
5.255336,6.306655
5.044159,7.720378
5.112527,8.837338
6.531643,-9.304145
6.421693,-7.431959
6.456144,-6.305333
6.358894,-4.878288
6.383231,-3.461316
6.274059,-2.165808
6.182649,-1.045937
6.206773,0.114295
6.392851,1.227020
6.192242,2.765672
6.710515,4.475566
6.264422,5.820558
6.225458,6.942945
6.595182,8.466083
6.053914,9.437162
7.785352,-9.432432
7.559340,-8.134518
7.413905,-6.912487
7.574364,-5.713284
7.785748,-4.612736
7.483006,-2.819571
7.352484,-1.659022
7.542103,-0.241719
7.500735,0.990637
7.268228,2.086286
7.467680,3.607863
7.710809,4.979593
7.361947,6.043934
7.185441,7.520370
7.507642,9.154379
8.872052,-9.160806
8.676817,-8.057402
8.843793,-6.482861
8.835166,-5.002970
8.657294,-3.897318
8.790758,-2.141607
8.864970,-1.023425
8.576604,0.184798
8.580095,1.615774
8.678044,3.332386
8.699002,4.452308
8.601049,5.724429
8.201082,6.785795
8.212537,8.283828
8.651844,9.314214
9.958752,-9.432432
9.794935,-8.124547
10.103700,-6.732814
9.726836,-5.679121
9.778612,-3.946965
9.835345,-2.828264
9.844895,-1.565977
9.784871,-0.380660
9.524228,0.780210
9.816682,2.544556
9.821205,3.664509
9.927891,4.790555
9.770616,6.316280
9.419838,7.495093
9.689118,8.893594
11.227640,-9.163207
10.795280,-7.613015
11.293620,-6.496671
10.892300,-5.040626
10.965020,-3.870058
11.371280,-2.522573
11.245330,-1.147073
11.092370,0.400071
10.935290,1.602333
11.046390,2.828762
10.836830,4.135920
11.017560,5.599262
10.966670,6.815102
10.985200,8.321456
10.668900,9.433128
12.313930,-9.432875
11.814960,-8.176097
12.216250,-7.131326
11.991970,-5.621228
11.886630,-4.506556
12.065760,-3.401213
12.338850,-1.386814
12.416610,-0.197341
11.947130,1.122425
12.058290,2.323441
12.162640,3.632050
11.763890,4.763988
12.287080,6.377597
12.025310,7.718792
11.752280,9.152812
13.325230,-8.953260
13.217860,-7.637074
12.928810,-6.268948
13.013570,-5.152800
13.181030,-3.666190
12.767250,-2.519925
13.352220,-0.910970
13.382370,0.368502
12.960640,1.596964
13.286980,2.683148
13.441670,4.128528
12.916660,5.451302
13.038800,7.207321
13.145930,8.321898
13.428500,9.432498
14.514990,-9.432961
14.490500,-8.094530
14.403540,-6.936125
14.494020,-5.472538
14.442310,-4.107335
14.148800,-2.965458
13.934800,-1.866675
14.330900,-0.222998
14.378150,0.984252
14.388140,2.478333
14.665590,3.771071
14.327710,5.182123
14.232560,6.482279
14.201570,7.940948
14.509530,9.105862
15.501700,-8.905987
15.561730,-7.677963
15.455310,-6.122791
15.490830,-4.964442
15.484150,-3.695925
15.501010,-2.070295
15.113160,-1.021094
15.731710,0.066638
15.414530,1.425462
15.694180,2.711981
15.545120,4.464571
15.490850,5.731073
15.235600,6.980742
15.516770,8.302708
15.579610,9.433041
16.821610,-9.433167
16.482500,-8.366876
16.476220,-6.583387
16.562950,-5.451807
16.420000,-4.341337
16.504010,-3.225580
16.554400,-1.690941
16.649470,-0.575240
16.630170,1.174614
16.787690,2.456494
16.455850,3.533264
16.750490,4.952595
16.724750,6.074143
16.790360,7.682803
16.594570,8.961844
17.941510,-9.429439
17.868350,-7.696020
17.871300,-6.386570
17.699440,-4.985878
18.165570,-3.586654
17.598080,-2.096530
17.906210,-0.676179
17.859810,0.442807
17.740670,1.763632
17.813030,3.088767
17.882290,4.212637
17.787240,5.721892
17.816000,7.157069
17.741430,8.274680
17.826210,9.432474
19.177080,-9.432749
19.076440,-8.258422
19.144550,-6.999461
18.861130,-5.583860
18.980690,-4.470228
18.997170,-2.836381
19.058920,-1.621376
19.050860,-0.318151
18.911250,0.827535
19.078720,2.180655
18.915150,3.288775
18.808060,4.900661
18.748730,6.294297
19.210060,7.314069
18.964210,9.017677
20.084140,-8.776410
20.243300,-7.362622
20.001800,-6.218786
19.908000,-5.102839
19.990790,-3.986051
20.148300,-2.673570
20.143320,-0.677210
19.956730,0.426875
20.001840,1.545844
20.218470,2.995224
20.432950,4.465078
20.349290,5.582002
20.267280,6.947396
20.228340,8.316436
20.283850,9.433553
21.205590,-9.432478
21.131980,-8.098840
21.305980,-6.926696
21.235420,-5.681295
21.026590,-4.556775
21.274620,-2.902873
21.443250,-1.768938
21.447440,-0.649330
21.184720,1.143270
21.452330,2.419099
21.390650,3.578573
21.505370,4.789326
21.216900,6.355384
21.353330,7.469175
21.237080,8.846472
22.312790,-9.263395
22.553510,-7.584748
22.416820,-6.473022
22.195120,-5.103791
22.274600,-3.421837
22.422750,-2.311790
22.449010,-1.192158
21.967560,0.342256
22.600570,1.860509
22.420990,2.981503
22.544620,4.198415
22.342400,5.605930
22.273720,6.725153
22.262080,8.320031
22.240380,9.435208
23.435820,-9.432547
23.563280,-8.301503
23.499180,-6.984516
23.239620,-5.713062
23.145550,-4.241095
23.390170,-3.148055
23.588770,-1.208882
23.854000,-0.120873
23.739850,1.003712
23.657660,2.230829
23.908500,3.727942
23.735170,4.868612
23.782820,6.313103
23.533270,7.577544
23.567790,8.910853
24.703000,-8.838728
24.888270,-7.660112
24.712470,-6.367623
24.818340,-5.252642
24.783940,-3.685326
24.499670,-2.445067
24.706710,-1.150947
24.769950,0.523012
25.077960,1.599584
25.070850,2.794468
24.775530,4.453561
24.732740,5.719520
24.622140,7.273234
25.192230,8.269306
24.863060,9.432570
25.833540,-9.432539
25.892860,-8.155423
25.807730,-6.907944
25.996140,-5.177395
25.844780,-4.044865
25.834300,-2.729070
25.787230,-1.443826
25.787420,-0.310390
25.956670,0.903762
26.088620,2.326837
25.954850,3.492969
25.870170,4.982785
25.923570,6.190594
25.744380,7.295495
25.943920,9.140189
27.267420,-9.047378
27.316170,-7.928366
26.685790,-6.213937
27.146610,-5.193853
26.872750,-3.508738
26.993820,-2.115706
27.021720,-0.968014
27.327970,0.109026
27.039290,1.191220
27.023930,2.943063
26.999200,4.356658
27.092800,5.670498
27.044140,7.208229
26.770850,8.384636
27.158840,9.433575
28.317570,-9.435764
28.380460,-8.324385
28.389170,-7.207539
28.191200,-5.919809
27.747940,-4.228835
27.912800,-2.991196
28.371090,-1.748908
28.292170,-0.466205
28.277280,0.702098
27.891870,2.228577
28.150000,3.318553
28.006440,4.966807
28.004960,6.320489
28.072610,7.651928
28.209100,9.047156
29.463620,-8.992953
29.475390,-7.544324
29.199720,-6.407107
28.993970,-4.931877
29.390950,-3.884520
28.990620,-2.686220
29.431660,-1.389217
29.298340,0.244249
29.440040,1.615130
29.221630,2.989664
29.391890,4.208828
29.210620,5.763288
29.333490,7.064963
29.242960,8.181374
29.260260,9.432564
30.526150,-9.432829
30.747190,-8.335526
30.567970,-7.105511
30.316910,-5.886125
30.571840,-4.381640
30.481300,-3.230053
30.571130,-1.725638
30.125290,-0.510065
30.686760,0.938380
30.653980,2.057722
30.537140,3.608464
30.600130,4.999216
30.504090,6.263488
30.424020,7.664419
30.377100,8.791276
31.813260,-8.699450
31.584690,-7.592173
31.417620,-6.375587
31.785940,-5.317742
31.798020,-3.357015
31.586860,-2.197868
31.222840,-0.814607
31.690950,0.443960
31.843930,1.555648
31.615060,3.049330
31.632210,4.413630
31.550800,5.591594
31.729210,7.084721
31.425110,8.395838
31.847910,9.432688
32.660270,-9.432432
32.865140,-8.311480
33.152130,-6.900838
32.796810,-5.838548
32.770780,-4.433950
32.656930,-2.639042
32.490440,-1.531837
32.662780,-0.343824
32.731480,0.855826
32.546940,2.427653
32.931180,3.736282
32.764330,4.971568
32.464430,6.239648
32.480620,7.915421
32.866460,8.966989
33.785320,-9.016368
34.243530,-7.494917
34.140600,-6.373943
33.896180,-4.946985
34.072620,-3.630801
33.772970,-2.551596
33.706910,-1.009058
33.759680,0.414174
33.748660,1.603536
33.877780,3.036560
34.005450,4.255888
33.827040,5.626261
33.698790,7.116308
33.878150,8.335382
34.091350,9.433669
34.821080,-9.436035
35.366730,-8.465894
35.312610,-7.161041
35.135350,-5.665713
35.128920,-4.487700
35.134010,-2.634458
34.638710,-1.630108
34.669350,-0.238258
34.964290,1.228888
35.113110,2.339026
35.282960,3.446358
35.218080,5.016429
34.750210,6.299675
35.074520,7.578259
34.938420,8.703060
36.262410,-9.280236
36.287310,-7.833389
36.047640,-6.315939
36.148380,-4.951712
36.160870,-3.579130
36.218360,-2.354204
36.318480,-1.238659
35.987180,0.473732
36.472080,1.705915
36.188480,2.788258
36.234470,4.336195
36.255690,5.650552
36.022960,6.746086
35.974360,8.279778
35.901990,9.432550
37.372570,-9.432471
37.812070,-8.094380
37.299110,-7.096881
37.060100,-5.819252
37.510310,-4.061589
37.126640,-3.009359
37.467490,-1.692343
37.591830,-0.579616
37.394130,1.072593
37.504810,2.258292
37.373380,3.593154
37.334630,5.350104
37.367460,6.469733
37.388080,7.885418
37.362320,9.005205
38.638280,-9.376041
38.732780,-7.457036
38.376770,-6.396386
38.511610,-5.284490
38.553830,-3.654459
38.703700,-2.482340
38.583760,-1.368690
38.236380,0.335744
38.716780,1.542056
38.331560,3.013998
38.551700,4.147081
38.541110,5.394612
38.856050,7.081951
38.614450,8.267392
38.646390,9.386952
39.759570,-9.434530
39.309880,-8.413207
39.692280,-6.879486
39.609840,-5.499344
39.517590,-4.369697
39.904480,-2.937284
39.678360,-1.841804
39.829890,-0.733051
39.637370,0.903985
39.318990,2.486490
39.522290,3.588019
39.938530,5.122062
39.406450,6.106897
39.918460,7.437038
39.747950,8.858519
40.813240,-9.057833
40.431240,-7.725338
40.754550,-6.524758
40.723420,-5.392022
40.810490,-3.594154
41.032830,-2.475680
40.931250,-0.940471
40.850480,0.277792
40.966250,1.549608
40.698380,2.636655
40.808110,4.416659
40.926510,5.663343
40.955960,7.014816
40.689570,8.249483
40.810640,9.432446
41.981180,-9.410328
41.942300,-8.291856
41.823870,-7.178837
41.837930,-5.494785
42.020640,-4.389695
42.041340,-3.154612
42.119610,-1.709686
41.970930,-0.176390
41.905290,0.941180
41.908410,2.209666
41.861510,3.384382
41.978680,4.894698
41.920890,6.314801
41.754950,7.883003
41.846600,8.999367
43.162070,-8.752988
42.933560,-7.621544
43.343200,-5.995396
43.172780,-4.531523
43.130830,-3.412384
43.224600,-2.288936
43.106630,-1.175026
43.103230,0.226138
42.947690,1.348517
43.231720,2.981905
43.219200,4.125706
43.213120,5.755873
42.786080,7.026152
43.060790,8.235384
43.243110,9.354524
44.385970,-9.432608
44.141940,-8.210329
44.166900,-6.849549
44.438920,-5.762968
44.282770,-4.379034
44.214710,-3.132662
44.586530,-1.461245
44.426990,-0.353241
43.985540,0.928413
44.215590,2.336065
44.276760,3.664679
43.984380,4.943702
44.732140,6.242399
44.202470,7.532640
44.113170,8.649152
45.324280,-8.821893
45.637140,-7.548877
45.434910,-6.408194
45.235360,-4.975398
45.730440,-3.380803
45.104470,-2.453116
45.736160,-1.009617
45.444330,0.308972
45.446940,1.728096
45.331310,3.093347
45.383640,4.275167
45.688030,5.353136
45.314150,7.218690
45.191620,8.327323
45.279140,9.436292
46.259160,-9.436029
46.432010,-8.335461
46.556320,-6.555167
46.766490,-5.415441
46.315990,-4.335389
46.772520,-2.970272
46.588750,-1.753274
46.683670,-0.412281
46.533000,0.931477
46.275500,2.490724
46.598960,3.620957
46.735150,4.957222
46.455800,6.373502
46.406660,7.804754
46.500840,8.977852
47.808260,-9.432432
47.711760,-7.552161
47.669710,-6.432853
47.656360,-4.586359
47.904980,-3.495511
48.028660,-2.384383
47.629470,-1.339008
47.930030,0.390487
47.532330,1.437564
47.595980,3.048318
47.696370,4.383166
47.435800,5.831063
47.627060,6.941716
47.441330,8.232752
47.799080,9.293823
48.927680,-9.432867
48.780000,-8.302137
48.932980,-7.158479
48.883610,-5.656828
48.730260,-4.253344
49.091560,-3.193077
48.751060,-1.529708
48.788050,-0.329462
48.643700,1.253812
48.748520,2.369000
49.225230,3.658559
48.968330,5.032944
48.810010,6.176070
48.689150,7.296730
48.877750,8.992084
49.817610,-8.754171
49.990070,-7.534146
49.786390,-6.432709
49.934160,-4.931520
50.457560,-3.569928
49.979760,-2.173428
50.302800,-1.098565
49.700030,0.451911
49.751170,1.837684
50.060250,2.912968
50.290070,4.006735
50.009470,5.446032
49.792190,7.104089
50.287830,8.363728
49.944640,9.432442
50.769040,-9.433896
51.253780,-8.426829
51.100670,-7.256478
50.903890,-5.491989
51.406010,-4.165117
51.408160,-2.978473
51.072420,-1.911260
51.220470,-0.238216
50.860640,0.952812
50.944530,2.227736
51.394640,3.737571
50.984860,4.883399
50.799820,6.615416
51.324090,7.605008
51.202630,9.175997
52.449570,-9.256074
52.657990,-7.370006
52.464130,-6.266552
52.109990,-5.035847
52.382330,-3.529189
52.403790,-1.922416
52.201030,-0.780438
52.324660,0.332565
52.040280,1.999198
52.306600,3.087187
52.080390,4.652205
52.638810,5.786932
51.927530,6.652238
52.424700,7.811068
52.316220,9.432917
53.593780,-9.298885
53.544380,-8.179851
53.739060,-7.076779
53.687530,-5.253258
53.364680,-4.180761
53.500090,-3.068892
53.496650,-1.679983
53.391960,-0.338527
53.350140,0.782577
53.434350,2.763133
53.263570,3.868539
53.808810,4.844673
53.614460,6.337127
53.484540,7.449563
53.227840,8.783422
54.705910,-9.432432
54.614220,-7.777505
54.649240,-6.423921
54.805950,-5.309930
54.491840,-4.002428
54.882530,-2.323621
54.361500,-0.969083
54.843830,0.673436
54.147000,1.899866
54.496550,3.143476
54.757040,4.232904
54.618340,5.616156
54.960630,6.681645
54.728150,7.892300
54.558230,9.432589
55.825240,-9.390234
55.638200,-8.231579
55.692280,-6.832283
55.851930,-5.709250
55.909880,-4.308303
55.422410,-3.302515
55.587060,-1.453978
55.772120,-0.349784
55.798640,1.258500
55.788390,2.378304
55.733890,3.621711
55.919370,4.859213
55.833080,5.976008
55.790560,7.541970
55.663640,9.252805
56.880650,-8.957190
57.266590,-7.382067
56.736700,-6.395477
56.767300,-5.026854
56.905560,-3.762362
57.125910,-2.664102
56.838040,-0.695997
56.942490,0.419260
56.950960,1.595621
57.226670,3.038027
56.850780,4.237000
56.851760,5.509820
56.669080,6.848837
56.553950,8.361097
57.261760,9.432526
57.946220,-9.302391
58.503250,-8.331012
58.374700,-7.218920
57.914490,-5.698350
58.258690,-4.205365
58.162770,-3.087893
58.108550,-1.725791
58.025070,-0.475352
58.310570,1.212187
58.109780,2.326458
58.066340,3.779368
58.268220,5.064923
58.073760,6.322850
58.123540,7.590793
58.326710,9.086870
59.548470,-8.729664
59.421550,-7.617311
58.953660,-6.116399
59.281070,-5.040196
59.299760,-3.793930
59.107650,-2.233050
58.992870,-1.038361
59.016740,0.342715
59.161090,1.940065
59.190430,3.226399
59.329870,4.337812
59.161050,5.741264
59.352570,6.850858
59.106120,8.128448
59.391370,9.432703
60.415310,-9.435305
60.606200,-8.336049
60.586310,-6.939764
60.221660,-5.648435
60.267060,-4.356339
60.270140,-3.231310
59.995560,-1.536333
60.380110,-0.219162
60.328030,1.094507
60.092870,2.560623
60.384120,3.767401
60.305740,4.987903
60.386840,6.318811
60.309310,7.695484
60.421290,8.994076
61.642830,-8.862117
61.529020,-7.704151
61.388090,-6.157645
61.347760,-4.647538
61.690560,-3.307803
61.499990,-2.204032
61.288090,-0.875023
61.272170,0.491792
61.115210,2.028449
61.376720,3.116475
61.404010,4.234512
61.387970,5.353204
61.301190,7.157362
61.281810,8.277293
61.451760,9.432510
62.606820,-9.432468
62.574020,-8.105925
62.475840,-6.618689
62.639000,-5.510540
62.616470,-4.279635
62.765510,-2.992903
62.603290,-1.620922
62.664110,-0.334375
62.446950,0.886800
62.582960,1.998569
62.958760,3.398244
62.427440,4.936284
62.695870,6.206904
62.683520,7.648045
62.637580,9.018231
63.863710,-9.181286
63.688730,-7.771034
63.613020,-6.127083
63.820330,-5.027043
63.933350,-3.913248
63.800500,-1.950596
64.051060,-0.708111
63.580780,0.311367
63.696330,1.691043
64.008380,3.009150
63.420530,4.418781
63.702650,5.716006
64.055850,6.829042
64.010280,8.369936
63.676280,9.434679
65.215160,-9.433187
64.673140,-8.305320
65.210860,-6.888115
64.722430,-5.704108
65.072630,-4.430385
65.001850,-3.055983
64.880600,-1.655396
64.981630,-0.086259
64.947600,1.033166
64.942470,2.392067
64.984050,3.613233
65.504400,5.012545
65.026430,6.269873
64.930070,7.733625
65.005480,9.070592
66.112860,-8.766253
66.274670,-7.659236
66.177960,-6.323631
66.131610,-5.204756
66.107180,-3.358452
65.810590,-2.278697
66.128600,-1.097251
66.094510,0.028571
66.115430,1.706823
66.394030,2.892302
66.251280,4.003122
66.131910,6.088848
66.162700,7.208427
65.942440,8.338887
66.164080,9.434241
67.616840,-9.434501
67.314340,-8.243192
67.208850,-7.042406
67.529250,-5.842698
67.317000,-4.483517
67.175870,-3.023108
67.231030,-1.780797
67.210350,-0.052951
67.247670,1.065841
67.262420,2.185295
67.312260,3.594058
67.124230,4.704927
67.323300,6.272516
67.173280,7.690618
67.090400,8.806971
68.371100,-8.614104
68.593330,-7.522672
68.492710,-6.411107
68.297740,-5.024674
68.256510,-3.317794
68.438500,-2.212566
68.145520,-0.667790
68.524380,0.732064
68.479730,1.850786
68.394790,2.967294
68.561100,4.081231
68.550920,5.481750
68.154560,7.151343
68.100270,8.323758
68.435000,9.432489
69.128450,-9.433900
69.506340,-8.170760
69.561280,-6.746009
69.710410,-5.622592
69.301430,-4.527405
69.526370,-3.022665
69.459610,-1.535345
69.623500,-0.275261
69.552040,1.197040
69.497150,2.319174
69.610890,3.691352
69.437730,4.797733
69.573250,6.297947
69.740310,7.627897
69.868940,9.080151
70.616720,-9.066786
70.397060,-7.491611
70.704540,-6.167838
70.664540,-5.038233
70.773940,-3.456638
70.856130,-2.339519
70.502180,-1.125905
70.615100,0.453690
70.551610,1.941279
70.536110,3.061021
71.095120,4.605724
70.727760,5.664077
70.650280,6.970264
70.784940,8.082238
71.094110,9.323381
71.735150,-9.432484
71.815420,-8.225384
71.907760,-7.110131
71.921810,-5.990965
71.670320,-4.548505
71.840740,-2.909165
71.831690,-1.788173
71.886920,-0.081558
71.802780,1.197096
71.897130,2.432970
71.880980,3.653433
72.109050,5.080516
71.919820,6.211426
71.831920,7.682929
72.155390,8.924235
72.844990,-9.287262
72.932950,-8.123227
72.956280,-6.716070
72.771040,-4.751634
73.272060,-3.652118
72.867340,-2.461810
73.322390,-1.097660
72.814770,0.544312
73.071140,1.633658
73.328090,3.029939
73.007870,4.102002
72.963740,5.803866
73.344470,7.027941
72.996080,8.091849
73.150700,9.433986
73.954090,-9.434187
74.397500,-8.409615
74.319400,-7.176119
74.179530,-5.526706
74.096270,-4.409978
73.946310,-2.760712
74.615160,-1.867646
74.351990,-0.148522
74.011750,0.918203
74.050800,2.175928
74.219680,3.714266
73.894620,4.785906
74.165570,6.267343
74.314630,7.590146
73.962980,8.666067
75.113910,-9.399959
75.289850,-7.735778
75.448440,-6.299018
75.387830,-4.997849
75.100460,-3.914221
75.621930,-2.525879
75.179020,-0.902841
75.254660,0.589657
75.328930,1.707285
75.109260,3.034023
75.034940,4.610534
75.144950,5.725074
75.224310,6.924475
75.327910,8.067553
74.956520,9.432489
76.598880,-9.432550
76.393560,-7.922435
76.507450,-6.663945
76.515880,-5.543886
76.410010,-4.255045
76.621420,-3.028661
76.429530,-1.689913
76.645750,-0.578640
76.560900,0.824312
76.537200,2.256320
76.505590,3.375963
76.491130,5.078629
76.752500,6.395033
76.463900,7.683235
76.164040,9.294842
77.801030,-8.893470
77.734360,-7.652494
77.691490,-6.412730
77.701970,-5.156596
77.621240,-3.531255
77.659070,-2.173591
77.694260,-0.972600
77.870180,0.456840
77.456180,1.497612
77.828420,3.147200
77.651010,4.305354
77.500890,5.562459
77.589820,7.158608
77.495910,8.274519
77.325510,9.432539
78.780820,-9.433297
78.721920,-8.230198
78.751570,-6.774016
78.708220,-5.648536
78.655750,-4.240926
78.750500,-2.907405
78.751780,-1.680732
78.770060,-0.289569
78.929590,0.818424
78.668490,2.406962
78.921210,3.652907
78.526250,5.113877
78.795590,6.201869
78.920350,7.619439
78.501430,8.767601
79.790730,-8.952996
79.745260,-7.290634
79.982480,-6.105113
79.645390,-5.035087
79.988330,-3.474772
79.742780,-2.204013
79.988290,-1.111117
79.984820,0.202111
79.566470,1.738336
80.095790,3.257118
79.700170,4.457719
79.913410,5.571692
79.915250,6.972520
79.874920,8.320055
79.786280,9.434032
81.315550,-9.433076
80.646010,-8.231201
81.348740,-6.835625
80.951290,-5.544173
81.241080,-4.281636
81.049350,-3.115906
80.819870,-1.877387
81.008430,-0.356689
80.992650,0.763269
81.304730,2.698053
81.427540,4.024425
80.880460,5.001983
80.821070,6.227349
80.999840,7.332752
80.853320,9.094358
82.285080,-8.876252
82.085300,-7.694373
82.312950,-6.265577
82.010960,-5.182786
82.133070,-3.603854
82.524100,-2.419347
81.998480,-1.277154
82.140110,0.113308
82.208180,2.035916
82.428420,3.259101
82.303990,4.721289
82.371700,5.838676
82.165690,6.939015
81.858350,8.388772
82.245410,9.435215
83.360920,-9.399381
83.131500,-8.145336
83.240680,-7.031417
83.771970,-5.743579
83.606700,-4.211760
83.426770,-3.083436
83.471890,-1.823318
83.518850,-0.422950
83.016080,1.168337
83.238620,2.475088
83.304170,3.956447
83.312930,5.232074
83.358680,6.377227
83.141880,7.665187
83.279200,9.008432
84.386660,-8.949334
84.435260,-7.821566
84.433490,-6.646773
84.511070,-4.872531
84.563180,-3.628317
84.537560,-2.166858
84.566250,-0.821037
84.562500,0.512586
84.549670,1.705063
84.152810,3.141351
84.379840,4.266150
84.413350,5.440301
84.888610,6.978906
84.518760,8.290840
84.411990,9.432514
85.608680,-9.433924
85.432960,-8.330034
85.399500,-7.211635
85.600470,-5.712169
85.944750,-4.066080
85.895520,-2.946247
85.935030,-1.826771
85.666490,-0.351497
85.509200,1.110872
86.024520,2.105188
85.439700,3.904871
85.624000,5.009159
85.616940,6.128468
85.763160,7.678911
85.511840,9.220964
86.509680,-8.770884
86.427060,-7.655585
86.821750,-6.267431
86.643720,-4.948977
87.037360,-3.821222
86.939780,-2.321853
86.619710,-0.940253
86.665340,0.617450
87.054730,1.667052
86.830920,2.969070
86.498330,4.309402
86.824540,5.381945
86.728680,7.111057
87.089810,8.375620
86.720860,9.432724
87.408550,-9.434731
88.051280,-8.522262
87.830660,-7.426176
88.482920,-5.503082
87.871510,-4.566947
88.184960,-2.934508
87.698690,-1.498060
88.246330,-0.521014
88.192410,0.743751
88.014690,2.242301
87.640250,3.743318
87.939130,4.998695
87.943160,6.345385
87.924840,7.626222
88.116840,8.899908
89.114140,-8.867411
89.626550,-7.795557
89.130530,-6.414352
89.251130,-4.681921
89.106570,-3.571157
89.088550,-2.272231
89.351520,-0.701899
89.268420,0.432538
88.990940,1.693874
89.221600,2.851335
88.795510,4.276762
88.838230,5.671975
89.039410,6.819404
89.000430,7.938862
89.098950,9.433887
90.077020,-9.434614
90.561700,-8.429007
90.205090,-6.723700
89.968790,-5.541955
90.394690,-4.030100
90.270830,-2.916870
90.103260,-1.642207
90.447230,-0.470622
90.376570,1.024359
90.048030,2.095231
90.213740,3.490923
90.296100,4.607917
90.008850,6.258266
90.509570,7.689687
90.062600,8.867080
91.564630,-8.926484
91.070300,-7.433080
91.062180,-6.003668
91.294950,-4.908270
91.479180,-3.727633
91.483240,-2.363957
91.492110,-0.873447
91.524600,0.246521
91.444140,1.363767
91.324040,2.980067
91.523800,4.082247
91.191410,5.714092
91.698190,6.932913
91.695470,8.308917
91.835420,9.432556
92.561500,-9.435105
92.700590,-8.329258
92.540510,-7.224222
92.410520,-6.113466
92.945180,-4.333284
92.734320,-3.017327
92.471180,-1.417297
92.593550,-0.299567
92.684010,0.816913
92.495320,2.299564
92.486940,3.499907
92.643490,4.609049
92.323170,6.003388
92.877860,7.621005
92.781080,8.734678
93.662140,-9.227839
93.625710,-7.561048
93.734160,-6.446176
93.517880,-5.295893
93.827800,-3.499039
93.753790,-2.381787
93.681140,-1.010616
93.849910,0.240125
93.417630,1.663389
93.763010,2.910485
93.595630,4.018048
93.790460,5.608155
93.476020,6.679314
93.915560,8.146233
93.843270,9.366458
94.910350,-9.432529
94.706030,-7.856949
94.942870,-6.615319
94.975640,-5.487176
94.730630,-4.161386
94.952420,-3.049240
94.700480,-1.783455
94.682270,-0.508448
95.017060,0.725098
94.855670,2.636983
94.918340,3.755270
94.663480,4.909448
94.771710,6.244320
95.218720,7.538966
94.984190,8.803058
96.212290,-8.842732
95.961060,-7.610310
96.031910,-6.359090
95.980710,-4.804203
96.214670,-3.511229
96.164090,-2.393426
95.611870,-1.131846
96.040420,0.269697
96.067180,1.560889
96.026150,2.929856
95.982930,4.309935
95.959660,5.492287
95.837840,6.605680
96.019020,8.321275
96.130670,9.433809
97.161870,-9.433438
97.362380,-8.060569
96.929410,-7.028017
96.917660,-5.675209
97.241030,-4.603432
97.209040,-2.829755
96.769440,-1.453871
97.518810,-0.625418
96.984530,0.872478
97.143710,2.500496
97.177340,3.631875
97.043820,4.745498
97.070210,6.466743
97.618220,7.897559
97.111230,8.895656
98.211240,-9.045699
98.420040,-7.691786
98.250180,-6.298190
98.203340,-5.176891
98.000600,-3.622301
98.555730,-2.115556
98.574630,-0.995989
97.993860,0.386806
98.418970,2.026052
98.392090,3.332161
98.161950,4.680389
98.519200,5.741436
98.598740,6.857957
98.597970,8.439614
98.091200,9.434493
99.537810,-9.433817
99.567020,-8.316535
99.496730,-6.918439
99.196140,-5.695527
99.347890,-4.311474
99.721640,-3.237333
99.673960,-2.050257
99.541300,-0.431561
99.253040,0.650487
99.524190,2.386421
99.737790,3.697150
99.870160,4.900517
99.881080,6.575913
99.389690,7.650365
99.561620,9.013192
100.635100,-9.022378
100.604300,-7.895116
100.305900,-6.139689
100.661800,-5.077917
100.575900,-3.961441
100.701600,-2.496017
100.404100,-1.144932
100.384000,0.578837
100.408200,1.698642
100.942500,2.912338
100.740000,4.194855
100.984000,5.762579
100.817900,7.188297
100.602900,8.286650
100.704500,9.432436
101.990700,-9.434113
101.795400,-8.333501
101.837500,-6.769073
101.759500,-5.565207
101.692600,-4.046279
101.746600,-2.927369
101.419800,-1.616534
101.676900,-0.525623
101.828200,0.637498
101.826400,2.223989
101.909100,3.478215
101.761700,4.651728
101.754900,6.576374
101.944900,7.718498
101.726200,8.973174
103.008200,-8.970392
103.044400,-7.551737
102.991200,-6.367929
102.876500,-4.925984
103.253100,-3.784572
103.159200,-2.262476
103.117700,-1.143142
102.900700,0.314597
102.657100,1.407885
102.940900,2.654595
102.906200,4.029779
102.918500,5.485028
102.996000,7.053461
102.742700,8.500015
103.342000,9.437448
104.037800,-9.409260
103.893700,-8.285589
103.996400,-6.961581
104.266100,-5.874413
104.269600,-4.255215
104.025300,-2.972828
104.115100,-1.679821
103.843400,-0.290122
104.016400,0.995627
104.185700,2.197854
104.244900,3.730921
104.364100,5.165412
104.458200,6.379971
104.011400,7.575266
104.182000,8.707266
105.155300,-9.339647
105.286200,-7.650410
105.197900,-6.498834
105.615500,-5.199608
105.353500,-3.739356
105.432900,-2.587801
105.048800,-1.062880
105.569800,-0.071993
105.481700,1.790335
105.134700,2.859729
105.335800,4.580367
105.348000,5.700183
105.420600,6.978023
105.078100,8.042434
105.036500,9.432432
106.585400,-9.435257
106.224000,-8.378922
106.390300,-6.719657
106.648200,-5.627817
106.384600,-4.382416
106.474100,-3.265946
106.327300,-1.913593
106.720800,-0.274778
106.321900,1.035953
106.411100,2.413204
106.033800,3.704331
106.440300,4.763339
106.436400,5.962435
106.550100,7.630955
106.499200,8.752752
107.527100,-8.835219
107.387800,-7.289054
107.612600,-6.192183
107.418200,-4.814228
107.509400,-3.697870
107.288300,-2.496774
107.241400,-1.266544
107.712800,0.245443
107.404800,1.322391
107.397500,2.939605
107.305900,4.054485
107.910800,5.749556
107.547100,6.835728
107.617900,7.968532
107.477900,9.432550
108.474000,-9.432620
108.503500,-8.289960
108.525300,-6.839257
108.606000,-5.676451
108.596100,-3.969821
108.802100,-2.851984
108.659400,-1.664600
108.922700,-0.498306
108.614400,1.147209
108.476900,2.645963
108.424900,4.088496
108.842400,5.127732
108.995000,6.247494
108.651000,7.536091
109.072000,9.055502
110.002300,-8.968542
109.425000,-7.614605
109.648700,-6.084629
109.719700,-4.703453
109.648500,-3.585612
109.870800,-2.369335
109.747500,-1.256085
109.652900,0.351057
109.707200,1.705154
109.790300,3.031294
110.069400,4.465525
109.887600,5.570759
109.860000,6.959281
109.641700,8.058568
110.144900,9.375691
111.020200,-9.435959
110.958200,-8.325031
111.066500,-7.213639
110.722300,-5.765918
110.838700,-4.651900
111.000000,-2.892319
110.906600,-1.650162
110.629000,-0.565020
110.922900,1.040041
110.735100,2.150102
111.142500,3.487454
111.046500,5.013204
111.100800,6.132019
110.944000,7.241218
111.223900,9.076448
112.335000,-9.200129
112.070300,-8.111779
112.354100,-6.554260
112.220100,-4.908371
112.178700,-3.276622
111.884700,-2.195853
112.141300,-1.089171
112.171000,0.419986
112.316300,1.684983
112.227600,2.840637
112.105500,4.630165
112.235800,5.742650
112.361500,7.210910
112.466500,8.324089
112.332500,9.433683
113.429900,-9.435436
113.292600,-8.329905
113.266700,-7.212852
113.351200,-6.043958
113.268100,-4.512927
113.292500,-3.393044
113.282100,-1.917735
113.154200,-0.611239
113.201000,0.880073
113.388500,2.005410
113.333300,3.432219
113.164300,5.042116
113.199400,6.313606
113.493400,7.394429
113.445400,8.865656
114.475200,-9.034988
114.336200,-7.923580
114.570000,-6.212505
114.433500,-4.989247
114.394500,-3.593354
114.486000,-2.280638
114.440400,-0.845699
114.548500,0.458508
114.450800,1.654578
114.223400,2.752126
114.409500,4.308506
114.403200,5.619411
114.618500,7.219097
114.547600,8.333382
114.406500,9.436653
115.687500,-9.432467
115.593100,-8.193877
115.831100,-7.037627
115.645600,-5.598744
115.789500,-4.119269
115.505900,-2.994120
115.826200,-1.651462
115.487000,-0.364377
115.447100,1.144777
115.583900,2.325485
115.507600,3.640093
115.736700,4.807510
115.322500,6.259137
115.702900,7.897459
115.502400,9.207446
116.681900,-8.871447
116.743600,-7.753050
116.697600,-6.328441
116.937100,-5.234593
116.974200,-4.049653
116.527100,-2.533741
116.800900,-1.094706
116.547500,-0.003641
116.785300,1.866799
116.822200,3.021162
116.622100,4.122461
117.014000,5.780877
117.039700,6.900368
116.756900,8.276424
116.753700,9.432516
118.087400,-9.434965
117.702300,-8.386994
117.671500,-7.125609
117.939400,-5.735028
118.062500,-4.314510
117.840500,-2.864730
117.731900,-1.749954
117.920500,-0.138961
117.758000,1.157307
117.824300,2.522113
117.759500,3.739180
118.184600,5.186234
118.004700,6.310311
117.855900,7.667055
117.913800,9.059020
119.041800,-8.852645
119.031800,-7.504118
119.140100,-6.158694
119.045900,-5.042617
118.963300,-3.385776
118.806500,-2.066853
119.120300,-0.991623
119.321200,0.515670
119.002300,1.589398
118.735400,3.173295
119.180000,4.337584
119.047000,5.901190
119.052800,7.088989
119.071300,8.248143
118.969300,9.432679
119.999100,-9.432722
120.554300,-8.293740
120.332900,-6.972335
120.519100,-5.397276
120.010800,-4.399185
119.874200,-2.734977
120.166300,-1.654160
120.118600,-0.270968
120.629500,1.042025
120.044800,1.997459
120.353100,3.516147
119.944800,5.232067
120.188900,6.327165
120.055400,7.713120
120.240800,9.078279
121.301100,-9.125527
121.452300,-7.623607
121.394600,-6.504969
121.385400,-4.662216
121.329600,-3.534747
121.345700,-2.218268
121.332300,-0.881433
121.460200,0.291005
121.163200,2.042856
121.542000,3.396523
121.051900,4.403676
121.524800,5.505610
121.176400,6.855842
121.351800,8.298711
121.535500,9.403972
122.374200,-9.434549
122.450000,-8.319558
122.659400,-6.867691
122.398500,-5.778376
122.413400,-4.219049
122.713700,-3.140529
122.270600,-1.493112
122.540900,-0.002016
122.317400,1.109722
122.260000,2.267378
122.661000,3.795207
122.465100,4.897724
122.918600,6.278596
122.622300,7.378813
122.505500,8.844205
123.474600,-9.237464
123.514300,-7.668510
123.871200,-6.606812
123.209700,-5.005997
123.956300,-3.476763
123.417500,-2.183658
123.585800,-1.076233
123.655300,0.107171
123.439200,1.605999
123.808600,2.663485
123.703800,4.230780
123.841100,5.429236
123.701300,7.079229
123.493900,8.314993
123.457600,9.433294
124.760500,-9.432493
124.513700,-8.174048
124.870700,-7.112344
124.730600,-5.653172
124.920700,-4.045944
124.972800,-2.730462
124.681200,-1.649127
124.573200,-0.534481
124.449200,1.121700
124.818600,2.179178
124.742400,3.296710
124.862200,4.968767
124.762400,6.105461
124.741900,7.491680
124.559000,8.663127
125.800900,-8.613385
126.025100,-7.515920
125.848200,-6.327188
125.843600,-4.680290
125.944100,-3.557810
126.174700,-2.270158
125.681100,-1.141886
126.111100,0.408891
125.803000,1.507695
125.943800,3.019315
126.121800,4.695223
125.833000,5.777175
126.157500,6.930757
125.922900,8.325617
125.796700,9.434752
127.008000,-9.432539
126.867300,-8.265604
127.191800,-7.132092
126.854700,-5.835653
127.523900,-4.158339
127.029200,-2.994246
126.988200,-1.370058
127.016400,-0.250434
126.927800,1.175560
127.077300,2.333210
127.081400,3.659627
127.239000,4.769699
127.165800,6.194762
127.197900,7.815709
126.847100,9.047116
128.268200,-9.028883
127.951500,-7.954889
128.264800,-6.322221
128.512800,-5.061078
128.489300,-3.590534
128.036700,-1.978209
128.607700,-1.016889
128.151500,0.271159
128.077200,1.813510
127.991100,2.990440
128.137100,4.100841
128.178900,5.647811
128.121200,6.779475
128.189100,8.337325
127.902900,9.420476
129.312400,-9.432666
129.613500,-8.091986
129.264900,-7.025031
129.446700,-5.687568
129.345400,-4.312561
129.757200,-2.907828
129.446800,-1.832566
129.315000,-0.152383
129.801700,0.852935
129.346500,2.440899
129.256700,3.801660
129.237700,5.284228
129.534900,6.517364
129.263100,7.740219
129.319400,8.963620
130.327100,-8.959104
130.576000,-7.441500
130.605600,-6.228953
130.899000,-5.026719
130.364100,-3.848057
130.811500,-2.523648
130.786700,-0.896479
130.812500,0.370173
130.300200,1.853294
130.642600,2.918344
130.358800,4.001410
130.352200,5.176854
130.373600,7.256279
130.701500,8.322517
130.653400,9.435433
131.981000,-9.433221
131.482200,-8.431662
131.532000,-6.858548
131.745600,-5.759438
131.760900,-4.311682
131.708600,-3.193447
131.631500,-1.631688
131.750300,-0.323896
131.639300,1.125756
132.065000,2.161781
131.744600,3.695198
131.809700,4.812701
131.615900,6.259246
131.934100,7.339553
131.651200,8.916772
133.051000,-9.105518
132.423500,-7.536289
132.679300,-6.377915
133.251500,-4.963783
132.747800,-3.611400
132.470800,-2.373110
132.675900,-1.068057
132.946700,0.260335
133.065900,1.657610
132.849200,2.970555
133.025900,4.629977
132.556000,5.646226
132.867100,6.720509
132.828200,8.319834
132.853400,9.435131
134.121500,-9.432616
134.150300,-8.161377
134.272700,-7.044756
134.152800,-5.894125
134.396000,-4.237753
133.902700,-3.144883
133.781100,-1.248619
134.246800,-0.231171
134.018100,0.864725
134.286300,2.391616
134.002300,3.595374
134.143200,4.708005
133.912600,6.234843
133.774700,7.375318
133.961500,9.274965
135.149400,-8.837924
135.179000,-7.718267
135.302900,-6.605095
135.010700,-5.174089
135.280900,-3.457330
135.195400,-2.302010
134.901000,-1.221255
135.177300,0.389808
134.946300,1.488682
135.205900,3.031545
135.481600,4.182087
135.178200,5.703714
135.249500,7.240982
134.967800,8.323174
135.070000,9.434448
136.270600,-9.432684
136.198300,-8.192605
136.348400,-7.006815
136.178900,-5.552902
136.473900,-4.290955
136.333800,-3.008871
136.248100,-1.721970
136.201900,-0.062637
136.006800,1.140198
136.299300,2.277041
136.286800,3.403581
136.121400,5.100588
136.308700,6.300376
136.322500,7.565107
136.212700,8.685128
137.285800,-8.960340
137.451100,-7.658158
137.281700,-6.387513
137.755600,-4.769972
137.426500,-3.700345
137.518700,-2.362235
137.453400,-0.964467
137.302400,0.145491
137.116700,1.252627
137.550800,3.052190
137.470300,4.181938
137.216600,5.330983
137.357500,6.693373
137.279500,8.315886
137.341200,9.433196
138.794700,-9.432896
138.764900,-8.072685
138.373900,-7.023036
138.550100,-5.557530
138.841300,-4.475956
138.531300,-3.399684
138.409000,-1.682894
138.658800,-0.451292
138.227100,1.124400
138.972200,2.237828
138.553000,3.552347
138.687200,4.887455
138.610600,6.389142
138.601600,7.617780
138.390400,9.042703
139.768600,-8.882601
140.021000,-7.793296
139.386600,-6.301092
139.979200,-5.350261
139.776000,-3.403780
139.258300,-2.411523
139.517100,-1.170917
139.754000,0.280137
139.924700,1.386167
139.704300,3.084548
139.759700,4.241210
139.478000,5.680376
139.810200,6.749937
139.371400,8.503363
139.988900,9.434189
141.104200,-9.434216
141.111200,-8.316944
140.904000,-7.107488
141.200100,-5.244030
141.206500,-4.115002
140.862100,-2.908541
140.730700,-1.423081
140.840700,-0.308923
141.096900,0.781019
140.599100,2.279479
140.691000,3.613267
140.992300,4.948034
140.798400,6.222659
140.447200,7.930474
141.085500,9.218289
142.134200,-8.996027
142.218900,-7.494634
141.725900,-6.348531
142.170600,-4.685062
142.181700,-3.558174
142.018900,-2.154328
141.761500,-0.953550
142.336700,0.007592
141.700600,1.832125
142.151700,2.856925
142.012600,4.476210
142.009000,5.727593
142.229400,6.825832
142.403500,8.336767
142.183200,9.433434
143.194600,-9.432539
143.005800,-8.292990
143.334700,-6.780371
143.222700,-5.656533
143.245900,-4.372536
143.324900,-3.255291
143.358500,-2.026908
143.428400,-0.242974
143.356600,1.045227
143.246500,2.628515
142.896500,3.693793
143.433000,4.676940
143.518200,6.398837
143.186400,7.468687
143.326900,9.212451
144.531900,-9.421139
144.235000,-7.988745
144.381900,-6.382926
144.244200,-5.069118
144.407100,-3.545786
144.690600,-2.197084
144.625000,-0.837646
144.333200,0.417280
144.363300,1.536966
144.363400,2.675685
144.481300,4.233039
144.324800,5.579765
144.505300,6.927929
144.192700,8.342244
144.433800,9.433775
145.712600,-9.434055
145.272200,-8.407279
145.212200,-7.134768
145.497700,-5.620254
145.703100,-4.194008
145.560800,-2.908161
145.545700,-1.475223
145.509900,-0.035271
145.527200,1.084686
145.418600,2.303827
145.536500,3.724072
145.420500,4.843351
145.383000,6.188396
145.236300,7.776353
145.629800,8.951452
146.743100,-8.998063
146.166300,-7.733867
146.617800,-6.289356
146.588500,-5.035444
146.720400,-3.473279
147.136400,-2.398079
146.516600,-0.918807
146.545600,0.406020
146.484300,1.666454
146.666800,3.031852
146.659500,4.197258
146.580300,5.630908
146.686900,6.745929
146.328300,8.024632
146.640800,9.432694
147.832100,-9.257959
148.122300,-8.162930
147.756700,-6.933778
147.838600,-5.808023
147.477000,-4.353599
147.832400,-3.291512
147.903500,-1.581884
147.790700,-0.361591
147.833900,0.842962
147.605900,2.348567
147.830100,3.445930
147.699700,5.167240
147.734300,6.307372
148.092900,7.699630
147.758500,9.219472
149.089100,-8.725458
149.193100,-7.610570
148.812300,-6.361608
149.060500,-5.176806
149.141600,-3.830585
149.110500,-2.280581
149.087900,-1.158482
148.820800,0.313765
149.006900,1.507959
149.104300,3.006730
148.976800,4.543014
149.253400,5.920361
148.972900,7.004790
149.020900,8.323945
149.133100,9.434635
149.954200,-9.433371
150.124600,-8.249368
150.109300,-6.861882
150.140400,-5.474435
150.214200,-4.153153
150.127900,-2.838043
150.168300,-1.446016
149.776500,-0.269840
150.059600,1.098176
149.885700,2.204437
150.369400,3.548937
150.099000,4.952810
150.259000,6.413787
150.030200,7.510288
150.142300,8.950569
151.195800,-8.849423
151.041200,-7.605540
151.413300,-6.290876
151.358200,-5.030007
151.246200,-3.672204
151.088300,-2.081072
151.136300,-0.882513
151.242800,0.232488
151.459300,1.524211
151.320100,2.763272
151.300800,4.170774
151.245600,5.506635
151.195100,7.063783
151.408100,8.223875
151.447600,9.432650
152.355700,-9.432631
152.108000,-8.149082
152.416600,-6.850880
152.409200,-5.639298
152.601700,-4.357353
152.726900,-3.244755
152.200900,-1.962885
152.380000,-0.312015
152.383200,0.890976
152.323200,2.237204
152.193700,3.494770
152.409800,5.118038
152.431200,6.237995
152.473400,7.874870
152.478100,8.994730
153.420700,-9.088154
153.567700,-7.607256
153.357300,-6.242880
153.572100,-4.914468
153.821300,-3.595596
153.476300,-2.412575
153.573400,-1.108894
153.491100,0.390140
153.324700,1.497806
153.616100,2.579288
153.750400,4.352086
153.483100,5.438484
153.505600,6.557607
153.593500,7.872356
153.519400,9.432534
154.828700,-9.432296
154.327000,-8.430791
154.713500,-6.937041
154.599500,-5.357927
154.739400,-4.237202
154.851400,-2.952711
154.773800,-1.835736
154.633600,-0.724834
154.701800,0.481871
154.736200,2.595799
154.668500,3.712857
154.674600,5.033933
154.657100,6.657213
154.854800,7.759328
154.623500,8.854609
155.833300,-8.936833
155.680300,-7.767612
155.704000,-6.262697
155.674200,-5.044220
156.162200,-3.954720
155.880600,-2.007644
156.091400,-0.908291
155.895100,0.193998
155.726100,1.797215
155.756500,3.080046
155.673400,4.205867
155.707300,5.779927
155.732100,7.063411
155.885200,8.362336
155.579900,9.435064
156.899300,-9.434164
157.044200,-8.326665
156.578300,-6.962787
156.823200,-5.334755
157.335300,-4.160527
156.903700,-3.048739
156.977000,-1.628634
157.013900,-0.273262
157.099700,1.273111
157.012500,2.389810
156.796800,3.926697
156.521100,5.011596
156.955600,6.281409
156.712900,7.610617
157.164800,9.029720
158.122500,-9.173590
158.050600,-7.836932
158.181000,-6.484317
158.071700,-5.004277
158.341000,-3.452348
157.848300,-2.446480
158.441500,-1.271379
158.512300,0.333459
158.085700,1.820266
158.152800,3.068484
157.715900,4.623152
158.230000,5.819901
158.535300,6.975878
158.146300,8.028689
158.438800,9.432527
159.216100,-9.419267
159.312000,-8.304662
159.018500,-7.225878
158.962900,-5.682675
159.385400,-4.645745
159.459500,-3.392600
159.323300,-1.962032
159.326000,-0.436198
159.192900,1.222972
159.621000,2.286226
159.052400,3.735745
159.337800,5.015028
159.298500,6.156054
159.309300,7.783990
159.575200,8.869894
160.636800,-8.913177
160.558600,-7.414721
160.647500,-6.298192
160.460100,-4.961268
160.563800,-3.579122
160.324100,-2.479275
160.416500,-0.876294
160.157000,0.314772
160.509400,1.605437
160.542600,3.042394
160.451600,4.317371
160.511000,5.530910
160.310300,6.636546
160.723800,8.019948
160.537900,9.434707
161.628400,-9.432840
161.590300,-8.280178
161.620700,-7.044226
161.695400,-5.489875
161.638300,-4.080466
161.583200,-2.961800
161.576300,-1.801283
161.387400,-0.317875
161.472800,1.035498
161.664400,2.140110
161.560100,3.510523
161.457100,4.931216
161.725000,6.155378
161.971500,7.865726
161.505400,8.880570
162.597800,-8.769572
162.633400,-7.571741
162.555100,-6.208182
162.589700,-4.816267
162.807800,-3.718046
162.859500,-2.307778
162.631800,-0.816116
162.669300,0.823216
163.059100,1.943189
162.720200,3.009275
162.577900,4.119366
162.834900,6.006636
162.850300,7.174128
162.993900,8.440349
162.477400,9.433255
164.397700,-9.432538
163.844000,-8.315636
163.762800,-7.117310
163.868600,-6.002310
164.051200,-4.607994
163.923100,-2.817529
163.896800,-1.651105
163.738800,-0.432143
163.790400,1.096184
164.160200,2.181342
163.941400,3.962473
163.662500,5.252184
164.005800,6.333916
163.837100,7.703439
164.040100,8.977035
165.373000,-8.832395
164.746500,-7.652925
165.208600,-6.632971
165.095800,-5.011672
165.041900,-3.638823
165.224600,-2.291902
164.927500,-0.792889
164.917100,0.643871
165.184600,1.730902
165.120500,2.848198
165.445100,4.403355
164.850800,5.591992
165.141700,6.673628
165.004100,8.321439
165.092000,9.434525
166.315700,-9.435617
166.404000,-8.324938
166.241800,-7.119587
166.076300,-5.553069
165.952900,-4.290529
166.217700,-2.809848
166.321300,-1.694518
165.938300,-0.310424
166.208100,1.280611
166.252100,2.404654
166.235700,3.525856
166.185800,5.243024
166.261200,6.705265
166.558500,7.784132
166.059000,8.786203
167.435600,-9.428469
167.294100,-7.650225
167.341600,-6.271066
167.366400,-4.829444
167.364800,-3.709382
167.325500,-2.345114
167.441900,-1.210712
167.232000,0.244136
167.319500,1.408483
167.248700,3.049197
167.094300,4.319386
167.121800,5.857215
167.363600,6.950748
167.468300,8.435432
166.970600,9.434569
168.709900,-9.434563
168.188900,-8.446349
168.285100,-7.131857
168.279400,-5.478400
168.439600,-4.369847
168.729600,-3.192239
168.421800,-2.115418
168.240700,-0.242762
168.531500,1.253342
168.044300,2.261700
168.647500,3.469057
168.607800,5.014816
168.222000,6.066364
168.345500,7.741754
168.231600,9.255067
169.706100,-8.929409
169.531700,-7.704577
169.967000,-6.672568
169.676200,-5.034071
169.582600,-3.917944
169.512400,-2.375254
169.848600,-0.759039
169.326900,0.232069
169.613300,1.581913
169.451600,2.689934
169.659400,4.351443
169.767600,5.557710
169.652500,6.971851
169.574800,8.198983
169.337500,9.432449
170.723700,-9.432486
170.544700,-8.190713
171.044600,-7.190318
170.823200,-5.950364
170.688300,-4.096089
171.015300,-3.024937
170.640700,-1.939604
170.968000,-0.724551
170.912400,1.362291
170.896600,2.482291
170.640600,3.606758
170.803500,4.978878
170.972000,6.282454
170.811400,7.617977
170.572700,8.712412
171.891600,-8.981424
172.130100,-7.886848
171.868700,-6.433004
171.985900,-5.034709
171.995100,-3.648060
171.816800,-2.242877
172.273500,-1.220231
171.616200,0.188824
171.996100,1.802186
171.927500,2.920186
172.209900,4.423746
171.815500,5.545479
171.972000,6.788697
171.753600,8.223706
172.104600,9.288049
173.188800,-9.433207
173.173800,-8.293583
173.225100,-6.639655
172.981800,-5.546592
173.120000,-4.203355
173.214800,-2.807708
173.290300,-1.690161
173.192200,-0.139184
172.724000,0.950902
172.931800,2.418371
173.052800,3.686167
173.279900,4.920088
172.963900,6.268369
173.136800,7.612607
173.105100,8.785393
174.144800,-8.854112
174.030700,-7.481223
174.549700,-6.489277
174.160500,-5.066206
174.316700,-3.554000
174.458400,-2.357507
174.163200,-0.988341
174.224000,0.296782
174.485700,1.385909
174.426100,3.082347
174.093400,4.151245
174.253100,5.647625
174.280000,7.140094
174.165500,8.254560
174.017700,9.433003
175.290900,-9.224257
174.977900,-8.109960
175.481400,-7.111142
175.316500,-5.674339
175.105800,-4.465406
175.539000,-2.652223
175.291500,-1.538495
175.109500,-0.389161
175.801600,0.747494
175.630300,2.400404
175.489700,3.687299
175.177800,4.903124
175.510800,6.241811
175.377800,7.361802
175.149000,9.432327
176.416900,-9.432468
176.384800,-7.774029
176.788000,-6.126320
176.290600,-5.122605
176.849900,-3.667395
176.790100,-2.548864
176.871100,-1.087623
176.643600,0.008952
176.589000,1.544316
176.719500,2.661791
176.572900,4.330430
176.553200,5.628497
176.405200,6.915816
176.277100,8.220974
176.269100,9.432511
177.810400,-9.435509
177.600400,-8.339649
177.949200,-6.883835
177.885500,-5.388806
177.821400,-4.224875
177.832600,-2.962971
177.689600,-1.852079
177.725500,-0.281000
177.724000,0.876709
177.617000,1.991713
177.549000,3.641563
177.793800,4.828440
178.005400,6.501196
177.394600,7.440149
177.620300,8.908683
178.775600,-8.872902
178.694500,-7.720009
178.888100,-6.272983
178.846500,-4.813495
178.921500,-3.695992
178.919300,-2.214554
179.111500,-1.110457
178.879700,0.201364
178.813400,1.786523
179.086900,3.101730
178.863000,4.499431
178.815800,5.684539
178.923900,7.309156
179.065300,8.418235
178.607200,9.435051
179.745500,-9.432553
179.719100,-8.272044
179.683700,-7.061438
179.960600,-5.943382
180.087200,-4.225944
180.135700,-2.768207
180.159200,-1.506625
180.103600,-0.387155
179.636700,1.026939
180.154400,2.764522
179.845100,3.961256
179.793100,5.119158
179.822600,6.434592
180.205900,7.891967
179.887600,9.234473
181.063200,-8.813354
181.121900,-7.420368
181.113000,-6.045714
181.105500,-4.925745
181.022500,-3.469257
181.179200,-2.360164
181.247800,-1.242162
180.997100,0.288375
181.349100,1.715760
181.230500,3.073642
181.043600,4.179136
180.788000,5.628693
181.255800,6.645110
181.237400,8.325891
181.099800,9.434286
182.371700,-9.432497
182.331800,-7.863819
182.134600,-6.504774
182.310200,-5.314701
182.381100,-4.196949
182.092700,-3.114670
182.351500,-1.496899
182.633700,-0.360625
182.311800,1.004655
182.266600,2.620047
182.243500,3.738514
182.146100,4.853226
182.441800,6.066327
182.188600,7.550797
182.132700,8.999318
183.394600,-8.737687
183.595200,-7.635791
183.411600,-6.276572
183.355600,-4.896544
183.288700,-3.540587
183.494400,-2.429307
183.522800,-1.041843
183.419000,0.593827
183.601400,1.698904
183.834100,2.970182
183.306600,4.091209
183.811500,5.590319
183.458600,6.937637
183.544000,8.318272
183.551600,9.434673
184.702400,-9.432675
184.634200,-8.308930
184.718900,-6.545494
184.734700,-5.329951
184.873400,-4.033783
184.868000,-2.913854
184.448900,-1.843295
184.999700,-0.468516
184.780100,1.060093
184.884500,2.175344
184.848200,3.445653
184.673600,4.563824
184.726100,6.236181
184.622900,7.452640
184.607400,9.062264
185.740200,-9.013271
185.808300,-7.692225
185.708400,-6.020599
185.772500,-4.701515
185.917600,-3.588287
185.946100,-2.025122
186.029700,-0.908259
185.756500,0.361323
186.004000,2.131948
185.951100,3.250191
185.852400,4.365102
185.788800,5.686136
185.687800,6.809752
185.551700,8.078752
185.948800,9.432542
186.778000,-9.432703
186.760200,-8.282539
186.818400,-6.929149
187.220100,-5.620493
186.952500,-4.311049
187.144900,-2.889775
187.116200,-1.737842
186.969600,-0.152779
186.896400,1.006911
187.170800,2.320529
187.203200,3.439139
186.723400,5.068809
186.877300,6.439506
186.685400,7.543658
187.042800,8.613979
188.085300,-8.955011
188.142000,-7.719885
188.050700,-6.371994
187.986800,-4.803865
187.992400,-3.630963
188.090200,-2.288811
188.013400,-1.039757
188.060900,0.325929
188.190000,1.703956
188.257500,3.060336
187.662600,4.458819
188.188400,5.446234
187.737300,7.157137
188.182300,8.326917
187.804000,9.433450
189.430600,-9.432529
189.220700,-8.305878
189.319900,-6.969887
189.007200,-5.789076
189.136300,-4.052714
188.998300,-2.941865
189.291200,-1.710816
189.340000,-0.257123
189.336800,1.169261
189.249200,2.539743
189.240800,3.672432
189.295700,5.145766
189.295100,6.265442
189.178400,7.414563
189.564900,8.979037
190.460400,-8.939641
190.397500,-7.272659
190.075300,-6.128647
190.510400,-4.822598
190.214600,-3.740565
190.528700,-2.292274
190.569100,-0.829477
190.557500,0.290521
190.687300,2.022755
190.345900,3.089711
190.530600,4.246201
190.449200,5.841595
190.194200,6.932391
190.248300,8.050644
190.586200,9.433788
191.463700,-9.433531
191.554400,-8.269049
191.481200,-6.992591
191.499700,-5.603115
191.520000,-4.337402
191.590800,-3.058852
191.591500,-1.938722
191.638300,-0.288842
191.584800,1.261225
191.796600,2.360019
191.417700,3.413011
191.716600,5.072873
191.298600,6.570206
191.495400,7.672422
191.550200,8.868536
192.476500,-8.959151
192.435900,-7.577717
192.862200,-6.541888
192.693300,-4.957494
192.984400,-3.740672
192.748500,-2.394550
192.573600,-0.976354
192.419000,0.514269
192.983000,1.481855
192.768300,2.915957
192.292100,4.111942
192.745600,5.515576
192.372400,6.887008
192.716500,8.333723
192.515600,9.433822
193.932100,-9.432487
193.754200,-8.262787
193.844300,-7.082608
194.215800,-5.543139
194.000400,-4.444230
193.739900,-2.915139
193.728200,-1.676720
193.616500,-0.562167
193.921800,0.870314
193.719800,2.325360
193.873800,3.579904
193.805800,4.964709
193.928000,6.078115
193.778100,7.656392
193.754800,8.776282
194.958100,-8.983203
194.971900,-7.810892
195.144300,-6.384630
195.104300,-4.856340
194.742600,-3.605622
194.676300,-2.303704
195.119900,-1.276598
195.219700,0.717420
194.677700,1.697529
195.064600,2.771623
194.854700,4.572002
195.332900,5.583024
194.932600,6.962777
194.966500,8.333648
194.769900,9.433883
196.153100,-9.435749
195.957400,-8.339130
196.307100,-7.277485
196.370100,-5.676534
196.039000,-4.221520
196.018700,-2.901005
196.235400,-1.375306
196.370700,-0.264106
196.330900,0.854262
196.143400,2.369253
196.350000,3.774381
196.522600,4.889287
196.133000,6.363832
195.913100,7.504119
196.139100,9.335088
197.047800,-8.764811
197.349800,-7.686948
197.342400,-6.299659
197.273900,-4.931412
197.087200,-3.826993
197.448300,-2.200604
197.311600,-0.907962
197.415800,0.207251
197.082000,1.684101
197.104000,2.946132
197.400400,4.193430
197.532200,5.700251
197.117200,6.895823
197.169000,8.079738
197.261300,9.432493
198.556900,-9.435258
198.427000,-8.326698
198.450200,-6.932656
198.216800,-5.599959
198.304100,-4.483438
197.999000,-3.176675
198.567400,-2.175137
198.580600,-0.363994
198.196100,1.248681
198.629900,2.280548
198.317100,3.391710
198.589500,4.868323
198.446000,6.428232
198.523500,7.544956
198.393100,8.982439
199.554200,-8.931013
199.622900,-7.814101
199.454800,-6.115497
199.353100,-4.879209
199.283300,-3.614787
199.686000,-2.201683
199.520700,-0.972881
199.748200,0.133742
199.474800,1.513446
199.607800,2.825011
199.849700,4.607626
199.374800,5.677047
199.635900,7.071834
199.312800,8.338947
199.669100,9.432552
200.553900,-9.432878
200.951900,-8.057486
200.708200,-6.964159
200.460200,-5.621982
200.902500,-4.067675
200.861000,-2.948148
200.714800,-1.761732
200.825400,-0.171558
200.561400,1.241453
200.678400,2.497771
200.699600,3.718868
200.808600,5.186376
200.357300,6.214963
200.783900,7.364390
200.852500,8.968822
201.713500,-8.883241
202.043400,-7.809710
201.792100,-6.191391
201.618500,-5.040936
202.019000,-3.984429
201.903700,-2.084918
201.554300,-1.021130
201.978000,0.415715
201.881600,1.726026
202.246400,2.783850
201.604100,4.378887
201.905100,5.457452
201.828100,6.959037
202.035400,8.331681
201.870300,9.434871
202.689700,-9.432441
203.154300,-7.941223
203.054500,-6.796428
202.652100,-5.472562
203.082300,-4.335215
202.840900,-3.018456
202.914900,-1.603343
202.772200,-0.374075
203.030900,1.049043
203.359800,2.301806
203.149100,3.444389
203.065400,5.144276
203.015200,6.290998
202.808400,7.523619
203.164100,8.702869
203.904700,-9.050854
204.238500,-7.667229
204.203500,-6.141679
204.065400,-4.964928
204.338000,-3.436955
204.230300,-2.059517
203.771000,-0.881128
204.149800,0.265883
204.254200,1.627634
204.218200,3.114627
204.047700,4.262225
204.259500,5.731297
204.030600,7.143075
204.375300,8.216133
204.104200,9.413710
205.174000,-9.436232
205.142100,-8.324210
205.582600,-7.298583
205.268100,-5.793528
205.132800,-4.363017
205.324800,-2.907397
205.468600,-1.796723
205.472200,-0.565674
205.293100,0.714010
205.085700,2.393527
205.257600,3.530097
205.322800,4.882498
205.363900,6.005630
205.124500,7.383570
205.160800,9.014637
206.219800,-9.037004
206.551700,-7.868133
206.349000,-6.087168
206.365300,-4.965830
206.071200,-3.751563
206.570000,-2.566637
206.827700,-0.732263
206.626300,0.369480
206.182100,1.397669
206.143700,2.760110
206.458800,4.205851
206.453600,5.746371
206.234400,7.232934
206.424200,8.333601
206.592800,9.435269
207.474100,-9.435553
207.670300,-8.338904
207.618400,-6.970857
207.407000,-5.374789
207.536000,-4.262074
207.964200,-3.227200
207.684400,-1.930672
207.778700,-0.058237
207.528000,1.033856
207.204200,2.400407
207.576400,4.207644
207.522300,5.410197
207.240800,6.543052
207.317900,7.660212
207.673000,9.141630
208.872500,-9.266721
208.593200,-7.708227
208.878200,-6.371538
208.517900,-5.245726
208.992600,-3.671089
208.795700,-2.070210
208.362700,-1.031823
208.847200,0.277917
208.522700,1.788323
208.966500,2.820817
208.692700,4.250658
208.988600,5.495579
208.902600,6.612342
209.058800,8.336489
208.836300,9.433047
209.979100,-9.424033
209.528800,-8.323063
209.753800,-7.136469
209.636100,-5.279553
210.133500,-4.134748
209.918500,-3.036680
209.826600,-1.632789
209.894300,-0.515006
209.920200,0.604543
209.814800,2.089440
209.761600,3.921988
210.034700,5.008603
210.072000,6.443098
209.844700,7.539581
209.942200,9.249088
211.096100,-9.432446
211.196600,-7.534788
211.029800,-6.156880
210.736800,-5.076833
211.249300,-4.032981
211.069100,-2.191386
211.468200,-1.146327
211.044900,-0.040504
211.144700,1.818221
210.985000,2.926829
211.147200,4.352991
211.200700,5.629746
211.149600,6.748710
210.877900,8.327064
211.048000,9.433081
212.214300,-9.432432
212.523000,-8.273189
212.084900,-6.852527
211.964000,-5.394718
212.327800,-4.335222
211.968900,-3.174673
212.182000,-2.032885
212.262400,-0.359164
212.427600,0.990725
212.217300,2.239531
212.428400,3.538333
212.230700,4.638947
212.238200,6.187809
211.939900,7.542461
212.220700,8.970338
213.394300,-8.975043
213.371900,-7.542734
213.333700,-6.069845
213.500800,-4.896916
213.357700,-3.785961
213.235900,-2.412275
213.513100,-0.937125
213.233200,0.197068
213.364300,1.636807
213.216400,2.746124
213.404300,4.097531
213.219800,5.649322
213.353000,6.804947
213.376300,8.289752
213.304600,9.432529
214.412800,-9.435858
214.715400,-8.363974
214.459500,-7.276381
214.360300,-5.621870
214.493300,-4.377358
214.549100,-3.079461
214.718100,-1.608398
214.539700,-0.490726
214.355300,0.934580
214.280900,2.402050
214.600500,3.567672
214.108600,4.968573
214.604300,6.030783
214.255200,7.595498
214.449400,8.935441
215.739600,-8.815215
215.547000,-7.547760
215.750400,-6.445469
215.856900,-5.187246
215.686800,-3.679354
215.701600,-2.327704
215.599300,-0.850574
215.391300,0.508891
215.572800,1.659363
215.662100,2.775759
215.516300,4.212547
216.052400,5.679098
215.632500,6.925100
215.801000,8.034245
215.540100,9.185223
217.187000,-9.433426
216.744200,-8.320418
216.777100,-6.893343
217.160700,-5.565534
217.129200,-4.445950
216.715000,-2.978715
217.101700,-1.766635
216.710800,-0.717090
216.431600,0.940591
216.772400,2.627682
216.691900,3.744925
217.011500,5.080849
217.040400,6.206933
216.868700,7.698281
216.659200,9.200908
218.095700,-8.784428
218.091500,-7.645214
218.246000,-6.292591
218.282400,-5.159287
217.907600,-3.608495
218.026400,-2.495452
218.094900,-0.923306
217.637400,0.309970
217.881800,1.693226
217.960700,2.810534
218.036000,3.928069
217.997300,5.611922
217.860500,7.179317
218.224800,8.349359
217.954800,9.433891
219.098900,-9.432562
219.055600,-8.215193
219.088100,-7.096117
219.236700,-5.770102
219.195000,-4.510508
219.116600,-2.990456
218.861400,-1.749826
219.153800,-0.558457
218.902100,1.167487
219.319400,2.501148
219.316800,3.689476
218.840100,4.707759
219.033500,6.036473
219.195700,7.602538
219.072000,9.247577
220.364500,-9.046785
220.138200,-7.941161
220.248900,-6.319617
220.214000,-4.973307
220.230800,-3.584849
220.138300,-2.336064
220.245300,-1.111526
220.120300,0.007489
220.167600,1.490328
220.448500,2.702760
220.268000,4.280938
220.006700,5.482704
220.282900,7.071762
220.008400,8.368229
220.327000,9.435575
221.416100,-9.432440
221.256500,-7.931931
221.405600,-6.700990
221.130600,-5.615590
221.224100,-4.489296
221.331200,-3.374357
221.317400,-1.627148
221.235700,-0.094374
221.736600,1.073765
221.572800,2.458062
221.429600,3.568840
221.052100,5.080937
221.411200,6.391084
221.472600,7.722240
221.446200,9.432391
222.724200,-8.678872
222.624800,-7.540864
222.606600,-6.421631
222.400700,-5.321226
222.702600,-3.556439
223.066000,-2.371698
222.566000,-1.369885
222.524400,0.277895
222.568800,1.823475
222.595300,2.943292
222.397600,4.132115
222.280100,5.245940
222.624100,6.969321
222.597400,8.289553
222.696400,9.432668
223.552000,-9.432741
223.694100,-8.103836
223.992000,-6.925514
224.042900,-5.454107
223.834100,-4.354276
223.776100,-3.236500
223.739400,-1.476973
223.410900,-0.406371
223.595000,1.374529
223.637200,2.530297
224.105200,3.690180
223.397900,5.174621
223.813700,6.513115
223.727700,7.633190
223.797600,9.236041
224.666000,-8.660781
225.054200,-7.325356
224.916200,-6.154905
225.234200,-5.064773
224.887400,-3.372348
224.596300,-2.243610
224.742600,-0.979594
224.611900,0.132716
224.910800,1.267347
224.755800,2.472528
224.862100,4.514102
225.154900,5.594118
224.811300,7.021586
224.897100,8.261537
224.898900,9.432667
225.870500,-9.435643
226.004900,-8.330413
226.186100,-7.230349
226.035500,-6.123326
226.211500,-4.055680
225.932700,-2.970746
225.744600,-1.479673
225.822800,-0.330433
226.154900,0.739363
226.040100,2.542758
225.898200,3.682704
226.120000,4.780837
225.813200,6.521315
226.148800,7.814180
226.141000,9.046612
227.057400,-9.432436
227.237700,-7.636502
227.494100,-6.322408
226.999300,-4.851995
227.324800,-3.626134
226.831700,-2.282058
226.752100,-0.990264
227.137100,0.201081
227.157800,1.557083
227.350900,3.166824
227.117600,4.271474
226.983400,5.665141
227.114300,6.777477
227.230700,8.420265
227.698500,9.434393
228.167100,-9.280595
228.277600,-8.165936
228.638500,-7.038191
228.412400,-5.682494
228.058000,-4.486311
228.437500,-2.724212
228.381000,-1.600686
228.250900,-0.232521
228.040300,0.867453
228.564800,2.031683
228.183700,3.914555
228.582200,4.959627
228.639100,6.364884
228.022200,7.507205
228.421800,8.553636
229.346500,-9.118985
229.385300,-7.999465
229.737500,-6.541224
229.345900,-5.064917
229.364700,-3.501099
229.418800,-2.186168
229.443000,-1.067588
229.408900,0.317419
229.510100,1.432732
229.679300,3.032708
229.420300,4.144239
229.483600,5.622047
229.655700,6.834893
229.438200,8.082788
229.692500,9.432566
230.437400,-9.432545
230.694500,-8.273567
230.815400,-6.850553
230.502500,-5.723583
230.893800,-4.012630
230.299100,-2.877151
230.489000,-1.691600
230.305500,-0.353961
230.557100,1.037762
230.782400,2.611918
230.682100,3.727603
230.746900,5.003132
230.497800,6.095489
230.457200,7.617314
230.773000,9.137941
231.782600,-9.061943
232.047700,-7.517866
231.909300,-6.006357
231.375700,-5.022696
231.901200,-3.468944
232.165100,-2.380818
231.775100,-1.001735
231.626200,0.499202
232.055000,1.827476
231.856800,2.928571
231.759400,4.043211
231.785200,5.423307
231.627800,6.532330
232.017000,8.323943
232.121200,9.434679
232.860300,-9.434471
233.188600,-8.367140
232.935800,-6.836731
232.832000,-5.370373
232.867000,-4.250785
233.111000,-3.098491
233.074000,-1.726720
233.187400,-0.448646
232.958700,1.166941
233.114700,2.287131
232.942500,3.797431
233.157500,4.896282
232.743800,6.327253
232.708700,7.445788
233.101200,8.698807
234.371900,-8.591126
234.011000,-7.530749
233.856300,-6.199879
234.390800,-4.853632
233.968900,-3.817460
234.159600,-2.632953
234.339300,-1.075422
234.047600,0.302816
234.053900,1.637793
233.934700,3.055062
234.040800,4.194685
233.806700,5.808602
234.204600,6.884581
233.957800,7.977181
233.947400,9.432508
235.152100,-9.432440
235.451800,-8.053442
235.009900,-7.024103
235.381000,-5.372978
235.362300,-4.256360
235.431100,-3.140772
235.344600,-1.697858
235.304800,0.000293
235.028500,1.085748
235.257700,2.493348
235.009600,3.632616
235.223300,4.936026
235.146400,6.068686
235.360700,7.220065
235.183500,8.761989
236.152000,-8.927717
236.348800,-7.383123
235.908700,-6.355719
236.410600,-4.659356
236.518900,-3.534283
236.241300,-2.368903
236.054700,-0.831621
236.256600,0.594022
236.849000,1.544766
236.367000,2.648553
236.699300,4.594292
236.232700,5.798357
236.631600,7.155189
236.518600,8.317061
236.499000,9.434127
237.459900,-9.414775
237.634500,-8.049766
237.429000,-6.949519
237.537400,-5.835378
237.496200,-4.383388
237.306800,-2.713056
237.567800,-1.622581
237.679600,-0.131739
237.873900,1.092999
237.473500,2.474936
237.513800,3.640963
237.809900,4.735805
237.288700,6.170291
237.643400,7.635540
237.607000,8.959922
238.571000,-9.074685
238.853600,-7.661046
238.472600,-6.511193
238.729500,-4.880598
238.769400,-3.573528
238.488800,-2.260120
238.823000,-1.190544
238.850400,0.544338
238.939200,1.661321
238.801100,3.082838
238.794400,4.202678
238.943000,5.381794
238.652700,6.761032
238.756000,8.319726
238.807400,9.435103
239.836700,-9.434233
239.845900,-8.317218
239.777400,-6.636714
239.994100,-5.299079
239.705700,-4.216834
239.838800,-3.015568
239.829700,-1.681743
239.758200,-0.445740
239.919600,0.878240
240.102000,1.983429
239.950000,3.664401
239.965000,4.923388
239.869600,6.092311
239.763600,7.744069
239.767300,8.862726
241.099800,-8.611387
241.052800,-7.492324
240.850900,-6.316823
241.111000,-5.224386
240.782100,-3.907264
240.954700,-2.317996
240.973100,-0.995111
241.148900,0.301383
241.238100,1.895582
240.785500,2.919459
241.026100,4.227772
240.974000,5.682173
240.705300,7.138464
240.957600,8.231366
240.729400,9.432977
242.023500,-9.432445
242.306600,-8.207177
242.185800,-6.920566
242.066200,-5.807086
242.036800,-4.334454
241.912200,-3.083666
242.530200,-1.642385
242.176900,-0.393115
242.222900,0.726012
242.289600,2.531773
242.230400,3.701133
241.851500,4.984862
241.887100,6.502681
241.923900,7.622154
242.012400,8.738826
243.070300,-9.034070
243.483400,-7.992881
243.094400,-6.249770
243.107900,-5.126077
243.060400,-3.879676
243.512500,-2.180567
243.362100,-0.892245
243.286900,0.330698
243.281900,2.012308
243.490400,3.294057
243.216000,4.379584
243.485400,5.466417
243.205000,7.260726
243.068800,8.369017
243.381700,9.436646
244.367300,-9.433437
244.576800,-8.335198
244.361600,-7.236895
244.348000,-5.460860
244.063800,-4.377418
244.511400,-3.328213
244.589400,-1.163265
244.384500,-0.062949
244.451200,1.053757
244.390700,2.171113
244.528700,3.712668
244.526600,4.955609
244.355000,6.191463
244.267900,7.627101
244.260400,8.746287
245.994800,-8.709844
245.567400,-7.528360
245.911400,-6.311941
245.453100,-5.278222
245.595900,-3.608029
245.597900,-2.046955
245.858100,-0.957334
245.486500,0.176310
245.708900,2.151414
245.551900,3.259292
245.484800,4.376370
245.603000,5.527328
245.490800,7.138671
245.473700,8.258609
245.431000,9.432705
246.848800,-9.433060
247.139600,-8.164118
246.632100,-7.167477
246.566100,-5.403817
246.805300,-4.309884
246.456800,-2.891778
246.727900,-1.662979
246.791100,-0.153629
247.004200,1.134767
247.029500,2.357989
246.628300,3.567291
246.806900,5.260970
246.909100,6.687524
246.880200,7.844715
246.484400,9.056017
247.984700,-8.897728
247.839000,-7.289434
248.262100,-6.253075
247.680600,-5.296229
248.148500,-3.501336
247.910500,-2.091797
247.624000,-0.991034
247.878400,0.348034
248.007000,1.633621
247.905500,3.055414
247.866000,4.350055
247.885000,5.564678
247.995300,6.959164
247.868500,8.370792
247.536000,9.435435
249.168800,-9.434067
249.056300,-8.322406
249.063200,-7.035604
249.040900,-5.448558
249.020400,-4.292632
249.039000,-2.822811
249.106200,-1.705206
248.999900,-0.348417
248.876200,0.927391
249.099800,2.345066
248.807500,3.719023
248.959700,4.863494
248.943300,6.363312
248.969800,7.628716
249.088300,8.892989
250.569400,-9.132109
250.029700,-7.623513
250.250900,-6.525435
250.095500,-4.930721
250.013500,-3.774775
250.154200,-2.109077
250.316400,-0.856303
250.386400,0.261566
250.141300,1.930824
250.059000,3.047660
250.041000,4.167420
249.943200,5.494866
250.150700,7.022101
249.948000,8.174360
250.286800,9.432801
251.646200,-9.433689
251.036600,-8.114665
251.438800,-7.069889
251.003100,-5.587040
251.182400,-4.479243
251.452400,-3.074036
251.399800,-1.417189
251.504300,-0.222246
251.296500,0.990483
251.247100,2.109516
251.068600,3.544871
250.954500,4.852910
250.965500,6.253640
251.280400,7.680739
251.339700,9.055737
252.572800,-8.808251
252.408200,-7.633507
252.738300,-6.195750
252.769900,-5.020790
252.488400,-3.851166
252.529000,-2.731819
252.752500,-0.968256
252.323000,0.542253
252.548700,1.668634
252.339300,3.170891
252.376300,4.346139
252.541400,5.907707
252.137800,6.952624
252.711800,8.367599
252.390800,9.435608
253.592200,-9.432490
253.589200,-8.277845
253.427600,-7.169273
253.743000,-5.574828
253.702600,-4.386380
253.830100,-2.897491
253.671400,-1.608656
253.811900,-0.057294
253.448500,1.001957
253.310400,2.549351
253.654800,3.614606
253.435600,4.712382
253.745900,6.442203
253.628100,7.659060
253.771100,8.949554
254.739700,-8.935232
254.613900,-7.822186
254.550300,-6.350868
254.709100,-5.008197
255.160700,-3.715438
254.871900,-2.486332
254.811300,-0.722501
254.812500,0.448344
254.625200,1.558205
255.147200,3.024344
254.748200,4.348464
254.751800,5.952482
254.759800,7.125297
254.746400,8.245327
255.107000,9.432532
256.200000,-9.434782
256.132500,-8.320615
255.879900,-6.856517
255.938800,-5.739095
255.834100,-4.624848
256.169700,-2.514489
255.817500,-1.342874
255.889600,-0.208347
255.691400,1.214731
255.995300,2.292714
255.941900,3.813698
256.106900,4.993635
255.862000,6.085655
255.916100,7.632814
256.117200,8.733662
257.179200,-8.893084
257.102700,-7.763806
257.242600,-6.230931
256.986700,-5.140467
256.821800,-3.425263
257.321600,-2.422903
257.082300,-1.268459
257.268400,0.197755
257.053000,1.590629
256.790000,3.081957
257.027500,4.356504
257.136200,5.482146
256.703700,6.822481
257.177600,8.307059
256.990100,9.433147
258.391100,-9.433624
258.153200,-8.340593
258.027400,-7.133101
258.145000,-5.403193
257.775900,-4.345623
258.389400,-2.760351
258.436800,-1.527333
258.254300,-0.333793
258.175100,1.013923
258.177800,2.241287
258.418300,3.495805
258.185500,4.957474
258.227000,6.315695
257.988400,7.528060
258.227100,8.695162
259.323500,-8.815128
259.338600,-7.593869
259.575100,-6.270606
259.367500,-5.027738
259.441700,-3.894948
259.398800,-2.275220
259.478100,-1.116518
259.273300,0.793580
259.279800,2.045808
259.562200,3.204498
259.224200,4.273083
259.221600,5.392962
259.333100,6.923987
259.566900,8.306853
259.067700,9.433114
260.553000,-9.432500
260.277600,-8.229643
260.818400,-6.926415
260.772100,-5.478587
260.436400,-4.409948
260.748500,-2.648648
260.507800,-1.555154
260.762900,-0.294372
260.496200,0.793554
260.396600,1.969854
260.326800,4.081110
260.992700,4.978458
260.546400,6.484890
260.434800,7.599070
260.679600,8.691822
261.677900,-8.983910
261.788600,-7.644779
261.722900,-6.265872
261.827500,-5.103229
261.600400,-4.006347
261.763100,-2.173630
261.629800,-1.061480
261.784400,0.163459
261.771000,1.588904
261.216700,3.103392
261.702400,4.112456
261.592000,5.920024
261.575400,7.035557
261.658700,8.148580
261.773900,9.260706
262.702900,-9.435503
262.713200,-8.322387
263.167700,-7.304142
262.813100,-5.635351
262.720500,-4.115617
262.680200,-2.940514
262.848900,-1.790563
262.841600,-0.203902
262.890700,1.370953
262.480800,2.455331
262.826900,3.826481
262.467100,4.930744
263.171500,6.531970
262.838000,7.601827
262.783800,8.772605
263.878600,-9.245054
264.170600,-7.806083
263.703900,-6.324828
263.870500,-5.218909
263.716800,-3.366622
263.984500,-2.279082
263.787300,-1.176575
263.880700,0.212504
263.981000,1.725556
264.051500,2.951380
264.227800,4.057511
264.250000,5.452340
264.142700,7.089224
263.764800,8.232179
263.941300,9.432517
265.026800,-9.432617
265.165000,-8.321391
264.992200,-7.044693
264.776400,-5.945549
265.131400,-4.284972
264.926100,-2.885652
265.203900,-1.800469
265.303300,-0.312567
265.082900,0.861094
265.223600,2.240892
265.244100,3.511566
265.342000,5.204740
265.010900,6.277360
265.224100,7.379787
265.360900,9.011060
266.079500,-9.050406
265.986700,-7.560431
266.586900,-6.172514
266.448000,-5.060286
266.363900,-3.505963
266.221100,-2.289204
266.242500,-1.169282
266.236900,0.306263
266.427300,1.590643
266.319900,2.711592
266.068000,4.270446
266.358900,5.672580
266.303400,7.081468
266.194300,8.197959
266.398300,9.432618
267.535500,-9.436885
267.472500,-8.327888
267.217300,-7.241660
267.570000,-5.635973
267.444300,-4.523036
267.609200,-2.764571
267.508300,-1.636738
267.612100,-0.441670
267.423100,0.821775
267.409000,2.450467
266.980300,3.620736
267.157500,4.887281
267.239800,6.363300
267.398000,7.471611
267.247300,8.581213
268.638700,-9.247483
268.868800,-7.340620
268.571500,-6.262750
268.594300,-5.144119
268.480700,-3.518186
268.661500,-2.381720
268.573600,-1.265236
268.918200,0.267777
268.553100,1.956075
268.642600,3.080405
268.679800,4.199894
268.653700,5.704529
268.601700,7.028141
268.627700,8.162735
268.144300,9.432517
269.743100,-9.432464
269.549700,-8.228053
269.920100,-6.729206
269.730400,-5.626171
269.646600,-4.509973
269.694200,-2.814493
269.945700,-1.593725
269.966400,-0.290072
269.911400,1.219083
269.641400,2.379439
269.712600,3.496322
269.741700,4.615239
269.641300,6.363662
269.622400,7.489399
269.919800,9.097270
271.070100,-9.017726
270.850600,-7.718042
271.034100,-6.613101
271.194300,-4.769250
270.587800,-3.751980
270.742800,-2.421717
270.938600,-1.075442
270.795600,0.496326
270.906900,1.732445
270.821600,3.339812
270.993500,4.477309
270.828000,5.584436
270.741000,7.149649
270.772800,8.269292
271.267800,9.432906
272.110500,-9.432451
271.916800,-8.279275
272.050000,-7.167063
272.088400,-5.774274
272.069000,-4.069743
271.783900,-2.834561
272.091200,-1.436148
272.367100,-0.350657
271.828200,1.095393
272.172400,2.161309
272.299800,3.677896
272.074400,4.851750
271.644300,6.349685
272.030400,7.400238
272.156900,8.753020
273.056700,-8.748925
273.160200,-7.315796
273.129500,-6.195560
272.914900,-5.018152
273.180200,-3.929150
272.833200,-2.274971
273.209500,-1.089005
273.100900,0.588429
273.238000,1.755472
273.067300,2.862265
273.267100,4.241560
273.081900,5.345654
273.111700,7.108221
273.207800,8.260397
273.046400,9.432753
274.129900,-9.364442
274.369000,-8.270967
274.129700,-6.754935
274.330000,-5.652864
274.137500,-4.510542
274.549200,-2.716973
274.458800,-1.283622
274.621400,-0.176614
274.188500,0.856110
274.267400,2.580884
274.246200,3.699633
274.529600,4.782559
274.123000,6.450657
274.455100,7.719193
274.433100,9.432478
275.338500,-8.857640
275.069100,-7.397991
275.563300,-6.393588
275.414800,-4.922690
275.442100,-3.633521
275.605800,-2.345361
275.579400,-1.225553
275.497500,0.516793
275.596900,1.628541
275.559400,2.744842
275.543400,4.296763
275.197000,5.941360
275.462600,7.029482
275.388500,8.400334
275.805500,9.435282
276.621400,-9.432521
276.655100,-8.300668
276.360600,-7.190395
276.781300,-6.032506
276.726900,-4.214590
276.463200,-3.125977
277.028700,-1.475650
276.375900,-0.175197
276.535700,1.018096
276.614000,2.201006
276.424000,3.453634
276.715900,5.093470
276.694600,6.492667
276.672800,7.749093
276.860100,9.068944
278.193900,-9.061201
277.907300,-7.799550
277.862900,-6.322795
277.995800,-4.941617
277.783500,-3.842356
277.819300,-2.301519
278.039600,-0.994229
277.660600,0.059473
277.752100,1.705264
277.921000,2.811721
277.306300,4.141706
277.658200,5.727118
277.766800,7.221144
277.705700,8.337339
277.918400,9.433988
279.247400,-9.434464
278.982700,-8.112580
278.904200,-6.735382
278.889300,-5.615914
278.888200,-4.263007
278.741600,-3.152593
279.067700,-1.437209
279.186700,-0.163561
278.705400,0.851270
278.952800,2.367182
278.619400,3.686526
278.903700,5.028224
278.737800,6.273880
279.028600,7.412297
278.893100,8.611252
280.080100,-8.692229
280.200300,-7.418469
279.962200,-6.210093
280.124500,-4.812048
280.214800,-3.695625
280.081600,-2.323575
280.107800,-1.022991
280.075000,0.517102
279.904100,1.620810
280.223100,2.690840
279.883500,4.197563
280.000200,5.583278
280.066800,6.993659
280.045300,8.115329
279.917800,9.228220
281.188500,-9.432430
281.090000,-8.214143
281.293700,-7.113657
281.208200,-5.613235
281.169500,-4.404336
281.597200,-3.249254
281.282500,-1.578398
280.903100,-0.234581
281.285600,0.921166
281.144900,2.032435
280.855400,3.611818
281.079000,4.707813
280.906500,6.241144
281.131500,7.337948
280.994400,8.919365
282.306000,-9.432487
282.371600,-7.664238
282.129500,-6.250081
282.675800,-4.938681
282.640000,-3.665934
282.192000,-2.300535
282.314200,-1.110883
282.560500,-0.018188
282.315600,1.696040
282.240200,3.142978
282.435200,4.434713
282.275800,5.675680
282.222400,6.996271
281.961500,8.088487
282.370600,9.239510
283.421800,-9.404778
283.551200,-8.269458
283.385200,-7.162038
283.817500,-5.807706
283.579500,-4.276983
283.891800,-2.919938
283.267900,-1.989826
283.561600,-0.804087
283.578100,1.035795
283.517200,2.326417
283.428700,3.917823
283.847500,5.124567
283.493800,6.270416
283.399600,7.838879
283.454600,8.957606
284.440600,-8.949141
284.622200,-7.845377
284.807300,-6.540490
284.673600,-5.085433
284.761000,-3.656477
284.511400,-1.986764
284.678900,-0.876639
284.861400,0.477332
285.002900,1.588434
284.718000,3.150177
284.720500,4.277691
284.937300,5.383137
284.621300,6.956781
284.869300,8.049906
284.937100,9.275854
285.445800,-9.435151
285.687600,-8.345155
285.863400,-6.913433
285.857700,-5.656209
285.835600,-4.281871
285.894000,-2.908578
285.555100,-1.573683
285.850200,-0.048518
285.995700,1.068220
286.112400,2.247317
285.710400,3.669462
285.971800,4.953876
285.934300,6.403705
285.856100,7.520203
285.858200,8.639189
286.913000,-8.890073
287.097700,-7.741581
286.888000,-6.369800
287.007000,-4.917859
286.850000,-3.662059
287.066700,-2.186999
287.013500,-1.014867
287.019600,0.417701
287.012800,1.540271
286.895200,3.048381
286.942200,4.274097
286.923100,5.614116
286.973900,6.948596
287.274900,8.344264
286.971100,9.432498
288.272200,-9.432515
288.302200,-8.081577
288.143100,-6.775923
287.797100,-5.711187
287.939500,-4.190639
288.307100,-3.132696
288.057000,-1.663757
288.230700,-0.290958
288.008600,0.943415
288.382300,2.437584
288.223000,3.908122
287.830200,4.957062
288.432900,6.449218
287.978400,7.472837
288.093700,9.432441
289.222800,-8.789685
289.322100,-7.618599
289.240200,-6.329231
289.164700,-5.115360
289.521700,-3.681286
289.323400,-2.264422
289.341300,-1.040762
289.280500,0.266788
289.362100,1.892932
289.155700,3.245808
289.246600,4.361566
289.277300,5.713406
289.478500,6.851519
289.271800,8.318998
289.412200,9.432486
290.212900,-9.432532
290.432400,-8.140659
290.337800,-6.804832
290.165700,-5.698206
290.621200,-4.346262
290.279000,-2.848555
290.350500,-1.711801
290.387900,-0.592354
290.546600,1.043973
290.492100,2.450913
290.229600,3.556951
290.212000,4.928045
290.364800,6.166612
290.395800,7.915975
290.459100,9.034673
291.622200,-9.161551
291.358200,-7.266377
291.622400,-5.841830
291.750800,-4.728396
291.509800,-3.615602
291.345900,-2.341685
291.493600,-1.084154
291.551100,0.260001
291.438100,1.737342
291.509100,2.919977
291.121500,4.232603
291.381600,5.695447
291.541800,6.803982
291.439700,8.319366
291.505200,9.434332
292.744300,-9.432654
292.702800,-8.190080
292.831600,-7.077400
292.741000,-5.807950
292.581000,-3.942629
292.983900,-2.897470
293.091300,-1.701112
292.459800,-0.517763
292.621700,1.049709
292.912200,2.190358
292.601800,3.648187
292.740400,5.001902
292.576700,6.263318
292.375600,7.551708
292.521300,8.662263
293.806700,-9.078960
294.094900,-7.844002
293.756200,-6.279182
293.825600,-4.674830
294.047400,-3.250270
294.123700,-2.132944
293.990200,-0.963584
293.392800,0.222728
293.982300,1.861246
293.843000,2.975956
293.968000,4.561942
293.973500,5.742609
294.138600,6.863927
293.606600,8.385643
293.995800,9.433697
294.915300,-9.432546
295.147900,-8.225609
295.115700,-6.748936
295.052600,-5.629016
294.972900,-4.313386
295.079700,-2.714678
295.014700,-1.454809
295.039700,-0.326896
294.757600,1.053347
294.904400,2.621168
295.179100,3.738397
295.403400,4.982294
295.047300,6.210698
295.109800,7.481676
294.847200,8.679435
296.238700,-8.883642
296.370700,-7.751682
296.068100,-6.159653
296.025000,-5.040546
295.944200,-3.544128
296.428700,-2.534440
296.608000,-1.175311
296.141700,-0.127178
296.222400,1.460692
296.014300,2.766508
296.226600,4.222797
296.107400,5.852875
296.187800,7.177379
296.596500,8.220235
296.150400,9.432504
297.583200,-9.433365
297.360700,-8.276317
297.065000,-6.873267
297.202500,-5.762002
297.287000,-4.394382
297.559100,-3.078807
297.396300,-1.970645
297.255000,-0.261239
297.328100,0.856190
297.139600,2.223588
297.341800,3.496994
297.322900,4.976151
297.108200,6.353682
297.696300,8.009600
297.316200,9.081511
298.463500,-8.744452
298.413500,-7.627786
298.211600,-6.527635
298.415400,-5.246441
298.742300,-3.539234
298.439100,-2.378921
298.517400,-1.202296
298.467400,0.075303
298.288400,1.632669
298.325400,2.752098
298.402600,4.283347
298.436800,5.936369
298.622400,7.040986
298.791500,8.242440
298.741800,9.432566
299.810200,-9.432550
299.429800,-8.098203
299.757300,-7.026688
299.639900,-5.713019
299.607000,-4.593444
299.776200,-3.108550
299.639900,-1.659038
299.896700,-0.313761
299.576500,1.066184
299.999400,2.371286
299.824900,3.631384
299.400900,4.790659
299.560400,5.899082
299.780600,7.357838
299.754200,8.814483
300.909100,-8.817672
300.821400,-7.376336
301.108700,-6.293715
300.949700,-5.177782
301.107000,-3.722854
300.631300,-2.180141
300.822500,-0.944175
300.809400,0.355544
300.803400,1.592562
300.831100,3.121565
300.616000,4.424292
300.795700,5.669056
300.880700,6.785951
300.768100,8.338463
301.001600,9.433053
301.872300,-9.432920
302.320600,-8.407367
301.979400,-7.003488
301.993400,-5.606840
302.112700,-4.216793
301.804400,-2.846333
301.659000,-1.735205
301.997400,-0.667572
301.775000,1.036567
301.786200,2.178692
301.977800,3.742825
301.992200,5.052161
302.142400,6.323806
302.020300,7.436751
302.012600,8.952026
302.991100,-9.432261
303.227900,-7.751291
303.115200,-6.149670
303.052200,-4.826632
303.072300,-3.638537
303.045800,-2.365988
303.072100,-0.983215
302.887600,0.366693
303.349100,1.658974
303.281500,2.940206
302.972700,4.473642
302.990100,5.592911
303.065000,7.030452
302.948300,8.165777
303.082500,9.283429
304.109900,-9.433729
304.248000,-8.324430
304.492600,-7.174803
304.417900,-5.346192
304.121100,-4.265743
304.201200,-2.987696
304.090700,-1.449932
304.285400,-0.348266
303.961100,0.722104
304.279400,2.282662
304.440500,3.391008
304.213000,4.912201
304.025800,6.017817
304.095700,7.468773
304.213900,8.999434
305.269000,-9.006546
305.493900,-7.676718
305.371300,-6.390893
305.471300,-4.967189
305.701100,-3.871242
305.199000,-2.478926
305.396400,-1.138770
305.355500,-0.018393
305.190000,1.258076
305.476600,2.962455
305.132000,4.272002
305.471100,5.600294
305.490800,7.149574
305.011700,8.213313
305.461200,9.432532
306.302900,-9.434376
306.683600,-8.384160
306.645700,-6.939401
306.544000,-5.287930
306.775800,-4.192082
306.727800,-3.073038
306.701200,-1.610927
306.682100,-0.119983
306.561500,0.998404
306.456500,2.371479
306.470500,4.013167
306.765600,5.100390
306.310900,6.341431
306.529900,7.563767
306.444000,8.678561
307.558700,-9.086024
307.929400,-7.769124
307.554300,-6.284314
307.693600,-4.890277
307.740500,-3.560335
307.983900,-2.467764
307.928300,-0.862355
307.742000,0.242265
307.865600,1.823792
307.556100,2.899877
307.590200,4.019273
307.826300,5.460406
307.520900,7.045182
307.992600,8.525401
307.268900,9.433382
308.751900,-9.400525
308.945100,-8.241205
308.651400,-6.876152
308.627300,-5.540880
308.650500,-4.310716
308.914900,-3.223053
308.801000,-1.703030
308.949000,-0.087541
308.596400,0.975377
309.100200,2.290295
308.672000,3.729775
309.200200,5.028016
308.833800,6.298199
308.939900,7.413267
309.057300,8.872988
309.915500,-8.918254
310.230900,-7.412791
309.681400,-6.436759
309.727000,-4.614772
310.350100,-3.667664
309.871000,-2.031857
310.032700,-0.792364
310.171300,0.554050
310.028700,1.664827
310.055200,2.898137
309.748300,4.038874
310.081500,5.750069
309.915200,6.857791
309.907100,7.978017
310.134300,9.435522
311.001900,-9.434141
311.100500,-8.257181
311.500500,-7.212032
310.703000,-5.676274
311.178700,-4.421289
311.048200,-2.792782
311.047600,-1.673476
311.061000,-0.350109
311.143100,1.139598
311.235000,2.546061
311.141400,3.661790
311.175800,4.780958
310.986200,6.506167
311.160600,7.611562
310.990200,8.716768
312.239200,-8.845938
312.572900,-7.574228
312.220400,-6.355975
312.545600,-5.285407
311.991700,-3.650788
312.136400,-2.258167
312.033300,-1.142373
311.936100,0.348031
312.425200,1.438105
312.291500,2.917163
312.531600,4.010652
312.241000,5.619160
312.535300,7.205356
312.273900,8.296159
312.271400,9.433881
313.713300,-9.433262
313.412300,-8.355938
313.658400,-6.916641
313.624700,-5.584464
313.368000,-4.494300
313.329200,-3.375031
313.668300,-1.804345
313.475600,-0.294764
313.375100,0.844877
313.475700,2.162150
313.589100,3.510259
313.453200,4.646363
313.224200,6.155534
313.417800,7.894777
313.493600,9.012005
