0.669145,-9.416161
1.946793,-9.434954
3.066851,-9.432446
4.184849,-9.364985
5.324643,-9.434455
6.680282,-9.432461
7.961342,-9.434088
9.475966,-9.433714
10.595990,-9.432432
11.719550,-9.433439
12.839710,-9.425845
14.115670,-9.424443
15.255970,-9.432496
16.376090,-9.432504
17.737660,-9.432432
18.857180,-9.428596
19.976440,-9.434509
21.390810,-9.261138
22.770850,-9.432432
23.889230,-9.432220
25.006990,-9.433867
26.125750,-9.433489
27.352900,-9.434211
28.445980,-9.188072
30.041090,-9.432432
31.160200,-9.432416
32.279340,-9.434568
33.599830,-9.225670
34.715540,-9.322474
35.830060,-9.432886
36.926600,-9.044004
38.138330,-9.432493
39.784300,-9.181545
40.943980,-9.381665
42.220300,-9.434829
43.449120,-9.231223
44.559750,-9.376775
45.702710,-9.432499
47.083440,-9.432432
48.201640,-9.433012
49.319310,-9.427881
50.437900,-9.432436
51.705060,-9.432442
52.812150,-9.262827
54.320660,-9.150025
55.636520,-9.392494
56.755770,-9.435637
57.995850,-9.432478
59.330200,-9.422813
60.450240,-9.432447
61.648190,-9.217351
62.749500,-9.011102
64.251520,-9.432532
65.388240,-9.432432
66.508120,-9.434595
67.834050,-9.433581
69.127240,-9.434416
70.305430,-9.432467
71.690270,-9.432473
72.809000,-9.432638
73.907910,-9.222304
75.201920,-9.410935
76.319910,-9.432451
77.437070,-9.430933
78.554280,-9.434419
80.327690,-9.432474
81.387230,-9.069264
82.745480,-9.392484
83.865170,-9.435257
85.165610,-9.432432
86.285130,-9.431951
87.404470,-9.434486
88.524230,-9.432027
89.814470,-9.413024
91.069230,-9.434027
92.270820,-9.432445
93.429530,-9.432432
94.548870,-9.432432
95.667680,-9.432382
96.786260,-9.435398
98.366840,-9.399762
99.687810,-9.433855
100.918800,-9.432492
102.080400,-9.432796
103.520900,-9.248658
104.638500,-9.296391
105.749200,-9.432528
106.896200,-9.348318
108.014800,-9.434789
109.172800,-9.298582
110.640500,-9.331694
112.062500,-9.406058
113.180000,-9.432786
114.275100,-9.206475
115.698400,-9.255149
116.817000,-9.311555
117.937000,-9.298306
119.170900,-9.432471
120.610800,-9.432432
121.729200,-9.432455
122.847800,-9.432451
124.085000,-9.432517
125.510700,-9.432842
126.547900,-9.012369
127.681000,-9.434666
129.185200,-9.432435
130.302700,-9.432435
131.419500,-9.432432
132.537600,-9.432436
133.932700,-9.337797
135.176500,-9.432485
136.296600,-9.432446
137.781500,-9.402616
138.975100,-9.256056
140.102900,-9.432849
141.539000,-9.432904
142.658600,-9.432535
143.778500,-9.432432
145.090400,-9.317570
146.207400,-9.234758
147.309900,-9.432436
148.809900,-9.432447
149.929900,-9.432445
151.100400,-9.280261
152.210100,-9.432436
153.386600,-9.200306
154.589600,-9.398594
155.708800,-9.432516
156.793900,-9.155728
158.338500,-9.393503
159.457900,-9.432432
160.741000,-9.432434
162.060900,-9.434658
163.191300,-9.433071
164.482500,-9.433919
165.703600,-9.364799
166.820400,-9.333330
167.932400,-9.434265
169.050600,-9.432390
170.839600,-9.432444
171.957500,-9.432650
173.066500,-9.296070
174.176400,-9.432581
175.302200,-9.427022
176.669500,-9.124588
177.864500,-9.432447
179.086300,-9.374449
180.474000,-9.356345
181.591200,-9.435635
183.032800,-9.384120
184.150800,-9.432460
185.269600,-9.433075
186.388300,-9.393961
187.648700,-9.432466
188.830400,-9.283186
189.940600,-9.432444
191.290500,-9.424439
192.728600,-9.432531
193.848700,-9.432292
194.966700,-9.296528
196.380100,-9.399282
197.496700,-9.350506
198.597900,-9.163102
199.683000,-9.432778
200.991300,-9.432561
202.192300,-9.434473
203.575900,-9.187872
204.934200,-9.432493
206.029800,-9.140830
207.111200,-9.432440
208.642100,-9.432459
209.858200,-9.432645
210.928100,-9.105005
211.997200,-9.434297
213.421800,-9.385032
214.541800,-9.387482
215.852400,-9.165640
216.939100,-9.431186
218.057600,-9.432467
219.175400,-9.382016
220.904100,-9.434124
222.011100,-9.266512
223.270400,-9.432570
224.374100,-9.242620
225.602900,-9.434566
226.843200,-9.432545
227.996200,-9.433187
229.083800,-9.166327
230.616100,-9.434755
231.696900,-9.152377
232.777800,-9.432917
233.895600,-9.433417
235.355800,-9.432484
236.558200,-9.432560
237.646700,-9.169359
238.905700,-9.432627
240.297700,-9.432557
241.403700,-9.263505
242.508500,-9.434373
244.036500,-9.432432
245.156100,-9.433926
246.295900,-9.432432
247.679400,-9.434286
248.812300,-9.432444
249.931200,-9.407049
251.049500,-9.435240
252.486600,-9.431212
253.606700,-9.432484
254.951400,-9.433229
256.349400,-9.185414
257.438800,-9.432935
258.553400,-9.362947
259.669400,-9.432511
261.014700,-9.432432
262.322700,-9.432545
263.383700,-9.075274
264.579200,-9.411201
265.928200,-9.221216
267.047600,-9.261432
268.659600,-9.432482
269.854100,-9.126311
270.931500,-9.432670
272.251200,-9.432432
273.371200,-9.431644
274.492200,-9.434774
275.612000,-9.411084
277.040200,-9.432492
278.237600,-9.323681
279.352400,-9.432459
280.572100,-9.433924
281.869000,-9.394458
282.968900,-9.183024
284.344700,-9.432800
285.464400,-9.432430
286.584400,-9.434845
288.029100,-9.406834
289.428100,-9.432440
290.555900,-9.433129
291.674000,-9.432963
292.791200,-9.433156
293.863400,-9.119478
294.937400,-9.432666
296.557800,-9.433100
297.668100,-9.286401
298.919100,-9.410705
300.223700,-9.039931
301.341200,-9.110819
302.413100,-9.433587
303.649600,-9.432432
305.005300,-9.432505
306.320500,-9.432430
307.440500,-9.432921
308.561300,-9.432431
310.333800,-9.327265
311.448100,-9.432929
312.528200,-9.139915
313.608400,-9.432892
0.814556,-8.305492
1.933169,-8.317104
2.874740,-7.714059
3.999772,-8.260244
5.282792,-8.318568
6.398332,-8.218707
7.945993,-8.316888
9.373118,-8.320515
10.609380,-8.306637
11.729070,-8.315121
12.828570,-8.104497
14.417500,-8.345850
15.535100,-8.271842
16.639680,-7.865620
17.725960,-8.138958
19.070410,-8.183780
20.198140,-8.340749
21.211630,-7.869160
22.220940,-8.352242
24.086620,-8.197603
25.196320,-8.332592
26.312220,-8.330917
27.427260,-8.320436
28.515710,-8.068888
29.943570,-8.195294
31.297530,-7.883836
32.370170,-8.321813
33.595150,-8.108166
34.713940,-8.154017
35.822310,-8.313560
36.960530,-7.827648
38.571040,-7.969418
39.687530,-8.051898
40.784850,-8.273140
42.476140,-8.348742
43.564790,-8.089790
44.835260,-8.141225
45.947360,-8.007323
47.099010,-8.137640
48.208080,-8.313876
49.629460,-8.318871
50.747830,-8.333426
51.858400,-8.198689
53.441250,-8.336287
54.496940,-7.962475
55.572670,-8.274213
56.773540,-8.323125
58.073370,-8.209546
59.324550,-8.058358
60.455870,-8.128085
61.742140,-8.101541
63.009900,-7.889118
64.126770,-7.811605
65.117000,-8.334077
66.615390,-8.323328
67.754200,-8.318264
69.118320,-8.317722
70.231770,-8.197351
71.476710,-8.031596
72.555420,-8.333186
73.937800,-8.102823
75.157850,-8.138747
76.468480,-8.201427
77.631790,-8.151404
79.092970,-8.457171
80.181170,-8.198104
81.310340,-7.945827
82.439770,-8.160550
83.824490,-8.320696
84.984920,-8.093160
86.352950,-8.307183
87.470280,-8.320291
88.563420,-8.104720
89.665730,-7.938046
90.688850,-8.384139
91.922130,-8.212454
93.855260,-8.260005
94.968610,-8.155404
96.048870,-7.873382
97.054030,-8.354506
98.152470,-8.172883
99.243200,-8.409120
100.662200,-8.068574
101.741000,-8.366098
102.859500,-8.346308
104.649500,-8.177417
105.748000,-7.973092
106.833600,-8.230216
107.945300,-8.321147
109.049700,-8.152857
110.700600,-8.174687
111.811300,-8.316911
112.918600,-7.968037
114.036400,-8.039094
115.482400,-8.156217
116.601500,-8.205238
117.721600,-8.197577
119.067100,-8.030887
120.132800,-8.375730
121.705200,-7.990082
123.045900,-8.238091
124.339200,-7.764906
125.728800,-8.015259
126.848500,-7.933995
127.960100,-8.354259
129.046200,-8.089157
130.133000,-7.823627
131.465200,-7.976074
132.561000,-8.207969
133.668500,-7.901036
135.227000,-8.201742
136.345600,-8.144721
137.449800,-8.332763
138.773200,-8.006735
139.840500,-8.344679
140.951600,-8.480365
142.583800,-8.315076
143.700100,-8.223178
144.800000,-8.012492
145.911000,-8.154699
147.036000,-8.052989
148.513600,-8.256166
149.627400,-8.143732
150.744100,-8.218453
151.854100,-8.072634
153.633300,-8.107879
154.741300,-7.861604
155.840300,-8.076828
156.959100,-8.033313
158.043400,-8.313049
159.517000,-8.161906
160.782800,-8.151058
161.947900,-8.325062
163.068000,-8.320831
164.423200,-8.317902
165.634400,-8.175001
166.991300,-8.127088
168.128900,-8.333564
169.247300,-8.277635
170.499100,-8.270247
171.690600,-8.226519
173.133900,-7.899890
174.493200,-7.899274
175.525600,-8.330233
176.561100,-7.907643
177.635300,-8.222421
179.091600,-8.254463
180.211600,-8.267465
181.624100,-8.323050
182.726800,-8.129541
184.116600,-7.893152
185.356000,-8.317400
186.423500,-7.978816
188.009400,-8.276377
189.126100,-8.203042
190.178500,-7.822922
191.434600,-8.276202
192.535100,-8.067701
193.720300,-8.058714
194.993700,-8.176766
196.296300,-8.027950
197.461600,-8.064844
198.740100,-7.985335
199.857400,-8.064389
201.178900,-8.241637
202.409400,-8.339122
203.573400,-8.070739
204.689100,-8.161877
205.802600,-8.044020
207.298900,-8.184227
208.418400,-8.222371
209.576900,-8.347883
210.883300,-7.986779
212.185500,-8.333137
213.290100,-8.150387
214.477600,-8.203347
215.590600,-8.076964
217.372000,-8.377189
218.455100,-8.091627
219.600600,-8.346193
220.720200,-8.332092
221.863800,-8.156102
223.052000,-7.983668
224.401900,-8.122891
225.747900,-8.327804
226.824400,-8.024162
227.904100,-8.318209
229.329400,-8.073751
230.417300,-8.336104
231.731500,-8.033765
232.908200,-8.211448
234.262500,-8.377178
235.371100,-8.220678
236.580700,-7.998037
237.815000,-8.062148
238.949200,-8.313690
240.047000,-8.092198
241.526400,-8.151216
242.998100,-8.431155
244.074500,-8.127932
245.505000,-8.372842
246.516100,-7.895653
247.548000,-8.326129
248.670900,-8.230226
250.205700,-8.148797
251.306400,-8.350519
252.357000,-7.969254
253.638300,-8.018286
254.710300,-8.340818
255.949000,-8.140556
257.075500,-8.041881
258.562000,-8.243052
259.681900,-8.241803
261.259400,-8.235465
262.518200,-8.156646
263.703700,-8.003284
264.805100,-8.200076
265.920000,-8.099780
267.084700,-8.141961
268.412500,-7.926683
269.530700,-8.053864
270.722400,-8.332651
271.842700,-8.299919
272.891800,-7.907304
274.433400,-8.320954
275.542100,-8.162871
276.638500,-7.934125
278.114800,-8.210364
279.335400,-8.134124
280.691400,-8.322746
281.810200,-8.273318
283.047300,-8.065681
284.260200,-8.316468
285.379100,-8.308474
286.497200,-8.323400
287.609300,-8.203227
289.069000,-8.272221
290.183700,-8.378186
291.430100,-8.340767
292.916300,-8.320554
293.992200,-8.008024
295.344300,-8.265393
296.463100,-8.318485
297.912500,-8.193278
298.962800,-7.804246
300.602000,-7.986849
301.716400,-8.056065
302.784400,-8.379315
303.899200,-8.336351
305.017000,-8.312538
306.415700,-8.147922
307.521800,-8.316714
308.630700,-8.172828
309.728100,-8.385893
311.150100,-8.154123
312.380700,-8.030193
313.855200,-8.341044
0.650186,-6.868401
1.725483,-7.181584
3.457219,-6.758764
4.472672,-7.244826
5.527060,-6.866704
6.791001,-7.169701
8.035488,-6.861330
9.154643,-6.851175
10.267270,-6.973600
11.780390,-6.635537
12.844650,-6.984810
13.996610,-6.987448
15.116090,-7.024629
16.219830,-6.827143
17.732480,-7.018848
18.936430,-7.057533
20.116790,-6.918574
21.224320,-6.751077
22.797320,-7.378548
23.742180,-6.776999
24.872430,-7.066598
26.072910,-7.185168
27.378870,-7.202632
28.657310,-6.958380
29.774730,-6.883634
30.893790,-6.839114
32.407000,-6.993153
33.526530,-6.994106
34.744020,-6.785951
36.057020,-6.760056
37.520360,-6.857986
38.639350,-6.851604
39.731410,-6.607814
40.947010,-7.060304
42.210460,-6.778228
43.424310,-6.939029
44.530580,-6.763402
45.866910,-6.890078
46.984060,-6.810890
48.038720,-7.187165
49.088700,-6.798369
50.731110,-6.644465
51.797120,-7.080331
53.343020,-7.179291
54.411140,-6.845593
55.521260,-6.713696
56.506190,-7.241040
57.911140,-6.959309
59.029580,-6.921198
60.140520,-7.053807
61.640420,-6.986678
63.076250,-6.769128
64.207910,-6.694733
65.284250,-7.194163
66.591850,-6.921255
67.712640,-6.950224
68.877870,-6.827789
70.261760,-6.914368
71.502760,-6.911873
72.797180,-7.239501
73.784770,-6.616764
75.089970,-7.020737
76.219880,-6.954708
77.294310,-6.640367
78.406680,-6.766570
80.103800,-6.842189
81.222100,-6.831145
82.340680,-6.838494
83.717360,-6.832984
85.005220,-6.973236
86.356280,-7.187067
87.632620,-7.027750
88.754200,-7.001088
89.863120,-6.836813
91.000820,-6.860847
92.526220,-6.901189
93.642460,-6.808816
94.734220,-7.058887
95.917060,-6.762941
97.400380,-7.054197
98.660840,-7.126164
99.876900,-7.156181
101.067700,-6.553348
102.185600,-6.619705
103.304700,-6.585982
104.289600,-7.117863
105.838600,-6.682873
106.927300,-6.945957
108.036200,-6.787669
109.352600,-7.075186
110.551200,-6.926949
111.806800,-7.198438
113.067300,-6.857814
114.287300,-6.937002
115.402700,-7.039133
116.877300,-7.118835
117.983300,-6.941449
119.215500,-6.920721
120.344100,-7.143434
121.542600,-6.770388
122.611100,-7.104698
123.700200,-6.845498
125.333500,-6.967197
126.677000,-6.562300
127.931200,-6.764472
129.032500,-6.969161
130.158100,-6.704102
131.369600,-6.860139
132.866700,-7.119462
133.954200,-6.810822
135.346100,-6.900803
136.457500,-6.761936
137.591500,-6.865605
138.750500,-6.886953
139.973100,-6.597030
141.084100,-6.728143
142.199700,-6.819693
143.316400,-7.170454
144.895200,-6.896436
146.207700,-7.074746
147.286400,-6.773579
148.341500,-7.149384
149.991500,-6.916965
151.111200,-6.910428
152.225400,-7.016112
153.344100,-7.026102
154.436300,-6.781845
155.534600,-6.999455
157.317900,-6.723648
158.409600,-6.973425
159.779100,-6.445553
160.732100,-7.032339
161.836700,-7.212850
163.364800,-6.890690
164.538000,-6.706938
165.687400,-7.056329
166.806700,-7.021308
167.911000,-7.207410
169.436900,-7.028406
170.555200,-6.962080
171.720400,-6.913386
172.823200,-6.717228
174.124500,-6.843108
175.547300,-6.766701
176.667800,-6.793119
177.917900,-7.139847
179.254300,-7.146410
180.373100,-7.159116
181.489500,-7.214925
182.503200,-6.744052
184.008500,-6.778302
185.223000,-6.732968
186.534600,-6.864028
187.590100,-7.238194
188.843100,-6.863821
190.106400,-6.705908
191.213900,-6.875836
192.499500,-6.948364
193.601000,-6.751845
195.035600,-6.970573
196.381100,-6.911118
197.500900,-6.935849
198.696100,-6.821642
199.991400,-6.797806
201.300300,-7.004572
202.378200,-6.705547
203.466200,-6.960049
204.579700,-6.850172
205.979700,-6.923337
207.019800,-6.507921
208.141800,-7.134931
209.237700,-6.903337
211.050500,-6.879772
212.325000,-6.787540
213.431000,-6.963776
214.577400,-7.087659
215.680000,-6.890278
216.799300,-6.932563
218.510800,-6.880280
219.629200,-6.839524
220.696000,-6.501017
221.989400,-6.947924
223.062800,-6.624094
224.400900,-6.943482
225.505200,-6.755873
227.091200,-6.771771
228.237500,-6.783641
229.364500,-6.954480
230.790100,-7.000898
231.904600,-6.892741
233.008500,-6.705084
234.213700,-6.859307
235.353000,-6.927386
236.515000,-6.879842
237.624900,-6.731183
238.985200,-7.128438
240.336800,-7.010642
241.456700,-7.034615
242.760700,-6.805086
244.030000,-6.380666
244.752000,-7.236943
246.258500,-6.806551
247.875400,-7.257195
248.923900,-6.867338
250.043200,-6.845695
251.213100,-7.003026
252.324200,-6.850074
253.655000,-6.899239
254.874800,-6.918961
256.101600,-6.655137
257.187600,-6.927418
258.562500,-6.883657
259.813800,-7.119316
260.827200,-6.644390
262.129300,-6.988204
263.270400,-6.972510
264.465600,-7.097203
265.740000,-6.868412
266.845600,-7.047684
268.184300,-6.710673
269.786700,-6.758098
270.904700,-6.825564
271.965000,-7.186492
273.382000,-6.896872
274.458000,-7.204253
275.550000,-6.958189
277.140800,-6.933029
278.258800,-6.865677
279.372100,-6.987720
280.427400,-6.612531
281.598500,-6.804550
283.167500,-6.791425
284.341500,-6.899404
285.441400,-6.690195
286.433500,-7.207683
287.593700,-6.829333
289.244100,-7.151783
290.363900,-7.160069
291.518200,-7.182901
292.973800,-6.669681
294.071700,-6.891389
295.440100,-6.958256
296.688900,-7.222277
297.788700,-7.017307
298.857100,-6.688962
299.882500,-7.132386
301.431400,-6.974700
302.535100,-7.284342
303.792400,-6.950356
305.065100,-6.648160
306.101200,-7.073427
307.240900,-7.129686
308.879300,-7.081118
309.972100,-6.835977
311.432800,-7.020060
312.575700,-6.927779
313.690600,-6.822688
0.721415,-5.594566
1.837314,-5.692918
3.000476,-5.648907
4.345802,-6.077944
5.463381,-5.748377
6.812466,-5.774582
7.929648,-5.693369
9.089907,-5.562271
10.205700,-5.664086
11.523130,-5.545353
12.864870,-5.865089
14.023840,-5.867640
15.496320,-5.971313
16.310140,-5.202290
17.557870,-5.912412
18.804340,-5.591592
19.966020,-5.446039
21.271060,-5.633703
22.387840,-5.548629
23.707340,-5.565522
24.989230,-5.320138
26.251800,-6.079685
27.106970,-5.356812
28.813130,-5.307106
29.954050,-5.770414
31.225240,-5.769273
32.633310,-5.474403
33.775820,-5.906161
34.825510,-5.519677
35.937610,-5.646557
37.185420,-5.444688
38.366650,-5.471951
39.484040,-5.394975
40.646010,-5.673353
42.138340,-5.429170
43.313250,-5.824462
44.513690,-5.537239
45.631820,-5.453142
47.053830,-5.693092
48.514530,-5.600224
49.614200,-5.809977
50.693990,-5.518315
51.783500,-5.771523
52.853390,-5.444142
54.255880,-5.370812
55.810070,-5.632854
56.797230,-6.161440
57.887810,-5.839413
59.095970,-5.526522
60.891820,-5.621228
61.971590,-5.917455
62.988510,-5.450644
64.106480,-5.501687
65.224370,-5.562867
66.583630,-5.801216
68.133010,-5.459172
69.212170,-5.758783
70.327740,-5.660714
71.430480,-5.465027
72.912450,-5.826760
73.988690,-5.517262
75.094760,-5.688600
76.379690,-5.656448
77.489520,-5.508200
78.598060,-5.664720
79.875930,-5.715807
81.574280,-5.770866
82.692250,-5.776269
83.807570,-5.716719
84.842120,-5.291678
86.112630,-5.810916
87.450520,-5.803379
88.566700,-5.896967
89.673610,-5.475174
90.905140,-5.606784
91.979520,-5.923580
93.504740,-5.697326
94.768280,-5.672845
96.291710,-5.583256
97.406850,-5.688258
98.554700,-5.539627
99.652750,-5.760632
100.737800,-5.482947
101.863600,-5.546912
103.385300,-5.468634
104.494800,-5.622899
105.639400,-5.580605
106.921200,-5.822179
107.927000,-5.329250
109.506700,-5.827616
110.828700,-5.391253
111.847100,-5.855717
112.853100,-5.365341
114.393400,-5.714601
115.493900,-5.922863
116.598000,-5.734519
117.837700,-5.831376
118.957500,-5.805733
120.421800,-6.026458
121.476200,-5.652853
122.582600,-5.489093
123.839000,-5.734387
124.945400,-5.909350
126.347500,-5.423892
127.459300,-5.748623
128.570100,-5.604936
129.971900,-5.599728
131.380600,-5.518135
132.993800,-6.007384
133.962600,-5.447821
135.013600,-5.831757
136.287700,-5.654721
137.457700,-5.637191
138.576900,-5.650865
139.687700,-5.518062
141.055900,-5.608172
142.172300,-5.698805
143.706300,-6.025754
144.822200,-5.434302
145.923600,-5.641261
147.159500,-5.660760
148.503500,-5.627973
149.666500,-5.654975
150.793200,-5.637000
152.155600,-5.815956
153.425600,-5.909064
154.622400,-5.666918
155.979900,-5.971815
157.167100,-5.614297
158.286400,-5.587719
159.389300,-5.396692
160.828100,-5.916376
161.894200,-5.572773
163.145300,-5.405362
164.243300,-5.626456
165.474600,-5.956793
166.975100,-5.485557
168.084900,-5.637468
169.329900,-5.419342
170.359800,-5.859349
171.547300,-5.592232
173.119700,-5.637114
174.602600,-5.832221
175.696300,-5.605711
176.806900,-5.492486
177.785700,-6.029994
178.880300,-5.800028
180.207700,-5.981502
181.327500,-5.955054
182.790900,-5.662617
184.202500,-5.450945
185.310000,-5.616308
186.417700,-5.451771
187.937700,-5.879626
189.008300,-5.551843
190.127300,-5.586532
191.751300,-5.811766
192.659400,-5.155912
193.979700,-5.700014
195.088700,-5.851755
196.365000,-5.578070
197.476500,-5.716169
198.735000,-5.682374
199.853400,-5.397271
200.789500,-6.009174
201.857500,-5.673809
203.821000,-5.900548
204.829200,-5.415473
206.334200,-5.353854
207.447800,-5.472885
208.463900,-5.944077
209.507000,-5.236906
210.776700,-5.637669
212.265700,-5.669138
213.385700,-5.659721
214.609400,-5.878918
215.627500,-5.412912
217.174500,-5.529737
218.297900,-5.624471
219.655700,-5.698571
220.847500,-5.391500
221.876700,-5.833556
223.323200,-5.465244
224.383100,-5.823967
225.483700,-5.629697
226.592800,-5.769230
227.709000,-5.690927
229.182100,-5.596619
230.241400,-5.233644
231.673600,-5.507348
232.789200,-5.606805
234.311100,-5.367938
235.578100,-5.551482
236.696300,-5.486502
237.808900,-5.627536
238.927200,-5.683202
240.017500,-5.937423
241.136800,-5.962173
242.660100,-5.544409
243.749900,-5.286012
245.381200,-5.989701
246.452900,-5.664284
247.569500,-5.575990
249.168000,-5.775408
250.148800,-5.238684
251.258600,-5.366665
252.349800,-5.602602
253.450100,-5.799557
254.866900,-5.541263
255.986800,-5.542798
257.088000,-5.746373
258.519000,-5.663743
260.233000,-5.676476
261.463100,-5.724840
262.579800,-5.703699
263.672600,-5.928960
264.781600,-5.810490
265.897600,-5.749224
267.260900,-5.707219
268.455400,-5.623917
269.825800,-5.434384
270.930800,-5.617223
272.049300,-5.674212
273.162400,-5.798930
274.398700,-5.723036
275.816700,-5.775415
277.023900,-5.819067
278.142400,-5.751621
279.259300,-5.668880
280.398500,-5.492785
281.881900,-5.722538
283.249300,-5.674278
284.364300,-5.779801
285.464800,-5.570644
286.908300,-5.730173
287.991100,-5.447833
288.911200,-6.083556
290.125300,-5.865487
291.471100,-5.985595
292.809000,-5.561852
294.034000,-5.607516
295.198500,-5.710757
296.382600,-5.719946
297.627500,-5.772214
298.730500,-5.577713
300.097100,-5.449254
301.125800,-5.898562
302.266500,-5.806986
303.954700,-5.722528
305.008400,-5.342726
306.416600,-5.998941
307.457900,-5.586517
308.566600,-5.427610
310.104700,-5.544921
311.154600,-5.935036
312.271500,-5.850183
313.612800,-5.326444
0.402204,-4.228276
1.735056,-4.577495
2.820172,-4.300775
4.394131,-4.886581
5.325712,-4.264801
6.830001,-4.346342
7.949711,-4.376576
9.153136,-4.443783
10.267750,-4.546190
11.378410,-4.409691
12.630090,-4.383000
13.689500,-4.746575
15.307660,-4.638263
16.713590,-4.157840
17.833940,-4.777512
18.869370,-4.352710
19.986740,-4.306718
21.081910,-4.530989
22.197220,-4.445584
23.706040,-4.445424
25.028410,-4.200739
26.300990,-4.427296
27.410980,-4.279004
28.529200,-4.223955
29.722080,-4.645635
31.334170,-4.553197
32.439430,-4.371172
33.550530,-4.810829
34.556920,-4.319695
36.079060,-4.535693
37.179230,-4.325289
38.640310,-4.304498
39.787560,-4.316837
41.100320,-4.507360
42.202750,-4.309415
43.355900,-4.367003
44.631630,-4.423373
45.711220,-4.124808
46.712750,-4.626282
48.233370,-4.407688
49.714540,-4.552556
50.826760,-4.406859
51.968440,-4.370871
53.501290,-4.531625
54.592250,-4.281753
55.685630,-4.520584
56.804910,-4.494211
58.175400,-4.737240
59.122840,-4.140657
60.229850,-4.309456
61.513910,-4.476258
62.922120,-3.979972
64.339800,-4.406146
65.474560,-4.446570
66.741660,-4.487751
67.844270,-4.290987
69.026850,-4.407786
70.093670,-4.066434
71.170280,-4.375573
72.698440,-4.188278
73.794050,-4.417322
74.894550,-4.211194
76.138370,-4.014370
77.830890,-4.233591
78.892910,-4.585974
80.011280,-4.564172
81.336150,-4.678123
82.457960,-4.681653
83.717960,-4.499309
85.292920,-4.160746
86.356540,-4.718333
87.448460,-4.478438
88.557300,-4.339642
89.675560,-4.356155
91.023290,-4.492898
92.155090,-4.365138
93.248720,-4.606999
94.651560,-4.357961
95.771440,-4.334898
97.075550,-4.301033
98.525600,-4.419884
99.644430,-4.366651
100.763700,-4.323316
102.258800,-4.498888
103.368700,-4.347969
104.628500,-4.510890
105.699400,-4.184457
106.856200,-4.561001
107.963700,-4.209720
108.989200,-4.661418
110.637500,-4.062738
111.767900,-4.380895
113.078900,-4.268834
114.583300,-4.542632
115.597200,-4.066888
116.643200,-4.476586
117.737200,-4.716528
119.143200,-4.194980
120.375000,-4.395765
121.724300,-4.561339
122.879000,-4.410011
124.319300,-4.562755
125.346000,-4.117027
126.448800,-4.308592
127.636500,-4.400568
128.817000,-4.457662
129.936100,-4.409909
131.359000,-4.398237
132.463200,-4.090044
133.701600,-4.359439
134.997800,-4.423645
136.213200,-4.383978
137.331100,-4.316030
138.670000,-4.502459
139.786100,-4.408096
141.102600,-4.489010
142.765500,-4.748002
143.968300,-4.314169
145.096900,-4.350054
146.197100,-4.554973
147.720300,-4.691247
148.780000,-4.307920
149.871600,-4.554200
150.968900,-4.334504
152.171800,-4.695991
153.288300,-4.606186
154.504500,-4.553066
155.852200,-4.314450
156.953700,-4.515556
157.998200,-4.112320
159.461700,-4.280106
160.550400,-4.013668
161.652100,-4.479530
162.818700,-4.290294
164.267900,-4.397992
165.646900,-4.504198
167.084800,-4.370872
168.203500,-4.415609
169.308300,-4.233515
170.613700,-4.562643
172.243800,-4.442142
173.359300,-4.542968
174.451500,-4.146059
175.513200,-4.501129
176.910900,-4.331069
177.867400,-4.913532
178.963400,-4.683216
180.092500,-4.423495
181.203300,-4.279897
182.425000,-4.604445
184.005000,-4.348435
185.189700,-4.143642
186.292700,-4.337520
187.369500,-4.644999
188.955900,-4.433129
190.071900,-4.342177
191.175500,-4.531316
192.329400,-4.082269
193.753300,-4.604799
194.944200,-4.246831
196.104900,-4.439245
197.358400,-4.242856
198.583900,-4.572506
199.668500,-4.294529
201.116800,-4.644766
202.310600,-4.154712
203.628600,-4.679076
204.684300,-4.305212
205.802500,-4.368059
207.138900,-4.396334
208.458400,-4.561287
209.486900,-4.117889
210.678500,-4.521928
211.965300,-4.255670
213.341800,-4.392458
214.566500,-4.282984
215.873100,-4.320843
216.989300,-4.237281
218.070500,-4.527881
219.136000,-4.002450
220.519300,-4.304182
221.953200,-4.250340
223.202300,-4.343297
224.320500,-4.660862
225.492600,-4.510015
226.748500,-4.660153
227.985300,-4.593930
229.313000,-4.405336
230.687300,-4.206887
231.806700,-4.188873
232.894400,-4.455142
234.247600,-4.248324
235.348400,-4.455307
236.462800,-4.343478
237.911300,-4.514101
239.288000,-4.057233
240.283600,-4.568209
241.498900,-4.316142
242.568800,-3.984910
243.887300,-4.174478
245.062100,-4.329580
246.179400,-4.409108
247.594200,-4.456135
248.713700,-4.445944
249.746100,-4.013570
250.816600,-4.339271
252.148100,-4.360479
253.346700,-4.684888
254.818900,-4.422154
255.938900,-4.426067
257.270500,-4.369888
258.379700,-4.525366
259.900800,-4.606718
261.200900,-4.637222
262.261200,-4.276154
263.343300,-4.564931
264.571600,-4.710249
265.678100,-4.536430
267.260200,-4.280026
268.376000,-4.376315
269.586700,-4.228804
270.706400,-4.255529
272.089800,-4.554826
273.323100,-4.690595
274.439700,-4.603383
275.848700,-4.329492
276.964800,-4.422440
278.003700,-4.004074
279.310000,-4.317905
280.426100,-4.236124
281.446500,-4.693491
282.792200,-4.154073
284.416300,-4.661144
285.512900,-4.398029
287.016300,-4.612693
288.105500,-4.335056
289.254900,-4.336352
290.292500,-4.757967
291.516300,-4.294724
292.624500,-4.457116
294.049300,-4.468275
295.168800,-4.468374
296.271800,-4.276421
297.614600,-4.408273
298.733500,-4.458411
299.980600,-4.281486
301.130400,-4.779175
302.525300,-4.717158
303.643000,-4.646597
305.029100,-4.222802
306.558700,-4.557343
307.554400,-4.044608
308.642500,-4.310075
310.092800,-4.413527
311.138400,-4.815028
312.218200,-4.517512
313.441500,-4.219486
0.619604,-3.129466
2.030934,-2.956997
3.118496,-3.221700
4.178992,-3.579481
5.558863,-2.905185
6.625904,-3.245070
7.710701,-2.966670
9.116491,-3.148715
10.431220,-3.438306
11.542830,-3.302807
12.626220,-3.020151
13.920180,-3.195767
15.034350,-3.082736
16.148830,-3.191112
17.598640,-3.004461
18.715040,-3.095809
20.257510,-3.147626
21.363110,-2.969417
22.416780,-3.348259
23.536500,-3.338254
25.184770,-2.895462
26.224480,-3.310986
27.497150,-3.151118
28.694340,-3.116513
29.874460,-3.152937
31.149800,-3.448348
32.244710,-3.213629
33.359660,-3.315139
34.473700,-3.202710
35.757860,-3.462745
37.055480,-3.213416
38.217120,-3.267523
39.788320,-2.854396
40.737870,-3.447727
42.175220,-3.190347
43.293710,-3.248599
44.827220,-3.320515
45.714080,-2.636369
47.348830,-3.294963
48.429790,-3.001664
49.889680,-3.135934
50.997700,-3.300232
52.169000,-3.268852
53.387790,-3.201685
54.507290,-3.165072
55.600500,-2.921095
56.757100,-2.905773
57.742900,-3.437475
59.353900,-3.044859
60.543460,-3.173871
61.661050,-3.245422
62.719130,-2.878459
64.049600,-3.156790
65.157410,-2.991266
66.353840,-3.437623
67.482330,-3.230678
69.043330,-3.142944
70.717220,-2.875584
71.710010,-3.394125
72.708810,-2.887223
73.837410,-3.300423
75.292590,-3.111022
76.369750,-2.814802
77.473070,-2.983385
78.567720,-3.208260
79.858890,-2.949257
81.482210,-3.315882
82.504230,-2.857825
83.640390,-3.381865
84.643060,-2.882553
86.054200,-3.340179
87.162480,-3.182670
88.603290,-3.144188
89.792110,-3.244215
90.903870,-3.107695
92.016780,-3.234195
93.699830,-3.581797
94.631420,-2.659086
95.595420,-3.228984
97.471810,-3.100306
98.591600,-3.158165
99.821090,-3.260539
100.940400,-3.217197
102.059500,-3.263205
103.366300,-2.852721
104.443800,-3.158782
105.676200,-3.067585
107.073500,-2.976894
108.185400,-3.111596
109.223400,-3.532454
110.399800,-2.933756
111.946900,-3.273905
113.050200,-3.080925
114.170000,-3.103405
115.774800,-2.961373
116.885800,-3.100566
117.884500,-3.606707
119.105200,-3.075498
120.437000,-3.277361
121.719000,-3.161082
122.831400,-3.291617
124.111300,-2.902695
125.345200,-2.998834
126.499500,-3.189741
127.546800,-2.764949
128.722300,-3.046801
129.873400,-3.292614
131.585400,-3.295529
132.662800,-2.988924
133.769100,-3.161589
135.122500,-3.245909
136.242400,-3.263712
137.453800,-3.204121
138.639200,-3.126405
139.888900,-3.298230
141.601600,-3.235493
142.720500,-3.239401
143.731400,-2.761920
144.709800,-3.301696
146.166200,-3.434941
147.244000,-3.130315
148.597200,-3.203785
149.730800,-2.784041
150.756100,-3.234977
151.954400,-3.409372
153.379600,-3.117897
154.635100,-3.153275
155.875400,-3.140617
157.294100,-3.146943
158.617800,-3.145368
159.738500,-3.195404
160.921300,-2.926231
162.038300,-3.428675
163.010100,-2.872471
164.045000,-3.300375
165.509600,-3.392574
166.679400,-2.992067
168.048900,-3.170017
169.140400,-2.918707
170.224700,-3.235104
171.663100,-2.890861
172.757500,-3.126909
173.875500,-3.186132
175.383000,-3.218483
176.763800,-3.033261
177.883800,-3.496335
178.958400,-2.929950
180.031500,-3.251018
181.658500,-3.041234
182.738800,-3.336722
184.019300,-3.068742
185.138400,-3.020573
186.378100,-3.167893
187.650800,-3.154533
188.761200,-3.007553
190.157200,-3.225407
191.342400,-3.166279
192.493200,-2.974231
193.609300,-3.058629
194.725200,-3.148500
196.192200,-3.322623
197.294500,-3.125566
198.473200,-2.792048
199.985500,-3.222316
201.046300,-2.869002
202.150400,-3.046154
203.231300,-3.336138
204.725400,-3.186153
206.224800,-3.216254
207.323300,-2.997769
208.370100,-3.396427
209.669700,-3.013783
210.787900,-2.964159
211.906600,-2.924776
213.406100,-3.038187
214.509800,-2.847475
215.713200,-3.212717
217.216500,-3.140620
218.333800,-3.220731
219.661800,-3.013437
220.770800,-3.170568
222.060000,-3.135335
223.199800,-3.110063
224.314200,-3.221948
225.737700,-3.099447
227.010800,-3.001967
228.024700,-3.475311
229.129800,-3.300324
230.426900,-3.118216
231.888400,-3.071919
232.933000,-2.667700
233.966900,-3.098173
235.391000,-3.336085
236.505500,-3.223986
237.625300,-3.432245
238.869100,-3.020401
240.037000,-3.132639
241.172300,-3.002639
242.780600,-2.885342
243.895100,-2.995690
245.015200,-3.005381
246.561300,-3.080858
247.652600,-3.330920
248.769900,-3.264100
249.827300,-2.896719
251.350300,-3.355501
252.462200,-3.222164
253.657600,-3.157700
254.775600,-3.090126
256.020900,-3.310430
257.138900,-3.244118
258.607000,-3.169649
259.913300,-3.367622
261.028400,-3.268469
262.070100,-2.858537
263.412500,-3.107297
264.530800,-3.170124
265.954900,-3.259490
267.009900,-2.885319
268.093800,-3.166008
269.541800,-3.109565
270.864200,-3.146472
271.943900,-3.444262
273.153100,-3.346893
274.623400,-3.403927
275.859500,-3.045704
276.958200,-3.302991
278.026000,-2.884245
279.520700,-3.213960
280.639000,-3.136914
281.723600,-3.609741
282.668300,-3.009204
284.231700,-3.153429
285.343300,-3.290862
286.548900,-3.405122
287.664500,-3.306332
289.297100,-3.217098
290.483700,-3.183249
291.629300,-3.180385
292.745900,-3.093716
293.848200,-2.896988
295.272900,-3.090708
296.390700,-3.162760
297.872700,-2.691148
298.915800,-3.121164
300.101900,-3.021436
301.308300,-2.960420
302.464400,-3.064774
303.879500,-2.984489
305.161000,-3.108124
306.412500,-3.124095
307.515000,-2.925421
308.661300,-2.845645
309.739300,-3.149081
311.153900,-3.206826
312.257400,-3.398080
313.658800,-3.120372
0.714498,-2.013389
1.823530,-1.856929
3.148000,-2.102588
4.252291,-1.916318
5.366106,-1.801902
6.685839,-1.981291
7.707733,-1.522744
9.063793,-1.772910
10.446170,-1.985746
11.566220,-2.183663
12.644850,-1.748340
13.898310,-1.968174
15.018410,-1.962813
16.239600,-2.074911
17.451260,-1.894078
18.538620,-1.625848
19.677980,-2.189127
21.560260,-1.866874
22.614200,-2.246128
23.763430,-1.895620
24.880780,-1.817683
26.350870,-2.198931
27.421460,-1.870551
28.617490,-1.686697
29.704080,-2.040668
31.069720,-1.822732
32.294610,-1.980348
33.662750,-2.054362
34.853150,-1.845044
36.190790,-2.304539
37.303730,-2.122399
38.715680,-2.171702
39.745960,-1.736034
40.860850,-1.813862
41.942290,-2.095686
43.050620,-1.943290
44.491790,-1.894907
45.648420,-1.518211
46.770010,-1.628273
47.878090,-1.880824
49.638350,-1.888136
50.976730,-1.831110
52.078190,-1.628014
53.121570,-2.034850
54.409190,-2.040528
55.513510,-1.804341
56.853000,-1.789846
58.278180,-1.812602
59.373200,-1.580740
60.380820,-2.066441
61.459470,-1.768781
62.839680,-1.764957
64.061640,-1.988781
65.648960,-1.885769
66.662530,-2.361518
67.749370,-2.031084
68.916660,-1.873360
70.030620,-1.990611
71.542710,-1.843760
72.660590,-1.768142
73.924450,-2.185004
75.130740,-1.902454
76.435900,-1.663069
77.682640,-1.581039
78.771220,-1.844917
80.108630,-1.857462
81.219470,-1.996801
82.312200,-1.755385
83.722760,-1.720188
85.062030,-1.843724
86.181360,-1.773804
87.375820,-1.886128
88.768520,-1.884367
90.074520,-2.161873
91.184000,-2.019782
92.294650,-2.147353
93.389950,-2.374017
94.893960,-1.540773
95.985330,-1.792919
97.093130,-2.046140
98.318920,-2.071791
100.043800,-1.912886
101.120300,-1.603230
102.243400,-1.756434
103.434700,-1.734523
104.547900,-1.835925
105.656100,-1.952457
106.769300,-1.899101
107.878800,-1.785122
108.988600,-1.654777
110.562500,-1.827485
112.016600,-1.660807
113.115200,-1.878861
114.552000,-2.050458
115.653600,-1.848316
116.765000,-1.987507
118.302200,-1.851341
119.416300,-1.966810
120.519500,-2.160282
121.651600,-1.878765
122.832600,-1.978407
123.975900,-1.791359
125.089300,-1.910469
126.589400,-1.604403
127.708000,-1.656797
128.794100,-1.929027
130.269700,-2.246558
131.350300,-1.960016
132.466600,-1.888032
134.097800,-1.928602
135.217500,-1.898716
136.598200,-2.010207
137.712900,-2.116364
138.718100,-1.624362
140.199200,-2.225673
141.206100,-1.738142
142.483300,-1.858446
143.652700,-1.646035
144.760400,-1.978688
146.084700,-1.788994
147.182400,-2.011885
148.615200,-2.084472
149.819100,-1.667558
150.855900,-2.119423
151.977800,-2.207971
153.310900,-1.885661
154.423900,-1.760110
155.855300,-1.896605
157.046600,-1.850362
158.502500,-2.031175
159.845800,-1.698143
160.961200,-1.796543
162.066300,-1.976884
163.147300,-1.684443
164.460700,-2.153347
165.572700,-2.012208
167.200000,-2.000319
168.317000,-1.917682
169.432900,-1.822302
170.694300,-1.748032
171.813900,-1.780954
173.059800,-2.049419
174.125500,-1.705159
175.524200,-2.107276
176.644700,-1.759579
177.947000,-1.798438
179.286300,-1.859104
180.406000,-1.883895
181.554400,-1.926800
182.654600,-1.716673
183.751300,-1.943654
185.056700,-1.769367
186.651700,-1.779887
187.760400,-1.933835
188.878800,-1.892437
190.178800,-1.524486
191.161600,-2.061159
192.417300,-1.840926
193.880400,-1.971721
194.971000,-1.658971
196.090000,-1.709233
197.459000,-2.019094
198.520600,-1.664196
199.649200,-1.638219
201.086700,-1.750549
202.200600,-1.875024
203.531800,-1.872920
205.114400,-1.947594
206.229400,-1.841974
207.348900,-1.877963
208.680300,-2.320124
209.671400,-1.798298
210.857400,-1.831436
212.239600,-1.706748
213.381400,-1.914760
214.569700,-1.671604
215.783700,-1.870034
217.030700,-1.872603
218.158900,-2.114339
219.421000,-1.919542
220.843000,-2.052976
221.890400,-1.657884
223.129600,-1.992151
224.309400,-1.737348
225.763700,-1.930155
226.880900,-1.848184
228.000800,-1.866684
229.122500,-2.049057
230.334800,-2.002316
231.571700,-1.997618
232.613900,-1.587216
234.462800,-2.096230
235.524700,-1.749770
236.607600,-2.022682
237.711200,-2.201813
239.119200,-1.929744
240.234500,-2.030899
241.444500,-1.814652
242.846400,-1.767594
243.953900,-1.614035
245.070800,-1.642555
246.132700,-1.989849
247.199500,-1.655340
248.834300,-2.135780
249.953000,-1.783985
251.275000,-1.603071
252.371500,-1.819604
253.480800,-1.947688
254.595400,-1.873865
256.391200,-2.022442
257.598100,-1.938867
258.965400,-1.736200
260.048400,-2.179830
261.141500,-1.935642
262.261000,-1.676549
263.656000,-1.829172
264.893200,-2.110431
266.048200,-1.595079
267.152700,-1.775190
268.268600,-1.858640
269.616100,-1.991884
270.735400,-2.033779
272.072800,-2.331565
273.360500,-1.867008
274.480400,-1.883235
275.811500,-1.681407
276.806600,-2.194042
278.424000,-1.779145
279.535100,-1.920377
280.706200,-1.792119
281.823700,-1.867667
283.113100,-1.784008
284.232600,-1.818269
285.698200,-1.468542
286.704000,-1.959560
287.802500,-2.176036
289.197400,-1.887268
290.343800,-2.062722
291.463800,-2.072607
292.566100,-1.874182
294.173900,-1.825926
295.280300,-1.653812
296.396500,-1.740874
297.510900,-1.631092
298.773400,-1.921244
299.969900,-1.723652
301.245700,-1.842086
302.514600,-1.586338
304.054800,-1.878149
305.169500,-1.988240
306.415300,-2.004092
307.516400,-1.805606
308.597100,-1.518593
309.683000,-1.788270
311.090600,-1.939377
312.100800,-1.429382
313.554700,-1.877764
0.540204,-0.897629
1.650196,-0.750871
3.120882,-0.381067
4.439835,-0.665129
5.559389,-0.637377
6.670374,-0.777932
7.717978,-0.381842
8.967012,-0.656993
10.171600,-0.416543
11.367010,-0.808640
12.826000,-0.642994
14.357830,-0.840322
15.478590,-0.941640
16.724180,-0.353656
17.835760,-0.488810
19.142410,-0.682667
20.196460,-1.059465
21.193190,-0.550826
22.978930,-0.550710
24.067390,-0.811645
25.118140,-0.425748
26.364370,-0.526563
27.636950,-0.591286
28.755510,-0.575395
29.817170,-0.926888
30.859030,-0.466889
32.298250,-0.860293
33.654040,-0.928972
34.762890,-0.602662
35.880230,-0.523770
37.385340,-1.005942
38.441260,-0.463539
39.547780,-0.635551
40.659260,-0.497785
42.365310,-0.545938
43.434040,-0.891236
44.722530,-0.515548
45.838160,-0.414297
46.957980,-0.440640
48.140360,-0.778922
49.244560,-0.590802
50.513800,-0.792849
51.618300,-0.607020
52.776850,-0.730584
54.074020,-0.595940
55.631730,-0.564595
56.742820,-0.430542
57.852790,-0.574732
59.300360,-0.463557
60.513330,-0.820004
61.832090,-0.712848
62.947460,-0.591136
64.032500,-0.869032
65.416150,-0.790463
66.705510,-0.660006
67.861110,-0.916655
68.968020,-0.745840
70.384210,-0.855236
71.496640,-0.725329
72.676350,-0.489289
73.889220,-0.363345
75.025790,-0.327738
76.184840,-0.571427
77.300990,-0.477312
79.048890,-0.726185
80.171620,-0.739318
81.589430,-0.615989
82.703610,-0.708365
83.809510,-0.561509
84.921030,-0.654696
86.037390,-0.665022
87.327110,-0.677815
88.447180,-0.667857
89.814540,-0.602065
91.079920,-0.632340
92.275690,-0.455945
93.231000,-1.040770
94.666250,-0.443639
95.783250,-0.364569
96.901460,-0.423094
98.453500,-0.713517
99.683870,-0.491401
100.985100,-0.488342
102.092000,-0.647132
103.170700,-0.358468
104.210200,-0.769181
105.790900,-0.845065
107.019200,-0.805966
108.155000,-0.699773
109.343300,-0.592976
110.891700,-0.759782
111.895300,-0.264591
113.172100,-0.517971
114.286600,-0.630477
115.545900,-0.733636
116.657000,-0.872951
117.776400,-0.862451
118.895800,-0.833045
120.392200,-0.632365
121.676100,-0.636930
122.788300,-0.504431
123.909000,-0.674003
125.302300,-0.811985
126.653000,-0.486188
127.812000,-0.541880
128.928200,-0.451285
129.905300,-0.998478
131.329900,-0.841725
132.542900,-0.772042
133.908500,-0.824588
135.017300,-0.665958
136.453900,-0.899461
137.747100,-0.997493
138.871300,-0.515126
139.956300,-0.803382
140.987600,-0.335963
142.534900,-0.620803
143.636700,-0.424377
144.665800,-0.863210
146.228300,-0.678096
147.346100,-0.606714
148.512800,-0.652870
149.883800,-0.549418
151.087800,-0.826212
152.209200,-0.656196
153.411500,-0.530200
154.754400,-0.349136
155.865600,-0.490074
156.976100,-0.706326
158.083700,-0.539516
159.542100,-0.620061
160.907800,-0.677785
162.092500,-0.412548
163.201200,-0.565803
164.319700,-0.552503
165.380600,-0.908999
166.985500,-0.540995
168.084700,-0.325600
169.236000,-0.719016
170.665400,-0.628398
171.783000,-0.613282
172.847200,-0.951250
173.909400,-0.605819
175.018000,-0.754895
176.756700,-0.431009
177.935000,-0.638617
179.237900,-0.409457
180.333000,-0.632055
181.434400,-0.814383
182.531000,-0.603996
183.629600,-0.811519
185.338500,-0.685272
186.458600,-0.676800
187.664000,-0.806333
188.781900,-0.735902
190.114300,-0.406458
191.210800,-0.674757
192.383700,-0.637806
193.477700,-0.877730
194.981100,-0.527544
196.215600,-0.596899
197.325600,-0.447502
198.720800,-0.562978
200.113000,-0.618620
201.233200,-0.640566
202.532200,-0.805129
203.634600,-0.606659
204.715300,-0.901068
206.167500,-0.723567
207.287200,-0.694085
208.519600,-0.492447
209.624000,-0.679180
211.009000,-0.721930
212.040000,-0.285383
213.531100,-0.602063
214.649500,-0.553906
215.768800,-0.570347
217.160100,-0.759968
218.341800,-0.542225
219.462800,-0.570400
220.753800,-0.344328
222.036500,-0.549112
223.222200,-0.461523
224.331100,-0.617498
225.711600,-0.811608
226.786600,-0.498386
227.906300,-0.509674
229.214300,-0.827401
230.209500,-0.315275
231.689300,-0.881506
233.206700,-0.360406
234.097300,-1.038797
235.237800,-0.668402
236.314400,-0.359371
237.982700,-0.795728
239.088900,-0.612361
240.438900,-0.930688
241.507400,-0.595530
242.733900,-0.644770
243.916200,-0.495500
245.036000,-0.523533
246.116500,-0.819195
247.864100,-0.755669
248.952100,-0.494044
250.068700,-0.413566
251.222400,-0.484847
252.342400,-0.481945
253.435400,-0.726874
255.144800,-0.901035
256.215900,-0.587440
257.298000,-0.860662
258.411500,-0.763282
259.790400,-0.671868
260.954500,-0.831258
262.165200,-0.562185
263.264300,-0.779740
264.384100,-0.756761
265.989900,-0.478561
267.099700,-0.656828
268.501600,-0.764791
269.584200,-0.480668
270.735900,-0.755083
271.852300,-0.671096
272.971700,-0.659693
274.089900,-0.713148
275.428100,-0.629472
277.212700,-0.432746
278.308400,-0.665010
279.428000,-0.635626
280.820800,-0.677879
282.045900,-0.393738
283.132300,-0.664361
284.178300,-0.265478
285.773100,-0.352952
286.995900,-0.572731
288.111300,-0.674760
289.220800,-0.521390
290.575600,-0.661564
291.848900,-0.635044
292.967700,-0.669145
294.085800,-0.709918
295.191600,-0.537359
296.332800,-0.616629
297.459200,-0.491825
298.613600,-0.779587
300.204700,-0.629739
301.355800,-0.727444
302.431100,-0.414248
304.050000,-0.610822
305.139800,-0.868734
306.218800,-0.568843
307.567000,-0.421736
308.979700,-0.467908
310.099300,-0.463959
311.160500,-0.821125
312.409900,-0.162240
313.588500,-0.758445
0.738057,0.845395
1.765284,0.398789
2.842998,0.704060
4.370521,0.493646
5.550612,0.482626
6.668070,0.403820
7.919266,0.720013
9.162017,0.481505
10.587000,0.623621
11.702760,0.721576
12.881150,0.820650
13.877300,0.171510
14.965210,0.439696
16.358160,0.703444
17.725060,0.631869
18.841770,0.545245
19.961810,0.553423
21.419380,0.544937
22.495170,0.850447
23.611990,0.921814
25.052830,0.692247
26.234490,0.597397
27.349420,0.490927
28.728030,0.543557
29.851830,0.192353
30.888720,0.724910
32.239830,0.464732
33.675000,0.941371
34.907990,0.708134
36.237390,0.537859
37.349720,0.408027
38.437210,0.674651
39.540490,0.483514
41.184210,0.491651
42.279020,0.728385
43.367820,1.010530
44.455250,0.741885
45.987350,0.837377
47.094630,0.671131
48.195690,0.469184
49.313920,0.526990
50.607940,0.933973
51.645650,0.512474
53.249790,0.738982
54.413770,0.613133
55.640550,0.783299
56.776200,0.688877
58.041940,0.529286
59.335570,0.799083
60.428810,0.559824
61.547650,0.561999
62.664660,0.492483
64.182370,0.511260
65.244350,0.866199
66.557510,0.620934
67.668170,0.766169
69.128870,0.950553
70.561780,0.572584
71.664080,0.381084
72.748860,0.649153
73.861880,0.754340
75.229050,0.773652
76.329670,0.565989
77.403080,0.885965
78.703280,0.339621
79.823290,0.325164
81.035260,0.356665
82.705060,0.410709
83.797130,0.659348
85.148990,0.446309
86.442870,0.375756
87.414690,0.930146
88.549620,0.447583
89.639800,0.704811
90.759540,0.733615
92.556640,0.628216
93.674100,0.552825
94.787860,0.671177
95.977280,0.738562
97.371910,0.592816
98.483580,0.727203
99.602200,0.780487
101.146500,0.620107
102.266600,0.610068
103.636300,0.656645
104.695900,1.009376
105.494400,0.230249
107.022200,0.383005
108.121300,0.598783
109.409200,0.664201
110.455900,0.269786
111.458400,0.766213
113.007100,0.762861
114.119900,0.634661
115.609400,0.739526
116.778700,0.629157
118.063900,0.586709
119.218700,0.620128
120.419100,0.757121
121.513400,0.471321
122.661200,0.608382
124.064800,0.736726
125.096800,0.301304
126.515100,0.625334
127.605100,0.883659
129.098300,0.655726
130.395400,0.504158
131.489100,0.265366
132.475300,0.794113
133.870800,0.601505
135.111900,0.695637
136.636900,0.432257
137.840900,0.260503
138.858400,0.728252
140.032000,0.314177
140.971400,0.924179
142.316800,0.477866
143.677800,0.694387
145.065200,0.227689
146.093900,0.670673
147.595200,0.544630
148.724500,0.562308
149.839200,0.671682
151.242800,0.743198
152.326500,0.461641
153.438700,0.589549
154.531600,0.833557
156.015000,0.759702
157.223300,0.560464
158.321800,0.778910
159.439300,0.703719
160.703700,0.423528
162.051600,0.706731
163.162900,0.846682
164.349200,0.622692
165.743500,0.823735
166.845100,0.570252
168.395500,0.750365
169.470100,0.376398
170.584600,0.488644
171.976200,0.489521
173.183800,0.260642
174.316100,0.436953
175.540000,0.235759
176.768300,0.688984
177.822400,1.066706
178.857900,0.642077
180.237500,0.585162
181.454100,0.689558
182.656900,0.507237
184.001100,0.697122
185.201200,0.564304
186.524500,0.590085
187.642600,0.643676
188.744500,0.446117
190.157700,0.869286
191.244500,0.585145
192.380000,0.482250
193.550100,0.650971
194.665300,0.547053
196.146100,0.520470
197.255800,0.671515
198.483800,0.531205
199.641800,0.475020
201.035200,0.628956
202.177700,0.710831
203.281900,0.898691
204.733500,0.477166
206.004800,0.524386
207.176900,0.687190
208.434700,0.821832
209.856300,0.556339
210.974000,0.629457
212.445600,0.758311
213.539600,0.518049
214.690000,0.581936
215.809600,0.549031
217.183900,0.790037
218.283000,0.576315
219.402300,0.547413
220.519100,0.828666
221.579600,0.471074
222.781700,0.568068
224.073900,0.751930
225.459800,0.279600
226.942800,0.628617
228.094500,0.594220
229.199600,0.411260
230.284400,0.799476
231.713300,0.528906
232.796600,0.813521
233.951600,0.630802
235.066200,0.519501
236.552300,0.735163
237.666800,0.624302
238.915700,0.637987
240.032600,0.722154
241.467200,0.594530
242.579700,0.464684
243.825300,0.619887
245.168100,0.886048
246.246300,0.587316
247.330900,0.311639
248.482400,0.522787
249.943200,0.701575
251.060500,0.623004
252.192500,0.869570
253.908000,0.288667
255.089400,0.908688
256.142100,0.528544
257.251200,0.680841
258.706200,0.674899
259.801500,0.447854
260.919300,0.498439
262.223500,0.554075
263.323900,0.761282
264.926500,1.044489
266.130400,0.629997
267.214500,0.905539
268.152000,0.296718
269.637000,0.638070
270.743300,0.460413
271.975900,0.637306
273.189800,0.679222
274.272600,0.389792
275.753900,0.591650
276.870500,0.678811
278.463600,0.521484
279.582600,0.473779
280.693400,0.617117
281.891400,0.715546
283.064300,0.739858
284.178500,0.854043
285.726800,0.762951
286.835100,0.603279
287.953800,0.549971
289.120100,0.597194
290.223000,0.401942
291.342100,0.363451
292.902600,0.579222
294.009300,0.407363
295.115900,0.580064
296.386000,0.809909
297.762900,0.774685
298.920700,0.627354
300.302700,0.484971
301.651700,0.450960
302.751000,0.659128
303.866900,0.727085
304.955700,0.473040
306.072200,0.541568
307.710100,0.689179
308.829000,0.639321
309.949000,0.645902
311.092100,0.746282
312.194100,0.949341
313.416800,0.348062
0.500453,1.940036
1.701077,1.705237
3.050521,1.804803
4.537237,1.993572
5.586465,1.602065
6.706108,1.630654
7.802554,1.869521
9.123546,1.847576
10.241560,1.778612
11.361210,1.791925
12.478400,1.865720
13.669080,2.133082
15.118130,2.114809
16.539350,1.806893
17.646010,1.976886
18.915760,1.871969
20.026100,2.192166
21.637400,1.663698
22.736620,1.943352
23.851590,2.099697
24.958360,1.927215
26.077880,1.890172
27.189220,2.062078
28.599000,2.036370
29.702300,1.835418
31.128740,2.335399
32.361280,1.578176
33.506530,2.047921
34.625440,1.953413
36.189740,2.056007
37.293870,1.867982
38.715000,1.760284
39.820150,1.578411
40.887640,1.916998
42.002730,1.813840
43.076390,2.132398
44.629080,2.059978
45.741630,1.930117
47.189960,1.787179
48.312660,2.127956
49.417850,1.641930
50.461840,2.046678
51.518460,1.675694
52.727710,1.937795
54.238080,2.062375
55.501840,2.178546
56.606580,1.994090
57.701560,1.758802
59.381370,1.915810
60.501170,1.905259
61.608390,1.736927
62.907220,1.871507
64.132800,1.680686
65.574810,1.935846
66.691930,1.876508
67.807400,1.964269
68.967610,2.174865
70.241170,1.962250
71.465610,2.118058
72.522000,1.745816
74.088230,1.846891
75.205710,1.893348
76.305980,1.688523
77.599740,1.988684
78.713330,1.867677
80.046570,1.927055
81.406580,1.615741
82.501880,1.848790
83.785690,1.980863
85.065730,1.986660
86.027410,1.414279
87.523950,2.044485
88.621030,2.269792
89.648880,1.824878
91.016940,1.823762
92.585850,1.747791
93.702730,1.832836
95.027100,1.789605
96.148510,1.845477
97.461680,1.708975
98.507300,2.110129
99.607480,1.900562
100.890100,1.886962
102.239600,1.836233
103.355300,1.739177
104.822100,2.118757
105.931400,1.968777
107.045400,1.854667
108.344800,2.102671
109.418500,1.783935
110.547300,2.139755
111.861000,1.810322
112.978400,1.882893
114.635300,2.044101
115.737200,1.851837
116.848500,1.968380
117.940700,2.208205
119.181700,1.959838
120.388500,1.876839
121.507200,1.930074
123.021600,1.720479
124.121600,1.931320
125.312800,1.870712
126.650900,1.763899
127.706700,2.137794
128.939800,1.830524
130.397300,1.624190
131.581000,2.091352
132.695400,1.978853
133.968000,2.197572
135.019700,1.811971
136.444000,1.671967
137.628800,1.841573
138.790800,1.846133
140.000400,1.618325
141.309700,2.021810
142.427400,2.095858
143.643300,1.896700
145.250800,2.055183
146.404600,2.088919
147.435200,1.652868
148.667200,1.825037
149.787200,1.840595
150.998000,1.835961
152.318500,1.877140
153.425900,1.709536
154.511100,1.986301
155.627600,2.074838
157.257900,1.961349
158.375500,1.897315
159.410300,2.322126
160.489800,2.025918
161.888300,2.216140
163.100500,1.965176
164.196100,1.732321
165.309300,1.856276
166.887900,2.034830
168.037600,1.811651
169.326900,1.833422
170.441800,1.736091
171.479800,2.154793
173.218300,1.504030
174.253800,1.930266
175.369700,2.020103
176.489100,2.021754
177.599600,2.163831
178.813900,1.760046
179.938800,1.664740
181.278700,2.142802
182.882900,1.603298
183.974300,1.853601
185.080300,1.677832
186.289200,1.729171
187.370500,2.021543
188.930100,1.555906
189.885600,2.139840
191.294400,1.702917
192.414100,1.727596
193.880100,1.721410
195.210900,1.959416
196.331000,1.965818
197.661800,1.715246
199.121500,1.895277
200.203700,1.607816
201.294700,1.859917
202.492300,2.292208
203.595700,2.105982
204.693700,1.889153
205.837900,1.632064
206.944800,1.787108
208.058200,1.874635
209.537300,1.629973
210.696400,1.825207
212.173800,2.194067
213.191800,1.726843
214.315200,2.109868
215.830400,1.855047
216.950200,1.885412
218.397200,1.916621
219.683200,1.630687
220.764000,1.921669
221.824200,1.562974
223.349700,1.807156
224.465200,1.907207
225.744600,1.932012
226.864600,1.926299
228.058400,1.713533
229.189800,1.531187
230.241500,1.914054
231.864300,1.735666
232.975100,2.301516
234.134500,1.784387
235.263600,1.621925
236.361700,1.838941
237.462100,2.039888
238.524300,1.687148
240.128200,2.115621
241.558500,1.810769
242.669100,1.665216
243.833100,1.739342
244.888600,2.113806
246.488800,2.071003
247.562300,1.751346
249.008300,1.511746
250.169800,2.090926
251.293900,2.120817
252.449900,1.959795
253.539100,1.698655
254.639600,1.934094
256.363600,1.721750
257.444900,2.011543
258.540400,1.781952
259.892900,1.819833
261.011700,1.844232
262.116000,1.667084
263.150100,2.092677
264.996900,2.162414
266.060100,1.746527
267.113400,2.126449
268.483100,1.881998
269.601700,1.846112
270.720500,1.828530
271.839800,1.827647
273.592800,2.209105
274.452100,1.492962
275.552700,1.693570
276.633300,2.129423
277.968700,1.768560
279.632600,2.043263
280.709900,1.737064
281.789000,2.037167
283.133800,1.857924
284.447100,1.941015
285.564700,1.867687
286.677000,1.712493
287.797000,1.708714
288.951100,2.076384
290.080100,1.918569
291.351400,1.967095
292.856700,2.165117
294.209000,1.513444
295.268800,1.906037
296.622000,2.232843
297.688900,1.892213
299.118600,2.075153
300.215700,1.849578
301.559300,2.247130
302.758300,1.808539
304.064900,2.080506
305.149600,1.801342
306.267500,1.733048
307.428100,1.773149
308.580800,1.729152
309.914800,1.765435
311.030400,1.864719
312.131800,2.068307
313.221800,1.810851
0.768334,3.029667
1.867192,2.812953
2.883948,3.282673
4.110809,3.029241
5.379744,3.290469
6.349220,2.729413
8.016351,2.969060
9.136261,2.991543
10.469580,3.337671
11.846070,3.414613
12.954360,3.253704
14.071810,3.180202
15.257580,3.227659
16.330120,2.905996
18.000660,3.039132
19.066940,3.381632
20.190630,3.300155
21.300000,3.147496
22.411770,3.014651
23.791400,3.218216
24.945200,3.049880
26.055860,3.195269
27.538660,3.126111
28.658350,3.154978
29.973840,3.075564
31.415680,3.525645
32.473130,3.158585
33.592490,3.164078
34.849300,3.183776
36.023200,3.163597
37.235310,3.233800
38.554160,3.058278
39.657820,2.872061
40.717370,3.233132
42.142610,3.071966
43.351350,3.218207
44.610330,3.378445
45.700640,3.121891
46.863550,3.250017
48.160120,3.237609
49.202910,2.823683
50.535740,3.163890
52.086950,2.911197
53.267440,2.918456
54.527570,3.144454
55.614680,3.414414
57.116970,2.991187
58.255700,2.732004
59.334610,3.031741
60.430590,3.258663
61.639000,3.136333
63.080020,2.976573
64.184880,2.799018
65.204650,3.260439
66.599880,2.991845
68.171490,3.305091
69.289990,3.247602
70.406450,3.160172
71.523760,3.236628
72.817590,3.494603
73.776120,2.919102
74.922980,2.976903
76.066830,2.860072
77.741260,3.293046
78.845100,3.102811
79.941220,3.333395
81.239270,2.723083
82.872600,2.904640
83.918180,3.298682
85.016300,3.104480
86.126120,3.212456
87.239610,3.137621
88.336560,3.353066
89.651500,3.313020
91.093540,2.941265
92.187890,3.180129
93.581010,3.284561
94.700070,3.267567
95.804400,3.449986
97.199050,2.905811
98.445400,3.419778
99.489590,3.014467
100.678200,3.080446
102.057500,3.080884
103.168000,2.931799
104.487200,3.185672
105.709100,3.350637
107.408800,3.100723
108.523500,3.209944
109.618900,2.976367
110.772100,3.235946
111.879400,3.383810
112.976700,3.177061
114.080500,3.351870
115.483700,3.143577
116.603600,3.154164
118.157100,3.306042
119.254800,3.083722
120.388400,3.146484
121.701000,3.032758
122.714300,3.507001
123.833100,3.467792
124.934100,3.078489
126.553600,2.886023
127.615700,3.254170
128.918500,3.149594
130.174700,2.897279
131.441700,3.202710
132.693100,3.098988
133.794200,3.304325
134.911300,3.385092
136.012900,3.182475
137.548000,3.402791
138.718800,2.994950
139.922000,3.269833
141.025700,3.460413
142.621800,3.213239
143.737200,3.111265
144.901000,3.532554
145.935400,3.104342
147.062000,3.124118
148.563200,2.940333
149.653900,3.195167
150.741100,2.926004
152.042600,3.048354
153.157900,2.945747
154.269900,3.080153
155.616900,3.194920
157.064400,3.238688
158.175900,3.377445
159.517800,3.435760
160.636600,3.437685
161.749700,3.327592
162.866300,3.255323
164.731600,3.316727
165.763200,2.880297
166.883500,3.154960
167.989500,2.975700
169.280400,3.103741
170.400300,3.095351
171.532900,3.273316
173.234800,2.895726
174.193400,3.475155
175.607400,3.277107
176.717000,3.123855
177.957900,3.224622
179.017200,2.860842
180.608200,3.204686
181.727800,3.168973
182.822300,3.406563
184.310500,3.450459
185.215000,2.789778
186.383100,2.845330
187.712100,3.259853
188.809700,3.036382
190.057900,3.246338
191.255800,2.821335
192.745900,3.216543
193.862400,3.075004
194.982200,3.055527
196.037200,3.431589
197.183900,2.728179
198.954800,3.002730
199.969700,3.484238
201.000000,2.942641
202.406400,3.408771
203.510900,3.222789
204.705500,3.152547
205.824400,3.132285
206.928300,3.316777
208.566200,2.868635
209.636600,3.187201
210.743900,3.029893
212.174600,3.314025
213.404500,2.826611
214.450400,3.227359
215.949800,2.968782
216.937500,3.496940
218.338400,3.036909
219.417900,2.737906
220.551700,3.021021
221.808800,2.749789
222.924900,2.843432
224.200100,3.447563
225.341900,2.977141
226.850600,3.419364
227.830200,2.877519
228.892900,3.395651
230.437200,3.010987
231.955900,3.096583
233.024900,3.431073
234.110600,3.127728
235.504400,2.763487
236.575900,3.089857
237.709700,3.130911
239.019600,2.878527
240.081400,3.234544
241.176700,3.001106
242.810600,2.776307
244.008100,2.911098
245.393000,3.311317
246.507300,3.425633
247.641000,3.158447
248.751000,3.008723
249.936800,3.190698
251.372600,3.237090
252.481400,3.082994
253.585600,2.900502
254.659600,3.215912
255.772800,3.094918
256.995200,3.094855
258.324000,3.168758
259.923300,2.939782
261.102200,2.960367
262.216800,3.048347
263.323700,3.198283
264.407000,3.468948
265.485700,3.172193
267.073800,3.245825
268.380000,3.110985
269.489800,2.960142
270.719000,2.948664
271.779800,3.308054
273.183500,3.341816
274.485700,3.149683
275.605500,3.173316
276.875700,3.222940
278.358100,3.110187
279.477300,3.152435
280.635000,3.015592
281.745700,3.160214
282.854000,2.998603
284.197800,3.233171
285.378300,2.969309
286.655300,3.075006
287.747700,2.827760
289.298900,3.140830
290.409000,2.993867
291.525500,3.080807
292.854200,3.285162
294.099900,3.186648
295.214100,3.300535
296.559500,3.351080
298.028800,3.441607
299.120500,3.195156
300.545900,2.919908
301.572800,3.367140
302.696500,3.169326
303.816500,3.172734
305.008500,2.919906
306.286200,2.853270
307.405900,2.893018
308.798400,2.826156
309.729600,3.446267
311.052200,2.984779
312.389200,3.158457
313.845300,2.741391
0.616656,4.139448
1.610627,4.655815
3.102386,4.381283
4.197481,4.145943
5.454461,4.408092
6.617814,4.391216
7.923630,4.085349
9.149035,4.500370
10.493280,4.455519
11.833750,4.652645
12.918370,4.373230
14.046270,4.392385
15.222060,4.380472
16.375200,4.180624
17.807550,4.610024
18.924800,4.492032
20.182320,4.618104
21.269960,4.356068
22.376540,4.522826
24.001520,4.668334
25.016740,4.197431
26.129170,4.319093
27.242770,4.206152
28.542140,4.269114
29.958850,4.195546
31.229510,4.629776
32.292090,4.267978
33.679550,4.451103
34.784840,4.626993
35.902770,4.589284
36.989730,4.326126
38.419590,4.563122
39.487130,4.224127
41.243710,4.366960
42.346780,4.173266
43.445750,4.388356
44.560310,4.497466
46.142940,4.150466
47.242820,4.360098
48.359040,4.450540
49.758090,4.708914
50.781930,4.256249
52.023750,4.417103
53.070110,4.019905
54.054050,4.552688
55.755330,4.525661
56.867990,4.409735
57.967000,4.206229
59.081580,4.120487
60.686140,4.348548
61.897660,4.521522
62.927470,4.084470
64.032590,3.908415
65.463550,4.446889
66.835180,4.085742
67.772250,4.698165
68.980420,4.428770
70.092930,4.256665
71.507390,4.356555
72.602110,4.592423
73.905140,4.379803
75.008230,4.571620
76.217900,4.745925
77.618350,4.613673
79.257970,4.232510
80.306790,4.625536
81.099010,3.834088
82.464700,4.492990
83.576600,4.362785
84.913830,4.226480
86.437700,4.539915
87.510890,4.223787
88.581440,4.548352
89.694730,4.432292
90.856630,4.554953
91.940560,4.272556
93.510960,4.402338
94.614690,4.588407
95.733550,4.566836
97.071880,4.655992
98.181780,4.508366
99.293590,4.637889
100.613100,4.272340
101.728700,4.172427
103.199700,4.051411
104.438000,4.673432
105.718500,4.471392
106.730900,3.992345
108.320400,4.908371
109.321200,4.060931
110.416100,4.296731
112.218200,4.451056
113.386700,4.306409
114.504400,4.386837
115.624200,4.393993
116.939800,4.221985
118.040900,4.419207
119.091000,4.804556
120.606100,4.593778
121.715500,4.440685
122.820600,4.620187
123.939900,4.582821
125.130600,4.822450
126.826400,4.507042
127.945900,4.474716
129.045300,4.262487
130.164900,4.255612
131.283200,4.311487
132.400100,4.230019
134.191500,4.534486
135.309200,4.432161
136.526100,4.207788
137.659700,4.517249
138.872500,4.104327
140.080600,4.400504
141.188000,4.568758
142.308000,4.582245
143.861800,4.436987
144.960900,4.650888
145.994900,4.221951
147.195200,4.350611
148.509500,4.059189
149.633500,4.456376
150.765000,4.506005
152.038400,4.168449
153.561600,3.991422
154.917400,4.086232
155.931100,4.559691
157.046600,4.484030
158.165100,4.497517
159.482300,4.554188
160.927800,4.519333
162.047800,4.509345
163.370900,4.254646
164.478400,4.417269
165.583000,4.236574
166.638600,4.609821
167.833800,4.084958
168.942400,4.435334
170.544000,4.205306
172.028800,4.700771
173.148900,4.703778
174.263300,4.592974
175.360900,4.369748
176.570100,4.234318
177.606000,4.660369
179.231000,4.306353
180.470900,4.499397
181.590400,4.463343
182.795500,4.526361
184.232600,4.569599
185.324200,4.318768
186.441500,4.238896
187.897700,4.364499
189.017300,4.334188
190.127800,4.480493
191.408500,4.361650
192.527600,4.315103
193.756900,4.424978
194.846900,4.167128
195.905200,4.543829
197.101700,4.054348
198.550800,4.412971
199.823800,4.594783
200.907200,4.311771
202.012100,4.493788
203.533300,4.393693
204.658300,4.309982
205.750100,4.757135
207.554500,4.470272
208.673600,4.470126
209.778500,4.296793
210.796900,4.758904
212.308700,4.425907
213.418900,4.287372
214.515100,4.506103
215.592200,4.207116
216.647200,4.579154
218.219300,4.404544
219.576800,4.485564
220.743500,4.395251
222.020700,4.481705
223.139300,4.424160
224.544200,4.513188
225.602400,4.146451
226.756900,4.533903
228.277600,4.708164
229.358200,4.414493
230.582100,4.118110
231.598600,4.583917
232.714700,4.509210
233.809300,4.275261
235.232500,4.410040
236.455300,4.785989
237.413900,4.209655
239.088000,4.301389
240.424000,4.300585
241.542900,4.261716
242.557800,4.734481
244.045600,4.030123
245.103600,4.393852
246.217000,4.507323
247.538000,4.432291
248.706200,4.185767
249.968700,4.686529
251.284600,4.351467
252.404300,4.200453
253.524400,4.201551
254.825800,4.323488
256.321500,4.071298
257.452200,4.374432
258.565200,4.262295
259.676500,4.389930
260.998400,4.422659
262.370600,4.192127
263.489800,4.305704
265.066100,4.373042
266.185100,4.409713
267.279800,4.655325
268.406300,4.230809
269.579300,4.076113
270.621900,4.483035
271.962600,4.413170
273.081800,4.457334
274.527400,4.654559
275.645000,4.728335
276.720100,4.400565
278.108400,4.202147
279.462300,4.272361
280.581600,4.214939
282.104800,4.504941
283.242800,4.388125
284.349200,4.562892
285.634900,4.058410
286.721500,4.329272
288.105400,4.482494
289.202400,4.256536
290.332900,4.115840
291.427400,4.353902
293.038700,4.457293
294.148500,4.596998
295.251700,4.419521
296.356400,4.582829
297.459100,4.403656
299.102000,4.625537
300.260700,4.341912
301.373500,4.469281
302.559100,4.280995
303.775700,4.292120
304.893400,4.365350
306.502500,4.193396
307.608800,4.446266
308.716000,4.277355
309.922000,4.549032
311.128000,4.601371
312.316600,4.424598
313.600000,4.404622
0.337889,5.238320
1.649945,5.775254
2.963146,5.786256
4.191284,5.724606
5.433540,5.657788
6.685644,5.509214
7.792212,5.863581
9.035252,5.731639
10.133170,5.514074
11.477260,5.714452
12.588360,5.552900
14.066720,5.656493
15.185580,5.642639
16.304490,5.664806
17.499670,5.826050
18.676280,5.583451
19.883970,5.697046
21.270580,5.500424
22.320200,5.890672
23.405510,5.615798
25.037770,5.344890
26.153960,5.438821
27.264880,5.582078
28.658640,5.444437
29.789750,5.675685
30.909330,5.710861
32.039950,5.402752
33.554570,5.655063
34.654890,5.868072
35.761720,5.698576
37.233540,5.672361
38.428880,5.740018
39.990940,5.954650
41.107240,5.862173
42.222060,5.753390
43.386540,5.506900
44.959240,5.659346
46.005790,5.261452
46.825640,6.023255
47.940930,5.929799
48.979240,5.512514
50.653450,5.655189
51.720240,5.996510
52.858890,5.374975
54.320180,5.640102
55.416920,5.866894
56.847020,5.712550
58.144170,5.478178
59.533410,5.610184
60.644050,5.467343
61.732200,5.730761
62.829200,5.505604
64.307400,5.641593
65.689160,5.595995
66.753670,5.247736
67.676510,5.951017
69.019230,5.604148
70.347660,5.347394
71.439410,5.597855
73.036240,5.624061
74.154870,5.677554
75.419560,5.612399
76.511760,5.853392
77.624050,5.732813
78.921750,5.720051
80.041840,5.713709
81.210410,5.673775
82.554290,5.735656
83.814740,5.455527
84.865230,5.840130
85.944300,5.544260
87.437080,5.369191
88.521740,5.666592
89.917800,5.558691
91.085010,5.674988
92.353290,5.313812
93.402830,5.705094
94.816390,5.737755
95.942080,5.666468
97.307970,5.751224
98.421450,5.872895
99.552340,5.725852
100.671700,5.686661
102.013500,5.646198
103.084400,5.317805
104.445200,5.792777
105.611500,5.696875
106.785600,6.006773
108.047000,5.994595
109.537000,5.400440
110.776600,5.616163
111.893400,5.532089
112.999600,5.357419
114.486500,5.505882
115.606600,5.513984
116.587900,6.054102
117.994700,5.639424
119.367200,5.898874
120.470600,5.705555
121.761000,5.569249
122.953100,5.730280
124.072900,5.740293
125.553400,5.859713
126.645900,5.612487
127.760800,5.719559
128.880800,5.735671
130.118400,5.571669
131.314900,5.431091
132.603800,5.331463
133.703700,5.542802
134.857100,5.456982
136.085300,5.239908
137.151200,5.659966
138.765400,5.219177
139.850400,5.496668
140.945000,5.733608
142.570200,5.808948
143.656700,5.536816
144.837500,5.763726
146.360100,5.533514
147.475500,5.635123
148.588300,5.757377
149.693100,5.574896
151.258100,5.511744
152.346100,5.245472
153.422900,5.553548
154.791800,5.623341
155.910600,5.679046
157.234600,5.731485
158.509600,5.871861
159.610700,5.666336
160.763100,5.955645
162.230000,5.870556
163.263200,5.438087
164.530300,5.536342
165.643300,5.667302
166.941700,5.687966
167.949800,5.199073
169.424200,5.446507
170.537600,5.324642
172.100400,5.819439
173.242000,5.819601
174.521400,5.682815
175.641400,5.689070
176.707700,5.345982
177.970500,5.719514
179.093400,5.533515
180.211700,5.589081
181.306100,5.822984
182.613000,5.631510
183.713900,5.836117
185.095700,5.938097
186.464400,5.358812
187.581200,5.443605
188.663800,5.730986
190.323700,5.583346
191.439200,5.482562
192.639800,5.429481
193.749900,5.579017
195.392400,5.539589
196.531800,5.743553
197.649400,5.662867
198.821400,5.499853
200.034400,5.694811
201.154400,5.701541
202.465600,5.777872
203.781100,5.915851
204.786700,5.422590
205.873600,5.870296
206.957800,5.589325
208.226600,5.795640
209.504700,5.757120
210.886100,5.874989
212.134000,5.707184
213.253900,5.690685
214.521600,5.625511
215.645300,5.785563
216.981000,5.902037
218.086700,5.723080
219.662000,5.602349
220.810800,5.703055
221.918800,5.866647
223.211100,5.631294
224.411100,5.624760
225.505800,5.323645
226.711100,5.651877
227.843300,5.740449
229.263300,5.835739
230.303200,5.419611
231.612800,5.784261
232.783800,5.674791
234.482700,5.400889
235.597300,5.504019
236.523000,6.134127
237.941300,5.421044
239.052100,5.564786
240.339100,5.418110
241.525200,5.798908
242.625200,6.009879
243.510100,5.323223
245.060900,5.512938
246.245400,5.709930
247.662100,5.545391
248.627600,6.112285
250.278300,5.829757
251.335300,5.468395
252.423000,5.727141
253.755800,5.945577
254.835400,5.647709
256.212100,5.326584
257.319500,5.484870
258.427600,5.639289
259.839400,5.581474
260.959400,5.573213
262.193600,5.298181
263.133100,5.908147
264.739000,5.739735
266.080400,5.671124
267.195900,5.772320
268.392500,5.788423
269.792900,5.760516
270.896000,5.566903
272.008600,5.691905
273.240800,5.642145
274.354500,5.761196
276.035600,5.777899
277.107000,5.451666
278.213200,5.626904
279.386200,5.900934
280.676800,5.516618
281.830000,5.590495
282.948000,5.648623
284.057000,5.801570
285.606700,5.660788
286.726500,5.682570
287.971000,5.714157
289.079400,5.889013
290.047900,5.326365
291.656000,5.450374
292.737100,5.743052
293.914800,5.707771
295.019300,5.521606
296.801200,5.732879
297.881700,5.439574
298.959500,5.741528
300.340900,5.872012
301.424300,5.588181
302.741800,5.386113
303.701000,5.964519
305.398500,5.759950
306.448400,5.373837
307.570200,5.565693
308.689100,5.613115
309.807800,5.662624
311.077900,5.720387
312.358400,5.543910
313.533500,5.872233
0.243517,6.701172
1.677744,7.159488
3.309905,6.963236
4.426609,6.877203
5.654782,6.941407
6.768643,6.825921
7.881114,6.980186
9.097260,6.914236
10.338000,6.794115
11.823450,7.112934
12.901170,6.628466
14.011650,6.775187
15.149860,7.080476
16.242990,6.838772
17.343300,7.045888
18.981700,6.660668
20.101520,7.059457
21.183170,6.768407
22.483450,6.998697
24.014590,7.131499
24.909350,6.457635
26.579520,6.718915
27.633030,7.095452
28.614220,6.561275
29.626650,7.032045
31.154960,7.071519
32.215940,6.712333
33.860560,6.731593
34.938290,7.025970
36.027330,6.784051
37.106960,7.062110
38.210740,7.234331
39.333740,6.861724
40.863740,6.957144
41.982610,6.904505
43.100120,6.827894
44.643800,6.733994
45.982030,6.841967
47.084510,7.112341
48.307250,6.988151
49.409890,6.791086
50.512600,6.987840
51.787640,7.114395
53.003140,6.966263
54.102180,6.750120
55.761420,7.078793
56.902520,7.080049
58.018030,7.028191
59.133060,6.986852
60.234380,6.797984
61.766330,7.217996
62.836570,6.889251
63.879230,7.297177
64.986230,6.790285
66.756710,6.744211
67.831780,7.072455
68.894090,6.717268
70.042330,6.754324
71.149550,6.922064
72.248000,6.703585
73.899100,7.155133
75.092200,6.965195
76.722340,7.098729
77.821390,6.834192
78.938200,6.911588
80.046240,7.072540
81.588210,6.728251
82.655020,7.069596
83.753510,6.850628
84.976830,6.954126
86.068780,7.202464
87.332320,6.687701
88.704990,6.795150
89.820270,6.871768
90.931660,6.987412
92.007320,6.680945
93.541870,6.816557
94.683750,6.994725
95.813260,6.869526
96.875710,7.224279
98.062340,7.228829
99.713720,6.832057
100.826300,6.952800
101.940300,6.842824
103.380700,6.847395
104.680400,6.887275
105.928800,6.770555
106.925000,7.279255
108.268800,7.092498
109.476300,6.839300
110.806100,6.922106
111.926000,6.939710
112.989500,6.588111
113.887700,7.257314
115.500900,6.818211
116.765100,7.208299
117.947500,6.811585
119.169500,7.001419
120.571100,6.821046
121.681100,6.969828
122.793000,6.837561
124.084000,6.896025
125.461400,6.976171
126.553900,6.728821
127.730600,7.264157
128.837800,6.854999
129.955400,6.953140
131.401500,6.920230
132.687700,6.841471
133.792900,6.659337
134.773300,7.200918
136.176800,6.963623
137.282700,7.141665
138.962500,6.807417
140.135700,6.579782
141.425300,6.972097
142.543700,6.936999
143.625700,6.654811
144.616900,7.173195
146.038100,6.912207
147.137900,6.700883
148.760000,7.035164
149.879500,7.066303
151.133500,6.624887
152.187900,7.002953
153.348500,7.008126
154.461300,6.880909
155.851500,7.048518
156.946700,6.813981
158.063500,6.899346
159.579900,6.872687
160.681500,7.073180
161.787400,6.899354
162.895500,7.060854
164.465900,6.654569
165.556600,6.907537
166.670200,6.791190
167.778700,6.949143
169.184900,6.760514
170.298100,6.906762
171.655000,6.962268
172.767400,6.833437
174.224200,6.762708
175.404600,6.970385
176.906300,7.098627
177.995900,6.839344
179.113900,6.908343
180.507900,6.697507
181.930600,6.751069
183.045100,6.828790
184.160000,6.862615
185.220800,7.207362
186.338200,7.183197
187.339200,6.537726
188.894600,6.954617
190.039100,6.927077
191.253700,6.846319
192.538900,6.820568
193.656600,6.894087
194.978500,6.931166
196.159200,6.886057
197.274000,6.718233
198.655700,6.927152
199.774300,6.870241
201.001700,7.026473
202.242800,7.204181
203.600800,7.082359
204.702100,7.286438
205.781100,6.986439
207.094000,7.205500
208.773000,7.098951
209.880400,6.931520
211.001600,7.193058
212.059400,6.824801
213.287300,6.810255
214.369700,7.098215
215.794200,6.895731
216.929500,7.020978
218.038300,7.179774
219.430400,6.942180
220.549700,6.983722
222.235400,7.206451
223.254800,6.749868
224.371900,6.743521
225.488600,6.686985
226.874500,6.864777
228.183600,7.234647
229.462700,6.937737
230.581300,6.943354
231.699200,6.960202
232.811800,6.848859
233.923900,6.974169
235.245400,6.969656
236.348900,7.240541
237.598300,6.827732
239.057400,6.804224
240.476900,6.740181
241.591900,6.916751
242.705900,7.126851
243.849000,6.390662
244.798800,6.984303
246.404000,7.053248
247.517300,7.159985
248.631600,7.230793
249.635000,6.741979
251.194000,6.860884
252.314000,6.841821
253.605500,7.055323
254.981200,6.988157
256.432200,6.890745
257.510200,6.587155
258.667400,7.130877
259.744500,6.824783
260.898400,7.250422
262.195700,7.110912
263.586800,7.130398
264.689500,6.934314
265.805100,6.756904
267.400300,7.069900
268.517700,7.149423
269.600400,6.862892
270.783400,6.678758
272.023600,6.811770
273.218000,7.023840
274.328900,6.880962
275.880700,6.887054
276.985900,7.068422
278.081000,6.833644
279.378500,7.021018
280.439700,6.655763
281.559500,6.677040
283.231700,6.734375
284.341700,6.884703
285.631500,6.882368
286.745100,6.987404
287.859000,6.896713
288.972000,7.003945
290.526400,6.853858
291.631200,7.036890
292.737500,6.862872
294.069100,7.047948
295.217800,7.227407
296.189500,6.670585
297.671600,6.898515
298.786500,7.155272
300.179400,6.980444
301.386900,6.927089
302.595800,6.761711
303.660500,7.106459
304.653100,6.592285
306.238300,6.974237
307.312000,6.655598
308.911300,7.047346
309.994900,6.766349
311.110400,6.854103
312.222500,6.733196
313.315900,6.970749
0.721591,8.205190
1.827428,8.382887
3.035505,8.049237
4.121304,8.320892
5.177173,7.953512
6.679683,8.163630
8.041436,8.219152
9.153206,8.094240
10.258570,7.925903
11.358090,8.131516
12.975510,7.934768
14.095410,7.956812
15.438080,8.323204
16.490320,7.940527
17.656660,8.336334
18.794480,7.980248
20.051360,8.178418
21.166740,8.272450
22.283660,8.196888
23.734140,8.215954
24.825330,7.938519
25.984860,7.755323
27.115260,8.188349
28.742290,8.167786
30.097240,8.046103
31.206660,8.194350
32.336350,8.142288
33.517780,8.247230
34.635390,8.348202
36.026570,8.155063
37.373810,8.149454
38.537330,8.304989
39.715180,8.065739
40.792900,8.366968
42.166680,8.009102
43.227930,8.364317
44.347600,8.349638
45.782410,8.317051
46.897950,8.216369
48.385480,8.153194
49.501050,8.254082
50.611020,8.103643
51.769850,8.234197
52.847690,8.538665
54.100950,8.015800
55.615530,8.317217
56.735180,8.329107
58.028930,8.206258
59.162330,8.106301
60.279080,8.193290
61.730290,8.335820
62.825670,8.103209
64.436850,8.267891
65.537900,8.073913
66.631950,7.854824
67.546880,8.490166
68.608060,7.983027
70.314880,8.049404
71.573300,7.958843
72.686000,8.087070
73.916680,8.336643
75.030280,8.241647
76.131540,8.049207
77.478700,8.088876
78.820580,8.158221
80.048330,8.192626
81.394050,8.312793
82.506230,8.179749
83.781030,8.231853
84.893590,8.102084
86.179530,8.316036
87.434430,7.803097
88.491080,8.174570
89.862630,7.992760
91.196640,8.250812
92.595160,8.377776
93.649090,8.002501
94.733920,8.278231
95.853310,8.307056
97.013020,8.416821
98.163930,8.344335
99.436080,7.915852
101.085100,8.186442
102.385000,7.870288
103.500300,7.960895
104.552800,8.340787
105.923400,8.048452
107.166700,8.369216
108.272500,8.212630
109.359000,7.952868
110.477100,7.992620
111.909200,8.326546
113.028700,8.294083
114.563400,8.150671
115.661000,7.926857
116.806100,8.324343
117.926200,8.321327
119.190700,8.279683
120.438000,8.330511
121.555500,8.266515
122.674100,8.315756
124.092300,8.250548
125.359900,8.320361
126.451900,8.072139
127.958200,8.360697
129.154400,7.929475
130.340500,8.355618
131.459300,8.408560
132.477400,7.941646
133.556400,8.242328
134.910100,8.312658
136.003700,8.070186
137.568900,8.347407
138.576000,7.858475
139.743000,8.357028
141.164000,8.318344
142.253400,8.060109
143.954600,8.108053
145.040400,8.373150
146.154700,8.335361
147.139800,7.817507
148.236600,8.024776
149.882000,8.277621
150.984700,8.080928
152.157000,8.316785
153.755400,8.249137
154.867800,8.403569
156.008900,8.157346
157.127100,8.160223
158.233100,8.318870
159.289700,7.953782
160.519600,8.181423
161.924300,8.011065
163.565200,7.958594
164.761000,8.311852
165.834300,7.992386
166.906400,8.314534
168.191200,7.990314
169.294700,8.180885
170.406500,8.315402
171.884400,8.061904
172.997300,7.928988
174.039500,8.336783
175.159200,8.329906
176.685900,8.196855
177.894600,8.140456
179.191400,8.125515
180.417100,8.121238
181.535800,8.140033
182.638900,8.325119
184.009900,8.241490
185.127100,8.319784
186.519600,8.288345
187.640800,8.174793
188.748300,8.334935
189.823700,8.025936
191.086500,8.253357
192.448100,7.937015
193.859900,7.995184
194.925700,8.335551
195.990500,7.993010
197.815900,8.167890
198.916600,8.372615
200.015700,8.162103
201.190000,8.130577
202.391900,8.314322
203.506000,8.198660
204.627400,8.404045
205.747100,8.424076
207.063200,8.384652
208.117700,8.007144
209.787700,8.319048
211.016000,8.313078
212.168000,8.328144
213.421500,7.957431
214.519400,8.208241
215.854600,8.240142
217.065800,8.218168
218.194400,8.288915
219.333000,8.379731
220.437400,8.197031
221.550900,8.090242
223.313500,8.346648
224.322600,7.861958
225.809100,8.110764
226.921900,7.983808
227.985200,8.334313
229.270800,8.087990
230.386700,8.184576
231.501700,8.077618
232.881600,8.327445
234.105000,8.079383
235.600000,8.073413
236.691200,8.325739
237.915600,8.273059
238.982800,7.932818
240.343100,8.355124
241.412000,8.021973
242.936100,8.222887
244.108000,8.102052
245.216100,8.265570
246.332200,8.171150
247.691300,8.315993
248.832400,8.327153
249.935700,7.820186
251.103600,7.985036
252.223300,8.014061
253.801800,8.241129
254.988900,8.250542
256.110700,8.134718
257.307600,8.216646
258.427600,8.224599
260.067100,8.175380
261.175800,8.332553
262.289200,8.227084
263.408300,8.236135
264.724800,8.143837
265.948700,8.176625
267.380100,8.188643
268.486400,8.339204
269.541400,7.979976
270.641500,7.787831
272.070600,7.930792
273.523600,8.101594
274.681700,8.327361
275.770400,8.068693
276.883900,8.183884
278.222400,8.115664
279.341800,8.152393
280.500100,8.175716
281.610000,8.321786
282.794700,8.239321
283.966500,8.424938
285.452500,8.100924
286.678900,8.148950
288.016300,8.175014
289.134200,8.223331
290.246400,8.099811
291.434800,8.322490
292.779800,7.981987
294.424700,8.110133
295.528000,8.303700
296.529600,7.737651
297.520200,8.303372
299.069200,8.348383
300.167600,8.131365
301.283800,8.042424
302.784300,8.354941
304.072400,8.299861
305.161900,7.684958
306.219400,8.094201
307.457000,8.336331
308.833000,8.322115
309.937600,8.145718
311.053700,8.232388
312.468900,8.263466
313.782500,7.988017
0.319287,9.432524
1.438975,9.433062
2.653414,9.141698
4.151550,9.437226
5.215091,9.087738
6.593734,9.417761
7.706210,9.287585
9.246132,9.432495
10.481270,9.360391
11.600810,9.396183
13.027980,9.432456
14.148110,9.432432
15.550880,9.434327
16.670820,9.432432
17.851880,9.434994
18.941980,9.181101
20.070350,9.432440
21.189750,9.392244
22.399530,9.432489
23.518240,9.376711
25.110570,9.125134
26.225130,9.236104
27.630200,9.182321
28.722090,9.426820
29.841320,9.432439
31.363160,9.347466
32.644090,9.219323
33.757730,9.341363
34.906630,9.433335
36.026050,9.432490
37.132650,9.262190
38.462520,9.432468
39.960770,9.432552
41.124310,9.433977
42.243000,9.388249
43.554360,9.433565
44.762320,9.390049
45.881580,9.432566
46.997110,9.331873
48.206300,9.432542
49.401680,9.369802
50.520070,9.432432
51.780720,9.432519
53.599740,9.368670
54.667390,9.030065
55.712570,9.432710
56.886330,9.434814
58.005490,9.432323
59.124970,9.430509
60.403260,9.432424
61.523140,9.433785
63.105140,9.187737
64.197670,9.432497
65.317190,9.432446
66.434910,9.364838
68.132980,9.435627
69.249210,9.431999
70.366350,9.432465
71.484000,9.386194
72.622380,9.205324
73.718060,9.434766
75.256940,9.432535
76.376970,9.432435
77.611080,9.201138
78.818840,9.432487
80.041210,9.432501
81.377420,9.432571
82.489620,9.299714
83.609050,9.338706
85.028410,9.214069
86.126760,9.433263
87.365290,9.432459
88.476840,9.294538
89.589030,9.432441
91.111500,9.432432
92.231120,9.433935
93.570270,9.411014
94.753760,9.432502
95.873870,9.432492
97.472160,9.434492
98.588870,9.380897
99.707290,9.369607
100.893800,9.432511
102.012000,9.397260
103.130300,9.432490
104.330700,9.434687
105.729600,9.422010
106.848700,9.435660
108.254000,9.332500
109.428600,9.431767
110.547700,9.397384
111.666900,9.432528
113.144400,9.408119
114.362200,9.389403
115.777000,9.432432
116.900700,9.435099
118.028600,9.434027
119.147300,9.398952
120.266100,9.434210
121.576000,9.388290
122.982300,9.432500
124.119200,9.430831
125.246000,9.433247
126.367700,9.432432
127.634400,9.432622
128.760100,9.432432
129.878800,9.376172
130.997400,9.432432
132.537900,9.432432
133.655600,9.358054
135.122200,9.432469
136.211000,9.170718
137.299400,9.433375
138.456900,9.432543
140.052500,9.432822
141.172500,9.434631
142.348200,9.432544
143.570300,9.406063
144.689600,9.433877
145.966700,9.434795
147.534400,9.390203
148.657600,9.403390
149.992000,9.432432
151.109700,9.432390
152.225300,9.433540
153.329500,9.284104
154.436100,9.434085
155.836700,9.432436
156.946000,9.277369
158.286600,9.434236
159.399600,9.309714
160.751400,9.432453
161.990300,9.311765
163.103700,9.432561
164.680500,9.429013
165.797400,9.344804
166.914000,9.433231
168.077900,9.432451
169.309700,9.432466
170.470000,9.432907
171.590000,9.432432
173.126900,9.432432
174.261000,9.433242
175.381000,9.432133
176.703900,9.316837
177.818000,9.432436
179.082400,9.432451
180.246300,9.432537
181.612800,9.432433
182.754800,9.434889
184.000800,9.432432
185.120800,9.434854
186.402900,9.432437
187.647200,9.401518
188.943600,9.434354
190.061600,9.372523
191.434100,9.318157
192.534000,9.108545
193.605400,9.432570
194.724600,9.434123
195.915700,9.432501
197.326300,9.175201
198.566200,9.433818
199.976500,9.289443
201.095700,9.246631
202.202500,9.418300
203.685200,9.432492
205.143700,9.432470
206.328700,9.380392
207.445500,9.434224
208.562100,9.430778
209.680200,9.432992
211.186300,9.432481
212.329200,9.433965
213.462100,9.144883
214.561500,9.357753
215.678800,9.432508
216.834100,9.432482
218.377700,9.393893
219.708600,9.433306
220.821200,9.332198
221.932800,9.432623
223.049100,9.433295
224.167400,9.432302
225.473600,9.432500
226.693300,9.426702
227.812900,9.435167
229.234300,9.393635
230.393700,9.420662
231.906900,9.432432
233.026900,9.434509
234.146600,9.432432
235.293200,9.432478
236.534300,9.433310
237.670500,9.432442
238.922000,9.432432
240.041900,9.432972
241.497100,9.432481
242.971000,9.351601
244.083500,9.221907
245.191300,9.386689
246.307200,9.290998
247.601000,9.432455
248.720900,9.435380
250.026600,9.261165
251.245300,9.352180
252.342600,9.127708
253.688700,9.355485
254.821900,9.358048
256.120600,9.410485
257.472100,9.432471
258.712200,9.432554
259.889300,9.432289
261.009000,9.434961
262.129500,9.342576
263.304900,9.432446
264.404000,9.217013
265.921200,9.432474
267.026000,9.250010
268.281000,9.434920
269.493000,9.362330
271.055600,9.235311
272.223600,9.432487
273.429300,9.217851
274.527900,9.434041
275.787700,9.410979
276.960500,9.383524
278.078600,9.432470
279.198000,9.432437
280.582100,9.376049
281.702000,9.434522
282.842300,9.358343
284.440900,9.434945
285.535700,9.217155
286.631100,9.432835
287.749200,9.432432
289.280100,9.432467
290.378200,9.212131
291.560200,9.433596
292.952300,9.432444
294.039100,9.161808
295.128600,9.432432
296.517000,9.193121
297.673800,9.412916
298.793600,9.433003
300.095800,9.432435
301.361700,9.426658
302.497700,9.434370
303.906100,9.409595
305.023700,9.432577
306.138300,9.359374
307.253700,9.434412
308.931400,9.434461
310.037700,9.263819
311.254100,9.432436
312.373800,9.430380
313.426500,9.049427
