77.676000,5.420000
133.790000,5.051000
222.290000,0.828000
50.781000,3.500000
75.977000,1.125000
116.762000,4.570000
37.667000,5.700000
256.829000,0.555000
205.635000,2.123000
149.239000,-0.729000
180.895000,4.481000
76.277000,5.980000
268.623000,-3.996000
78.715000,4.280000
300.095000,3.802000
285.455000,4.266000
25.148000,0.908000
61.181000,1.245000
61.150000,-4.415000
293.320000,1.433000
119.124000,4.420000
155.143000,2.990000
213.185000,-3.055000
120.326000,5.077000
214.862000,0.048000
82.371000,3.494000
208.908000,-3.974000
258.320000,2.545000
175.009000,3.037000
177.506000,-2.775000
211.947000,-2.665000
191.873000,2.192000
70.428000,-1.748000
247.048000,4.010000
120.217000,-4.141000
139.557000,1.365000
224.067000,2.419000
55.943000,-3.950000
223.657000,5.640000
77.676000,6.690000
31.590000,-3.645000
202.941000,6.160000
289.891000,-0.215000
226.967000,-3.210000
48.469000,4.605000
207.910000,2.619000
66.624000,3.801000
95.490000,-4.015000
147.835000,5.286000
52.686000,-2.365000
236.000000,6.169000
146.571000,-1.230000
48.531000,1.186000
101.302000,2.643000
157.295000,-2.955000
298.575000,-2.165000
247.724000,2.766000
298.243000,2.241000
20.761000,4.600000
143.272000,-1.883000
73.514000,5.660000
63.781000,3.989000
84.354000,0.742000
92.705000,2.130000
313.196000,-3.759000
194.059000,-4.079000
305.309000,-1.375000
90.819000,4.000000
93.934000,2.392000
86.627000,4.627000
146.784000,-2.704000
248.183000,-3.150000
151.400000,4.620000
78.609000,-2.926000
45.921000,-3.125000
53.329000,0.790000
89.714000,3.540000
271.804000,-1.818000
275.676000,-1.699000
32.187000,-0.621000
77.050000,-0.950000
148.900000,1.795000
83.748000,3.586000
236.123000,7.660000
23.099000,3.753000
205.372000,7.940000
161.044000,5.736000
289.866000,2.550000
202.173000,0.227000
140.571000,3.940000
118.466000,6.860000
127.989000,-0.752000
249.217000,-2.134000
224.368000,9.246000
78.051000,-0.408000
81.670000,1.228000
28.324000,0.944000
73.463000,1.955000
276.168000,0.425000
7.733000,-2.335000
54.308000,-0.382000
164.528000,6.419000
161.382000,-3.500000
289.990000,1.220000
14.990000,-0.090000
138.990000,5.980000
27.135000,5.886000
6.502000,-2.333000
272.837000,0.876000
82.904000,0.970000
252.295000,5.641000
91.409000,0.035000
185.867000,4.020000
84.169000,2.207000
163.654000,-0.040000
236.457000,9.120000
249.249000,-3.669000
173.810000,3.660000
215.698000,2.031000
182.044000,3.800000
191.886000,4.220000
9.999000,-1.321000
253.457000,0.895000
125.700000,-2.442000
8.201000,6.684000
130.728000,-3.649000
224.765000,-4.428000
199.684000,-2.525000
172.806000,2.749000
74.848000,1.210000
121.343000,5.500000
258.024000,0.221000
228.034000,-0.201000
252.751000,-2.747000
268.190000,4.889000
159.673000,1.140000
250.971000,5.320000
90.286000,5.429000
114.895000,6.580000
247.255000,-2.464000
117.973000,5.244000
152.870000,-3.495000
110.533000,-3.746000
205.539000,0.735000
116.696000,-0.994000
234.308000,-2.724000
141.839000,-1.509000
176.238000,3.968000
126.565000,1.691000
243.794000,6.954000
301.271000,-1.696000
59.649000,5.311000
43.143000,3.940000
241.248000,9.050000
144.619000,4.200000
269.877000,6.660000
180.384000,6.857000
137.924000,2.297000
233.847000,2.532000
133.575000,-4.716000
186.643000,3.023000
137.876000,-1.543000
174.922000,4.332000
92.302000,0.969000
229.977000,8.252000
255.164000,-1.364000
31.307000,4.427000
134.387000,3.838000
95.322000,3.263000
307.323000,8.669000
108.261000,-0.378000
117.799000,-0.235000
51.075000,-2.455000
191.993000,6.925000
209.355000,-0.287000
54.776000,0.880000
103.451000,0.898000
102.623000,-0.201000
257.471000,-2.175000
234.838000,6.960000
162.095000,5.530000
211.162000,5.750000
45.621000,3.021000
132.118000,-2.925000
112.724000,5.591000
266.990000,-0.704000
285.810000,8.860000
88.909000,0.810000
130.036000,2.415000
229.476000,-2.280000
273.401000,-0.242000
286.751000,9.000000
118.975000,-1.049000
288.462000,-1.995000
140.578000,0.603000
274.278000,2.217000
154.781000,4.430000
38.076000,3.580000
114.922000,-0.834000
85.162000,4.850000
18.723000,2.148000
127.551000,5.500000
105.546000,2.178000
219.391000,0.708000
36.152000,5.700000
248.964000,2.344000
172.152000,3.829000
277.101000,2.435000
94.743000,4.854000
190.291000,2.030000
28.430000,-2.831000
119.048000,5.640000
103.426000,6.872000
119.003000,3.146000
69.930000,5.918000
244.552000,7.900000
7.412000,0.312000
32.433000,6.633000
162.229000,-2.350000
77.144000,0.517000
60.346000,-0.001000
187.219000,-1.355000
3.586000,-2.995000
32.486000,4.000000
183.467000,3.631000
265.600000,8.980000
83.190000,-3.875000
251.486000,0.770000
269.312000,7.891000
168.975000,-4.438000
214.413000,1.282000
274.998000,-0.461000
217.078000,0.574000
139.970000,-4.210000
113.667000,6.920000
121.145000,3.015000
150.682000,-1.393000
49.526000,-4.391000
147.831000,1.047000
142.296000,3.760000
237.042000,-1.235000
63.802000,-1.246000
231.189000,4.084000
85.524000,0.059000
61.878000,0.211000
295.423000,-2.510000
100.738000,1.314000
95.486000,5.900000
307.878000,3.021000
87.886000,2.563000
183.995000,5.929000
215.878000,0.922000
145.543000,2.445000
211.119000,2.299000
180.424000,1.919000
8.952000,3.133000
175.448000,-1.159000
83.956000,-2.790000
28.362000,-1.465000
73.498000,0.664000
189.994000,-1.363000
0.629000,-0.355000
161.824000,1.330000
83.001000,-0.325000
286.997000,-2.319000
254.667000,-0.205000
220.149000,-0.353000
72.115000,1.047000
37.476000,0.370000
19.126000,-3.220000
28.286000,2.265000
31.486000,5.831000
224.441000,6.898000
109.233000,0.701000
136.289000,-4.389000
146.070000,-0.057000
4.022000,0.529000
103.901000,-0.522000
265.861000,-1.888000
123.607000,-0.666000
158.606000,-0.530000
64.203000,-0.073000
54.676000,4.617000
165.981000,-3.763000
24.272000,2.451000
159.514000,-3.191000
213.495000,-4.375000
155.011000,-0.286000
311.805000,3.011000
136.892000,2.959000
139.327000,2.735000
265.224000,1.600000
202.517000,3.081000
57.371000,-1.440000
139.476000,-0.185000
39.925000,-0.098000
11.638000,4.700000
158.343000,3.400000
59.533000,-2.248000
180.952000,2.950000
79.470000,-3.739000
92.772000,-0.229000
55.610000,-2.870000
118.825000,-3.678000
39.597000,-1.460000
269.511000,-0.303000
14.050000,2.318000
41.953000,-3.267000
74.862000,5.661000
141.603000,4.865000
275.280000,-2.939000
80.538000,1.640000
306.416000,-0.619000
17.703000,1.401000
78.958000,5.609000
39.429000,4.220000
135.600000,3.660000
15.717000,-1.498000
177.181000,5.200000
49.067000,2.593000
303.068000,2.673000
157.462000,-0.062000
11.548000,5.912000
122.519000,-2.750000
173.247000,1.035000
224.586000,-0.665000
171.443000,4.881000
250.905000,7.850000
62.509000,1.400000
239.542000,-2.268000
252.273000,1.638000
250.269000,-3.083000
70.733000,-2.929000
111.886000,4.540000
74.789000,-4.166000
303.395000,-0.161000
268.603000,-1.146000
153.929000,-2.150000
285.453000,2.868000
68.857000,4.920000
198.695000,-3.205000
97.027000,-1.662000
77.097000,1.825000
83.343000,-1.500000
107.176000,-3.480000
150.234000,-0.154000
32.648000,5.331000
281.800000,1.635000
185.562000,2.683000
217.943000,3.940000
160.644000,-2.222000
157.393000,-1.563000
135.433000,1.744000
44.621000,4.160000
75.484000,4.666000
90.248000,1.225000
173.800000,-4.380000
174.580000,6.891000
198.433000,0.090000
4.720000,3.745000
53.690000,-1.326000
5.910000,7.192000
189.913000,-3.125000
89.192000,2.346000
299.810000,5.210000
62.971000,-2.809000
15.784000,3.044000
101.181000,-2.319000
223.168000,3.382000
132.208000,2.941000
184.127000,0.638000
165.048000,-0.869000
208.961000,3.210000
159.742000,3.739000
6.383000,-1.066000
196.117000,0.478000
67.042000,-2.331000
192.244000,-2.151000
82.972000,2.200000
258.243000,1.295000
97.219000,1.055000
106.093000,-0.288000
47.181000,-2.825000
293.264000,2.925000
142.977000,-3.992000
289.615000,-1.459000
75.743000,2.272000
124.829000,-4.315000
190.876000,7.120000
229.306000,-0.978000
302.509000,-1.580000
75.970000,-0.236000
93.531000,0.895000
2.834000,0.325000
177.537000,3.953000
283.953000,1.174000
154.023000,-3.743000
36.092000,0.446000
252.307000,-0.077000
109.146000,5.215000
212.362000,4.811000
228.043000,-2.750000
176.857000,-0.388000
30.395000,-3.797000
312.241000,-2.695000
50.389000,2.509000
69.686000,2.292000
254.209000,7.057000
267.305000,0.698000
222.507000,-0.973000
25.866000,-0.292000
254.047000,-1.148000
110.558000,4.428000
149.048000,5.740000
140.362000,5.487000
42.428000,4.790000
52.210000,3.869000
40.696000,2.307000
142.611000,-2.831000
64.523000,4.980000
43.063000,-4.277000
42.086000,-0.800000
178.620000,3.560000
288.167000,-3.296000
190.650000,4.756000
12.830000,5.900000
288.504000,0.356000
5.619000,4.820000
81.836000,-0.109000
212.295000,2.330000
99.800000,-0.818000
243.135000,1.177000
93.509000,-4.163000
117.510000,-3.085000
43.120000,2.651000
237.274000,7.249000
62.743000,3.360000
93.267000,6.629000
198.349000,-4.529000
255.252000,-3.750000
281.401000,0.302000
71.014000,2.202000
85.176000,-2.859000
155.143000,-1.694000
235.029000,8.511000
25.455000,-1.878000
86.724000,7.020000
127.314000,-1.852000
57.548000,2.310000
263.875000,-4.126000
19.448000,6.420000
207.390000,9.170000
210.109000,2.924000
300.819000,6.900000
264.263000,3.392000
121.328000,-3.345000
259.017000,6.778000
99.950000,2.340000
166.248000,-0.490000
231.268000,-4.262000
250.438000,2.804000
96.205000,-0.485000
291.997000,-2.889000
29.119000,3.133000
89.124000,-3.725000
74.680000,-2.771000
220.276000,2.715000
112.394000,0.332000
247.154000,0.550000
269.189000,-2.385000
221.687000,-3.175000
108.101000,6.272000
130.807000,5.358000
121.143000,6.580000
71.679000,-1.320000
38.457000,4.820000
142.910000,5.683000
200.474000,1.983000
113.545000,2.770000
31.836000,2.200000
210.457000,7.800000
228.809000,8.330000
46.006000,4.307000
70.259000,-0.486000
95.814000,4.563000
132.273000,-1.381000
71.143000,3.460000
12.289000,-0.276000
160.284000,8.063000
16.675000,5.439000
25.191000,-3.609000
174.072000,2.230000
148.065000,-0.583000
44.396000,2.862000
253.348000,-0.405000
91.870000,2.940000
67.897000,5.820000
126.305000,6.010000
107.074000,0.232000
92.162000,-2.495000
295.886000,3.252000
9.628000,-0.226000
142.885000,-0.561000
168.560000,5.924000
55.572000,3.251000
252.990000,3.640000
82.646000,-2.522000
10.528000,-3.990000
209.105000,2.119000
225.847000,-3.588000
25.625000,6.030000
241.567000,1.757000
279.599000,1.984000
304.667000,-2.396000
177.152000,1.412000
269.897000,4.760000
113.753000,0.940000
40.498000,-3.846000
92.454000,-3.873000
209.352000,8.360000
13.048000,-1.319000
283.221000,-1.071000
30.578000,2.753000
19.827000,1.362000
89.358000,-1.574000
103.695000,5.470000
308.787000,4.327000
119.974000,2.452000
198.710000,6.835000
220.268000,5.333000
131.434000,0.671000
90.716000,6.700000
59.681000,-4.491000
2.449000,-3.379000
290.873000,-1.928000
125.850000,0.618000
33.078000,1.647000
29.532000,6.700000
217.782000,-2.701000
112.347000,1.709000
53.800000,6.939000
266.946000,2.933000
129.352000,3.640000
212.753000,9.240000
10.257000,6.040000
259.557000,0.495000
146.253000,-3.961000
115.367000,-3.315000
212.326000,-4.010000
188.775000,1.190000
21.848000,6.420000
3.543000,6.120000
38.651000,0.899000
34.891000,3.869000
101.550000,-1.009000
291.266000,7.848000
229.790000,4.720000
111.124000,3.510000
166.160000,-1.905000
65.283000,3.754000
47.091000,1.305000
124.735000,1.725000
232.749000,1.672000
122.300000,-1.445000
41.967000,3.566000
98.018000,3.975000
157.108000,2.606000
192.519000,-1.010000
309.323000,3.200000
80.663000,0.365000
189.717000,-4.478000
86.728000,-0.830000
278.695000,3.980000
160.281000,-4.309000
168.594000,-3.279000
294.428000,-1.838000
163.448000,5.720000
284.734000,0.212000
7.628000,2.750000
195.433000,5.122000
280.268000,6.925000
30.403000,4.091000
178.880000,0.003000
37.629000,1.639000
250.943000,3.669000
174.724000,5.661000
171.600000,-4.265000
33.019000,-1.748000
57.467000,4.620000
222.291000,-2.190000
102.505000,-2.906000
277.695000,8.780000
176.033000,-3.430000
192.763000,3.416000
74.671000,-0.153000
27.076000,1.769000
284.327000,2.352000
153.971000,6.120000
231.404000,2.707000
294.587000,2.547000
280.705000,-2.125000
294.419000,3.800000
151.325000,5.860000
172.499000,-3.242000
156.262000,0.226000
51.753000,-1.251000
288.048000,-0.709000
121.543000,4.260000
144.143000,-0.920000
292.305000,6.960000
245.524000,3.980000
23.646000,1.329000
105.976000,-4.360000
53.665000,1.861000
141.216000,2.946000
275.115000,-4.250000
260.103000,-2.639000
116.795000,0.850000
196.552000,5.390000
21.729000,-0.480000
182.547000,2.721000
41.644000,-2.058000
223.433000,-2.631000
152.819000,-2.180000
78.297000,0.800000
110.336000,0.122000
191.929000,0.315000
138.370000,3.600000
225.743000,1.165000
34.856000,4.985000
205.757000,9.340000
210.200000,1.595000
188.814000,-2.489000
141.670000,1.342000
67.786000,2.946000
156.932000,1.183000
136.636000,1.728000
138.758000,-3.992000
63.657000,5.607000
142.826000,1.099000
292.166000,8.523000
102.453000,1.767000
117.768000,-4.320000
258.614000,-4.310000
32.927000,0.322000
26.932000,2.839000
194.701000,-2.945000
56.342000,2.208000
239.467000,4.989000
312.800000,8.750000
145.773000,3.920000
217.966000,-1.437000
138.200000,-0.325000
82.667000,4.771000
298.341000,-3.941000
122.762000,5.651000
56.804000,-0.350000
159.744000,-0.189000
193.327000,-2.874000
2.423000,2.383000
74.267000,9.090000
10.324000,4.729000
197.681000,-2.335000
174.740000,-2.090000
301.105000,5.647000
170.881000,1.430000
116.636000,-2.342000
106.940000,1.244000
160.289000,6.772000
221.408000,-1.636000
21.762000,-4.136000
284.194000,3.440000
184.827000,6.920000
118.609000,-2.425000
81.766000,-3.713000
146.619000,4.839000
205.615000,-2.725000
190.943000,-2.315000
243.284000,4.973000
145.685000,-2.488000
218.750000,8.548000
253.710000,5.899000
42.848000,5.809000
245.648000,8.111000
49.295000,5.460000
284.471000,-1.325000
302.031000,-0.519000
206.153000,-0.375000
8.999000,4.620000
155.389000,5.750000
151.513000,-2.883000
270.544000,1.665000
261.067000,5.128000
231.102000,8.057000
55.659000,-0.359000
205.695000,3.340000
137.366000,5.714000
69.467000,-2.485000
96.540000,1.989000
45.590000,-1.765000
52.016000,0.089000
33.040000,2.959000
149.216000,-3.348000
67.166000,-3.542000
171.067000,3.771000
138.221000,1.093000
251.381000,-3.421000
26.229000,5.020000
178.367000,1.365000
54.867000,2.009000
121.469000,-4.650000
183.558000,-2.998000
238.865000,1.990000
251.973000,7.820000
193.135000,4.525000
4.800000,6.320000
49.777000,-2.607000
231.475000,6.380000
141.649000,5.990000
94.124000,3.730000
311.394000,6.458000
77.313000,-4.107000
100.295000,4.720000
108.215000,-1.615000
93.784000,-0.503000
39.600000,3.067000
201.624000,-3.750000
68.105000,0.616000
97.562000,5.436000
167.643000,2.685000
129.019000,-0.049000
276.252000,5.098000
83.962000,4.976000
242.210000,6.911000
52.936000,-0.602000
254.077000,9.012000
20.572000,7.255000
273.088000,-2.984000
147.938000,2.635000
108.229000,1.065000
24.457000,5.120000
133.371000,0.695000
286.949000,-1.216000
152.615000,-0.945000
29.575000,-1.436000
52.362000,5.080000
167.233000,0.392000
138.995000,-1.520000
231.424000,1.280000
268.598000,8.883000
246.147000,-0.453000
255.230000,3.230000
69.117000,3.169000
116.343000,5.669000
44.533000,-4.377000
54.915000,-1.678000
295.790000,6.850000
104.944000,5.760000
120.073000,-2.695000
306.857000,-1.970000
168.132000,1.528000
185.571000,-1.347000
117.681000,-1.649000
220.876000,4.080000
17.810000,4.671000
152.000000,7.000000
229.097000,2.816000
249.401000,5.860000
232.857000,-2.569000
19.105000,4.160000
269.162000,5.709000
167.276000,-2.610000
123.690000,-1.940000
239.110000,-4.405000
100.851000,0.035000
304.811000,5.580000
97.445000,-0.352000
145.764000,1.155000
38.600000,-0.405000
35.834000,4.392000
123.771000,5.180000
224.520000,-1.972000
75.474000,8.810000
192.791000,1.165000
98.591000,1.430000
89.681000,-0.011000
182.638000,4.810000
98.913000,2.840000
137.541000,-4.279000
12.797000,1.900000
244.952000,9.140000
263.304000,-0.173000
176.154000,0.602000
250.227000,6.528000
49.716000,1.336000
185.212000,-0.078000
305.346000,2.697000
224.722000,3.535000
73.458000,-3.024000
112.708000,-3.983000
213.247000,6.361000
161.944000,4.030000
115.475000,4.080000
289.362000,6.320000
286.296000,2.154000
36.010000,-3.490000
149.169000,-1.975000
301.638000,3.420000
56.419000,6.680000
204.128000,7.332000
133.265000,-3.442000
243.079000,6.113000
303.554000,5.050000
136.623000,-1.898000
11.736000,-3.201000
310.314000,-1.423000
37.677000,-0.958000
171.229000,0.147000
23.102000,5.949000
197.797000,5.789000
114.076000,4.382000
252.914000,6.851000
291.029000,-0.743000
264.975000,-4.195000
106.564000,2.683000
313.115000,2.357000
74.343000,6.680000
293.501000,-2.938000
87.999000,-1.363000
281.429000,4.491000
232.495000,0.209000
62.667000,4.720000
268.673000,6.751000
129.057000,1.215000
81.914000,2.435000
249.039000,7.220000
15.362000,-4.461000
156.273000,-0.846000
311.698000,-1.694000
66.860000,0.320000
120.270000,-1.496000
207.961000,1.455000
310.565000,-2.745000
285.188000,5.547000
169.752000,3.680000
111.333000,5.632000
223.048000,9.280000
243.495000,3.420000
197.179000,-0.181000
132.135000,5.302000
39.333000,5.860000
243.048000,8.049000
125.638000,2.375000
80.295000,-0.733000
272.171000,9.030000
279.896000,-3.299000
285.295000,1.257000
162.192000,-0.138000
183.190000,-4.105000
219.020000,2.729000
252.636000,-3.952000
163.587000,-2.622000
17.257000,-3.355000
19.524000,5.131000
72.400000,5.248000
209.890000,-3.198000
111.367000,-0.584000
123.677000,6.300000
104.805000,-3.787000
308.657000,-0.250000
5.948000,3.480000
312.879000,5.226000
111.273000,2.178000
143.530000,3.065000
194.400000,5.911000
281.232000,-1.192000
53.695000,4.960000
63.857000,1.079000
40.276000,6.513000
57.897000,6.542000
122.086000,2.038000
256.515000,2.600000
210.334000,9.140000
312.976000,-1.528000
223.588000,1.260000
15.420000,6.000000
257.456000,3.559000
250.784000,-0.647000
274.209000,-2.390000
170.110000,-3.380000
184.705000,4.058000
62.566000,-4.005000
26.314000,-4.298000
86.011000,5.730000
273.953000,-3.710000
4.407000,5.194000
166.495000,7.223000
123.456000,-4.640000
230.057000,1.305000
220.830000,6.204000
18.670000,0.596000
208.125000,0.150000
196.096000,7.754000
197.371000,-3.650000
176.027000,-2.291000
170.126000,2.379000
264.238000,-0.903000
299.682000,-2.881000
162.686000,-3.515000
258.234000,-1.304000
133.170000,6.035000
34.977000,-4.206000
143.624000,0.320000
36.954000,-2.282000
7.513000,-0.927000
2.514000,-1.944000
265.524000,7.380000
187.691000,-2.645000
110.407000,-1.441000
277.653000,4.870000
169.573000,1.366000
152.476000,4.740000
20.927000,-2.862000
89.416000,6.585000
109.433000,-0.509000
209.191000,1.014000
3.327000,7.518000
238.514000,6.920000
202.483000,-1.464000
151.314000,-4.420000
216.551000,2.981000
278.289000,1.423000
161.005000,-1.074000
294.541000,9.053000
208.081000,8.106000
297.240000,3.022000
69.934000,-3.890000
71.105000,4.640000
10.553000,2.219000
289.505000,3.720000
41.557000,5.857000
222.760000,-3.695000
113.074000,4.169000
16.896000,3.726000
214.053000,-0.855000
15.742000,4.450000
285.776000,-1.559000
97.629000,2.595000
270.147000,2.755000
309.130000,-1.445000
40.529000,3.472000
307.722000,-1.071000
282.992000,2.086000
256.985000,-3.567000
203.228000,-0.468000
165.600000,4.120000
72.262000,-3.619000
196.771000,-1.509000
211.629000,7.156000
105.833000,0.907000
140.622000,-0.828000
168.000000,7.240000
158.647000,-3.975000
152.632000,-4.644000
4.276000,-0.780000
168.476000,0.315000
304.019000,3.328000
230.404000,6.994000
153.440000,7.337000
276.740000,6.273000
54.452000,5.880000
243.965000,-1.285000
36.162000,-0.775000
278.536000,-0.407000
304.375000,-0.373000
121.255000,-0.754000
292.138000,1.005000
237.661000,-3.775000
64.462000,2.745000
10.969000,0.265000
5.386000,-1.813000
288.595000,1.799000
220.044000,1.647000
90.584000,-0.791000
229.149000,0.248000
143.790000,-3.075000
120.133000,3.670000
218.977000,-0.821000
178.103000,5.892000
131.443000,1.881000
235.067000,3.880000
117.785000,2.550000
2.552000,5.189000
135.448000,7.080000
88.888000,5.510000
271.886000,7.874000
135.637000,0.419000
56.829000,-2.780000
115.676000,1.351000
162.960000,0.940000
226.887000,-1.827000
44.707000,-3.089000
84.943000,3.240000
229.173000,7.107000
152.009000,0.649000
67.933000,4.200000
108.414000,-2.930000
286.340000,0.893000
31.911000,0.935000
195.358000,-0.860000
182.256000,-1.356000
87.962000,1.430000
46.347000,2.070000
153.286000,1.445000
103.717000,-3.089000
238.457000,3.021000
240.724000,7.680000
147.841000,-1.701000
262.677000,5.660000
233.863000,0.926000
226.857000,7.790000
284.458000,4.852000
84.578000,-0.679000
291.004000,0.614000
156.210000,3.500000
63.048000,0.181000
181.267000,-2.530000
46.476000,5.540000
232.653000,-1.411000
100.165000,3.479000
38.443000,-1.801000
307.984000,-2.431000
74.184000,4.443000
65.605000,-0.280000
60.477000,4.159000
135.076000,4.909000
160.801000,0.366000
123.668000,2.520000
40.290000,1.015000
166.996000,5.954000
251.164000,1.870000
146.966000,1.838000
256.150000,-1.529000
75.896000,3.420000
201.020000,9.000000
193.132000,5.770000
253.081000,4.573000
180.000000,3.309000
203.701000,3.763000
91.989000,-1.225000
100.404000,-4.440000
217.003000,1.677000
255.721000,5.636000
216.652000,9.048000
305.454000,0.297000
25.921000,3.977000
157.578000,5.031000
3.548000,-4.222000
277.014000,7.686000
102.838000,4.410000
117.856000,3.667000
77.958000,-1.655000
205.053000,5.466000
282.021000,-2.094000
166.694000,1.669000
35.744000,7.496000
251.621000,-2.218000
112.381000,2.801000
115.610000,-1.910000
114.832000,-4.392000
278.562000,2.871000
27.869000,3.721000
246.364000,-3.475000
27.558000,4.727000
266.850000,-3.015000
181.695000,6.838000
128.705000,6.520000
163.048000,4.620000
19.952000,-2.120000
34.990000,6.439000
60.791000,-2.245000
305.924000,5.140000
169.890000,0.090000
208.305000,5.249000
304.526000,4.220000
235.181000,2.858000
47.844000,2.505000
127.853000,3.475000
244.793000,3.355000
292.081000,2.110000
237.285000,2.349000
283.136000,-2.412000
7.467000,-4.383000
282.990000,6.740000
44.052000,1.745000
16.176000,-2.657000
207.057000,4.709000
261.708000,0.151000
98.190000,-1.075000
54.507000,3.400000
204.076000,6.320000
212.304000,5.847000
117.852000,1.160000
102.676000,-4.456000
73.852000,-1.739000
181.593000,1.696000
256.220000,4.166000
127.787000,0.901000
160.686000,2.053000
263.777000,1.100000
188.076000,3.540000
12.507000,3.420000
5.994000,6.000000
45.495000,6.660000
180.557000,-3.838000
170.276000,-4.659000
64.904000,-4.650000
276.273000,-0.840000
206.370000,5.700000
24.598000,-0.926000
80.846000,3.460000
245.298000,-1.308000
161.600000,6.860000
109.472000,3.844000
215.162000,-1.170000
58.827000,-3.462000
254.289000,3.931000
150.057000,4.940000
143.077000,4.591000
288.800000,7.440000
294.630000,1.334000
8.967000,-2.096000
28.859000,-4.106000
274.258000,0.662000
187.543000,-4.029000
45.948000,0.739000
51.734000,-3.400000
173.706000,-2.983000
74.783000,-1.477000
102.766000,-1.667000
66.762000,6.050000
24.476000,3.800000
213.611000,5.206000
235.639000,-1.565000
113.487000,-0.543000
229.905000,3.640000
140.474000,-2.142000
288.686000,4.420000
175.701000,1.855000
183.433000,-0.509000
277.564000,0.401000
167.886000,4.302000
28.918000,5.610000
293.300000,-0.791000
267.062000,-4.221000
165.782000,5.780000
98.220000,6.706000
273.205000,-1.582000
312.486000,4.145000
297.738000,-2.864000
129.920000,-2.557000
47.048000,6.540000
22.598000,0.598000
93.683000,-2.822000
139.309000,4.572000
175.876000,5.230000
248.990000,9.280000
66.291000,-4.169000
27.030000,-1.163000
121.171000,-2.022000
102.965000,2.923000
64.229000,-2.535000
182.391000,0.180000
214.743000,5.760000
127.812000,-4.146000
203.451000,-3.410000
124.803000,-3.035000
215.752000,6.540000
79.159000,-1.840000
77.414000,3.911000
105.813000,-2.894000
148.940000,0.581000
178.996000,7.008000
219.390000,6.120000
116.639000,-3.725000
232.608000,-3.577000
104.133000,4.200000
177.092000,-1.554000
228.242000,-1.656000
22.120000,5.013000
18.381000,5.628000
226.923000,0.540000
269.895000,9.020000
296.967000,-4.325000
90.089000,-2.793000
88.572000,-2.558000
142.548000,2.423000
310.215000,-3.861000
90.710000,2.475000
141.710000,-0.027000
265.716000,4.107000
218.422000,1.576000
203.655000,2.247000
219.038000,-2.145000
40.434000,-2.573000
77.630000,8.060000
95.005000,-0.775000
190.970000,5.960000
213.543000,0.385000
308.173000,0.850000
195.647000,6.380000
85.371000,-1.175000
131.338000,-0.645000
176.636000,2.734000
251.510000,-4.647000
56.343000,4.300000
171.843000,-2.015000
103.973000,2.238000
88.281000,-4.512000
220.672000,-2.425000
282.679000,0.726000
300.391000,1.352000
173.189000,7.068000
170.426000,-0.960000
52.937000,-3.681000
159.653000,2.405000
146.617000,6.389000
71.271000,-4.332000
146.705000,3.400000
303.417000,7.654000
179.350000,5.641000
114.091000,-3.695000
124.281000,0.514000
248.236000,-1.527000
118.940000,1.835000
24.166000,6.460000
114.552000,3.320000
211.209000,-3.397000
259.285000,1.653000
268.152000,-2.860000
199.545000,-4.174000
193.333000,0.065000
14.174000,4.738000
128.161000,-2.603000
299.730000,2.326000
240.038000,-3.434000
177.632000,0.333000
184.338000,2.742000
95.051000,-2.777000
201.321000,5.393000
60.277000,-3.459000
63.721000,-3.738000
11.752000,2.350000
201.308000,2.817000
160.965000,4.359000
237.284000,0.022000
127.050000,-3.137000
53.257000,3.724000
11.247000,3.640000
165.200000,1.815000
72.175000,-2.359000
144.577000,1.213000
167.962000,9.288000
87.733000,-3.531000
224.484000,0.655000
299.076000,0.845000
247.857000,1.565000
61.272000,5.396000
290.079000,8.452000
20.159000,-3.919000
152.033000,2.076000
58.964000,-1.184000
135.727000,-0.925000
123.360000,1.070000
80.629000,-3.305000
69.996000,4.294000
64.862000,-3.477000
127.626000,2.209000
20.732000,1.978000
28.596000,-0.316000
187.981000,-0.237000
172.201000,1.678000
253.257000,2.375000
226.210000,3.460000
156.276000,-2.259000
155.204000,-4.515000
107.048000,-0.974000
7.885000,4.121000
130.395000,1.185000
301.969000,0.933000
47.659000,5.460000
60.362000,6.703000
31.071000,-2.341000
267.438000,9.042000
141.345000,-4.063000
262.440000,-3.776000
182.119000,-3.760000
18.314000,-3.955000
237.081000,1.175000
210.749000,-2.243000
73.535000,-4.299000
288.419000,5.860000
27.315000,0.225000
229.587000,-4.426000
249.613000,8.234000
114.714000,1.884000
301.990000,-2.917000
57.602000,-3.800000
92.085000,4.357000
150.053000,-4.451000
45.757000,-4.400000
164.771000,-3.436000
99.138000,-3.282000
9.508000,-3.115000
33.681000,4.680000
174.038000,0.055000
270.804000,-3.805000
210.489000,-0.880000
237.029000,5.171000
17.267000,2.500000
237.091000,3.684000
13.942000,0.980000
239.607000,-1.195000
50.012000,4.606000
46.834000,-0.205000
207.857000,-3.560000
219.842000,-3.340000
199.792000,7.900000
211.272000,4.513000
179.657000,0.993000
25.883000,2.141000
269.888000,-1.414000
212.172000,3.650000
74.732000,7.800000
219.505000,3.963000
306.905000,7.047000
294.797000,-0.728000
48.210000,6.460000
86.503000,0.779000
215.324000,-2.383000
169.226000,-1.152000
116.838000,2.080000
141.360000,-2.984000
175.194000,0.243000
45.210000,1.819000
126.825000,3.066000
150.991000,3.154000
266.631000,8.098000
107.810000,2.345000
164.875000,-2.102000
158.596000,-2.543000
243.290000,-4.946000
312.080000,-3.745000
306.726000,3.109000
208.587000,-1.261000
291.440000,-4.414000
162.984000,-1.158000
204.653000,2.922000
81.086000,-4.420000
124.733000,4.270000
307.943000,5.231000
305.831000,6.568000
59.803000,1.570000
99.045000,-1.900000
157.446000,-4.220000
40.381000,5.280000
128.590000,4.820000
210.103000,4.009000
55.703000,5.460000
98.676000,0.115000
199.853000,0.964000
66.663000,2.325000
264.036000,7.795000
182.419000,-2.464000
282.072000,3.010000
241.080000,0.544000
78.577000,-4.362000
186.362000,-2.474000
238.623000,-3.083000
56.197000,-1.688000
129.897000,5.943000
18.186000,-2.362000
94.787000,0.637000
212.639000,-0.373000
136.083000,5.832000
301.679000,-3.961000
125.786000,-3.843000
222.876000,2.413000
183.657000,1.763000
120.150000,1.102000
304.144000,2.043000
155.133000,-2.939000
178.105000,-0.991000
11.076000,8.988000
253.133000,7.980000
186.762000,1.835000
195.410000,3.671000
180.619000,5.749000
246.387000,4.994000
91.492000,5.552000
65.641000,-1.809000
227.206000,5.314000
271.152000,6.780000
207.185000,-4.475000
165.023000,2.968000
150.105000,-2.455000
279.621000,-1.103000
31.122000,0.192000
56.876000,3.407000
107.210000,-2.356000
221.364000,-0.208000
303.140000,1.234000
71.314000,0.200000
159.200000,7.208000
283.752000,5.731000
297.753000,0.959000
130.616000,6.907000
180.862000,-1.511000
11.510000,1.279000
47.938000,-1.381000
245.813000,-2.401000
49.280000,3.524000
76.561000,9.009000
33.657000,6.733000
208.000000,7.046000
72.667000,4.110000
296.555000,-3.154000
56.267000,0.850000
26.314000,-2.875000
164.623000,0.572000
147.867000,4.100000
61.790000,4.091000
265.791000,2.854000
9.071000,-4.275000
298.648000,3.500000
306.853000,-3.245000
225.630000,6.804000
92.958000,3.584000
172.670000,4.973000
148.163000,-2.893000
50.461000,-3.444000
147.951000,6.410000
144.892000,0.130000
154.060000,-0.805000
270.610000,7.960000
76.477000,7.497000
286.641000,-3.453000
185.711000,0.940000
131.457000,6.440000
159.640000,-1.467000
250.343000,9.070000
101.599000,-3.688000
170.496000,-2.095000
104.643000,1.384000
20.152000,0.199000
123.696000,-3.347000
244.103000,2.076000
198.305000,4.820000
23.523000,-3.954000
200.684000,-3.122000
265.148000,5.620000
234.637000,-0.661000
191.217000,1.038000
157.790000,6.910000
51.083000,1.146000
204.846000,-0.260000
242.353000,4.107000
53.499000,-4.728000
246.348000,2.971000
296.350000,5.838000
292.748000,-4.005000
174.781000,1.305000
43.672000,-3.219000
116.762000,3.280000
52.839000,2.581000
241.267000,6.160000
304.276000,0.774000
271.254000,-4.960000
182.773000,6.115000
13.752000,-0.202000
246.909000,6.200000
16.178000,1.596000
302.878000,3.833000
215.585000,-3.768000
259.527000,3.028000
272.399000,-4.160000
311.581000,5.129000
278.267000,-1.847000
249.350000,-0.745000
214.101000,-2.055000
66.007000,-2.949000
223.154000,6.843000
184.405000,-4.025000
108.332000,4.363000
136.986000,0.345000
305.821000,3.860000
206.884000,1.754000
232.560000,8.076000
214.590000,4.580000
158.512000,0.780000
199.524000,2.470000
287.583000,1.125000
84.064000,-4.818000
227.896000,7.480000
20.958000,-1.604000
133.138000,-2.211000
2.689000,-0.887000
175.006000,-4.514000
269.800000,-4.638000
15.074000,-3.204000
62.683000,-0.973000
164.086000,1.378000
240.240000,1.457000
257.296000,-0.876000
311.593000,0.638000
206.876000,8.020000
287.492000,-4.304000
120.315000,-0.320000
30.914000,-1.101000
102.030000,0.894000
209.029000,7.420000
206.404000,-1.816000
213.432000,3.940000
220.210000,7.060000
153.669000,3.815000
293.652000,0.277000
225.181000,4.560000
66.789000,-0.994000
211.634000,-1.273000
153.433000,0.269000
58.035000,-2.526000
128.805000,2.203000
227.429000,3.070000
220.972000,0.853000
92.619000,5.580000
287.714000,5.050000
195.705000,-2.130000
185.578000,-3.425000
28.162000,6.614000
4.878000,-4.175000
95.667000,-1.866000
134.359000,-2.829000
20.667000,3.290000
153.195000,2.687000
221.219000,7.910000
21.918000,2.824000
198.640000,1.710000
268.895000,3.660000
21.324000,1.050000
280.371000,4.620000
132.277000,-4.220000
76.650000,4.730000
3.847000,2.871000
202.143000,7.181000
236.047000,-0.593000
300.883000,0.189000
209.683000,-1.813000
188.789000,-3.600000
271.474000,2.701000
179.440000,-1.255000
70.239000,0.914000
231.677000,-0.854000
255.728000,1.895000
80.201000,-2.256000
277.119000,-1.879000
189.162000,2.815000
213.287000,2.918000
67.210000,1.430000
223.387000,-4.985000
235.716000,-2.794000
43.753000,0.250000
260.368000,3.053000
244.390000,6.134000
37.263000,-3.652000
172.114000,6.080000
299.270000,-0.865000
306.762000,5.851000
6.608000,1.275000
165.014000,-4.705000
87.717000,0.265000
220.819000,9.340000
36.962000,6.600000
39.434000,1.745000
235.954000,0.781000
296.610000,4.576000
167.759000,-0.892000
291.067000,6.370000
251.433000,6.625000
223.505000,-0.275000
204.481000,1.520000
145.770000,5.646000
134.552000,6.068000
203.037000,8.060000
166.825000,3.676000
229.394000,6.004000
62.143000,2.568000
161.685000,8.020000
207.381000,-0.900000
81.326000,4.780000
224.820000,-3.060000
255.060000,-2.486000
134.832000,-4.073000
304.658000,7.751000
9.543000,7.052000
12.419000,8.960000
243.446000,-3.205000
173.133000,-1.805000
152.231000,3.492000
163.991000,-1.479000
160.086000,9.451000
254.094000,-3.494000
78.190000,1.775000
23.140000,-2.832000
277.574000,3.605000
187.793000,6.940000
79.713000,0.760000
187.895000,2.090000
292.355000,5.774000
13.863000,9.321000
305.860000,-2.681000
245.056000,6.990000
107.352000,3.590000
98.287000,-4.299000
225.780000,-0.034000
211.429000,9.168000
68.511000,-4.596000
112.908000,-1.620000
206.998000,0.554000
79.355000,-0.480000
214.467000,-3.175000
59.101000,0.460000
286.050000,-0.439000
19.733000,2.925000
36.190000,3.310000
46.747000,-1.225000
286.628000,4.461000
209.103000,6.287000
54.095000,-2.845000
292.246000,-0.271000
1.286000,0.925000
301.700000,2.085000
186.294000,7.170000
16.332000,0.441000
41.211000,4.580000
137.181000,4.080000
282.743000,8.979000
75.448000,6.948000
206.048000,-3.976000
48.515000,-2.598000
265.318000,-2.998000
80.564000,6.791000
260.438000,6.500000
197.641000,1.219000
296.937000,1.639000
179.581000,4.460000
267.412000,6.064000
10.019000,3.592000
132.828000,3.980000
122.064000,0.880000
171.016000,6.173000
169.244000,9.357000
226.909000,-4.495000
186.466000,-0.340000
69.105000,-0.110000
114.859000,0.464000
286.267000,7.660000
161.333000,9.380000
283.271000,-4.380000
216.090000,-0.341000
188.796000,-1.288000
239.495000,0.345000
62.108000,-1.971000
303.350000,-2.751000
14.070000,6.127000
109.532000,-4.267000
49.304000,-1.170000
110.925000,7.000000
59.548000,3.378000
145.241000,-1.291000
119.106000,-4.899000
51.637000,2.245000
282.781000,4.760000
113.547000,-4.932000
259.700000,4.531000
187.170000,0.753000
197.352000,7.471000
233.821000,7.980000
222.381000,8.268000
257.252000,1.663000
125.043000,-0.403000
303.553000,6.207000
33.999000,0.833000
242.287000,5.354000
262.324000,4.237000
242.555000,-3.878000
204.229000,-1.340000
232.286000,5.220000
139.295000,-2.695000
303.952000,-1.474000
58.089000,3.229000
99.458000,0.715000
273.453000,9.068000
216.083000,3.895000
179.331000,-3.404000
58.952000,2.455000
266.823000,4.952000
176.827000,6.400000
163.880000,-4.012000
134.333000,-1.540000
265.171000,0.200000
133.328000,2.851000
312.345000,-0.464000
144.175000,-4.245000
56.951000,5.780000
165.371000,7.220000
70.869000,5.926000
248.137000,-4.505000
248.286000,8.349000
310.241000,5.254000
106.277000,5.740000
283.658000,7.777000
111.253000,0.955000
271.323000,4.640000
283.807000,-3.444000
155.566000,1.205000
23.994000,0.191000
131.115000,-2.001000
278.720000,-3.177000
172.812000,-0.663000
193.981000,1.154000
4.851000,-3.024000
48.454000,-0.231000
246.918000,-4.926000
310.173000,-0.142000
238.410000,-1.625000
190.100000,0.635000
228.045000,0.906000
269.213000,2.079000
93.394000,4.714000
199.007000,-1.559000
282.522000,-3.304000
284.675000,-2.273000
128.920000,-1.776000
262.133000,7.240000
30.729000,1.345000
305.310000,1.450000
191.757000,-4.540000
29.599000,0.673000
24.458000,-2.437000
11.923000,-1.696000
12.857000,4.440000
147.862000,-4.204000
87.024000,-4.570000
17.196000,-1.691000
307.301000,4.237000
266.085000,0.603000
156.952000,5.931000
242.500000,9.047000
274.341000,3.865000
42.915000,-2.127000
272.017000,3.636000
267.765000,7.731000
228.234000,-4.185000
258.472000,3.768000
145.096000,-3.554000
42.930000,1.358000
43.418000,-0.952000
9.467000,8.350000
37.195000,4.411000
275.659000,8.487000
199.457000,-0.505000
107.055000,6.595000
308.952000,8.740000
156.181000,6.740000
279.376000,-2.108000
79.968000,4.529000
76.149000,-4.410000
96.649000,3.335000
133.866000,6.909000
191.059000,3.320000
201.322000,1.109000
199.093000,5.886000
230.236000,2.448000
282.927000,3.660000
80.201000,2.873000
77.113000,-2.528000
7.168000,5.872000
178.145000,-3.870000
194.028000,3.369000
218.971000,7.280000
132.765000,1.591000
33.648000,-4.001000
290.125000,-4.605000
101.905000,3.760000
125.010000,5.440000
200.279000,-1.301000
171.684000,2.612000
100.238000,-2.987000
155.975000,4.963000
131.745000,4.325000
202.869000,0.934000
306.511000,1.127000
270.621000,3.660000
202.057000,1.955000
307.867000,6.440000
289.882000,4.725000
250.152000,4.540000
273.200000,3.300000
117.460000,6.495000
185.124000,4.948000
209.944000,5.365000
294.013000,-4.233000
228.762000,3.820000
311.567000,8.648000
38.457000,2.360000
58.772000,4.240000
201.048000,7.760000
79.393000,2.046000
207.614000,-2.186000
252.622000,-1.634000
136.160000,4.624000
222.133000,3.960000
267.689000,-1.808000
282.166000,-0.530000
191.274000,-1.237000
240.450000,-4.622000
250.048000,0.481000
257.477000,-4.655000
124.948000,6.641000
10.574000,7.161000
151.067000,0.995000
6.325000,-3.770000
106.508000,4.591000
228.029000,2.135000
282.286000,6.040000
90.990000,-2.131000
58.400000,5.520000
96.872000,-3.979000
87.065000,3.202000
233.492000,7.007000
244.676000,0.060000
54.731000,-4.209000
308.384000,7.611000
201.163000,6.600000
291.996000,3.537000
239.771000,9.060000
271.735000,1.410000
95.373000,1.804000
96.385000,-2.854000
156.246000,-3.851000
261.306000,-2.925000
72.521000,-0.243000
180.179000,-0.178000
189.161000,-0.105000
223.627000,8.140000
229.053000,1.523000
285.729000,-2.835000
130.086000,-1.215000
182.592000,1.348000
5.000000,1.070000
271.933000,-3.244000
35.081000,-0.913000
173.695000,4.730000
221.799000,9.380000
231.308000,0.342000
181.924000,7.940000
205.360000,-1.419000
144.560000,-2.163000
79.320000,7.060000
119.254000,0.181000
256.716000,5.394000
202.705000,4.700000
147.023000,-4.966000
210.248000,0.275000
174.056000,-1.155000
104.766000,-5.130000
226.065000,5.685000
125.495000,3.620000
44.314000,6.388000
214.695000,3.560000
243.024000,-1.970000
29.125000,4.465000
80.208000,-5.033000
234.457000,1.600000
73.581000,3.281000
208.574000,9.335000
158.205000,2.040000
8.301000,-3.572000
220.881000,-4.070000
4.128000,1.790000
211.306000,0.990000
277.390000,-0.700000
205.345000,6.752000
34.153000,-2.123000
34.307000,7.806000
255.347000,0.796000
169.124000,4.680000
68.571000,-3.426000
14.305000,-1.235000
236.660000,-3.323000
216.562000,-2.635000
38.420000,6.681000
261.403000,1.943000
108.707000,2.954000
242.215000,-2.900000
226.058000,9.068000
204.191000,8.714000
239.987000,2.691000
307.063000,0.287000
75.957000,-1.737000
139.358000,7.101000
2.327000,3.652000
220.104000,-1.446000
11.767000,-4.414000
39.367000,-3.020000
126.973000,0.185000
311.123000,-0.290000
128.955000,-3.648000
271.791000,-0.042000
184.367000,-2.171000
208.635000,-2.508000
250.384000,-1.691000
206.534000,6.925000
12.851000,-3.624000
266.106000,6.370000
311.304000,3.969000
209.067000,4.380000
18.190000,3.480000
94.524000,6.720000
142.819000,7.020000
263.099000,3.125000
33.924000,3.340000
198.780000,3.476000
247.032000,8.060000
295.110000,7.789000
14.867000,-2.100000
109.276000,6.709000
44.213000,-1.938000
110.087000,2.762000
8.916000,0.817000
83.200000,5.811000
42.422000,0.254000
310.783000,7.780000
232.549000,3.967000
249.303000,3.520000
224.875000,5.700000
258.150000,-3.265000
0.412000,5.200000
50.530000,-1.277000
87.270000,-2.524000
254.409000,5.140000
12.687000,0.867000
6.075000,0.202000
2.528000,6.566000
67.300000,-5.116000
271.025000,9.017000
63.082000,6.784000
233.801000,3.570000
30.150000,5.287000
110.743000,-2.585000
82.781000,-5.020000
226.583000,-0.653000
212.566000,0.842000
29.988000,-0.477000
307.590000,1.855000
225.819000,-1.247000
108.276000,-4.171000
202.867000,-4.331000
93.279000,-1.488000
268.067000,2.869000
245.463000,2.198000
253.562000,-2.330000
62.495000,5.800000
58.410000,-4.995000
93.956000,5.805000
134.699000,2.645000
193.367000,2.329000
66.059000,1.288000
218.195000,5.375000
202.135000,8.240000
165.939000,0.517000
129.664000,7.833000
104.876000,7.090000
112.400000,7.040000
43.798000,5.300000
163.733000,7.352000
299.735000,6.424000
223.894000,4.276000
234.866000,0.526000
40.792000,-1.298000
10.965000,-2.172000
273.467000,4.539000
233.339000,-0.395000
233.235000,9.073000
50.804000,0.089000
310.503000,1.065000
312.197000,1.685000
2.299000,-4.726000
46.930000,3.092000
45.181000,5.540000
238.476000,4.700000
224.925000,7.902000
295.842000,-1.323000
153.020000,6.100000
192.977000,-5.110000
291.048000,5.320000
60.208000,-1.308000
9.180000,1.892000
270.687000,5.671000
82.362000,6.760000
214.666000,-4.639000
286.637000,5.689000
313.527000,8.952000
260.452000,-0.510000
299.505000,8.980000
35.573000,2.630000
168.116000,-1.822000
228.114000,6.200000
27.233000,-2.197000
131.094000,3.039000
260.717000,-1.730000
96.019000,0.599000
11.201000,-0.856000
270.568000,-2.334000
29.535000,1.899000
194.895000,7.012000
240.957000,-2.709000
251.780000,9.060000
110.258000,6.031000
311.946000,7.332000
123.657000,3.660000
280.743000,-4.315000
298.657000,4.840000
126.048000,-0.911000
225.810000,-2.536000
12.756000,-2.536000
23.065000,-0.654000
181.600000,5.700000
172.420000,0.422000
207.886000,3.900000
181.135000,0.578000
85.096000,-4.230000
218.103000,0.094000
182.332000,-5.158000
27.411000,-3.644000
86.899000,1.941000
217.426000,-5.082000
290.338000,7.087000
195.372000,-4.550000
179.957000,-2.314000
216.551000,-1.476000
162.629000,6.670000
156.029000,2.179000
164.712000,5.208000
188.599000,6.076000
243.571000,-0.085000
143.518000,1.987000
177.735000,2.501000
154.421000,0.806000
261.981000,-2.200000
196.476000,3.720000
41.606000,-4.390000
270.469000,0.390000
274.610000,7.033000
22.345000,-1.746000
89.135000,4.647000
295.452000,4.835000
255.048000,8.140000
259.678000,-1.400000
300.853000,-2.926000
239.720000,7.150000
41.216000,-0.208000
296.964000,-1.678000
228.031000,9.080000
210.297000,6.425000
58.119000,-0.070000
81.086000,5.718000
8.505000,-1.118000
246.659000,-1.317000
112.957000,-2.908000
252.016000,4.192000
91.304000,1.693000
37.344000,2.755000
234.045000,-3.798000
295.937000,0.677000
115.793000,2.681000
287.775000,7.983000
264.146000,-2.948000
154.029000,-4.983000
23.323000,4.980000
187.251000,4.244000
85.952000,2.475000
306.778000,-4.746000
7.973000,8.910000
3.790000,-1.833000
194.910000,0.325000
244.786000,1.181000
98.782000,4.994000
274.224000,8.260000
158.737000,4.751000
72.376000,7.774000
140.665000,6.702000
221.723000,1.659000
256.052000,-0.235000
183.937000,4.773000
167.671000,-4.088000
241.395000,-3.934000
287.632000,2.540000
156.483000,-5.117000
178.685000,-2.213000
275.505000,4.372000
124.813000,-1.640000
288.629000,2.865000
133.463000,-0.651000
241.834000,-1.733000
114.937000,5.259000
94.477000,-1.644000
221.927000,-4.660000
52.196000,-4.591000
35.206000,1.448000
238.175000,0.651000
61.338000,-0.995000
35.856000,-2.161000
122.391000,6.630000
106.225000,-1.838000
298.471000,6.912000
184.183000,8.350000
251.868000,-1.045000
281.272000,-3.095000
297.956000,-1.130000
216.934000,4.640000
297.026000,-0.539000
204.422000,-2.520000
286.062000,-4.504000
200.197000,5.668000
68.119000,-1.020000
161.781000,-4.805000
275.489000,6.166000
195.644000,2.510000
120.981000,1.737000
188.907000,4.293000
61.720000,-3.103000
204.733000,-3.802000
301.146000,4.384000
238.373000,8.140000
238.512000,-0.398000
86.182000,-3.545000
276.027000,7.169000
215.758000,5.349000
154.324000,1.948000
84.724000,5.960000
157.235000,3.840000
302.207000,6.089000
132.443000,-0.296000
258.629000,8.020000
272.523000,4.675000
264.414000,9.077000
162.796000,2.158000
203.962000,0.500000
179.210000,2.341000
41.604000,1.138000
300.678000,8.311000
148.695000,-4.605000
225.256000,2.118000
273.028000,8.100000
281.515000,6.951000
5.125000,2.604000
250.445000,-4.131000
263.422000,4.434000
203.905000,5.016000
280.858000,2.465000
168.899000,2.636000
88.057000,6.649000
200.233000,3.583000
113.943000,5.711000
277.665000,-4.069000
81.300000,-1.365000
8.180000,5.343000
242.939000,2.405000
159.352000,5.769000
88.162000,3.889000
32.671000,-4.110000
270.933000,-0.765000
233.959000,-1.448000
50.781000,-4.665000
197.306000,4.620000
245.885000,0.460000
194.468000,2.295000
206.791000,-3.055000
166.502000,4.933000
192.974000,-3.855000
262.240000,2.941000
121.117000,0.401000
68.462000,2.179000
201.321000,-2.187000
66.050000,7.091000
75.619000,-3.143000
33.965000,-0.384000
127.117000,4.400000
47.771000,3.753000
279.216000,-4.267000
258.781000,5.460000
261.572000,6.170000
2.981000,1.477000
145.383000,6.484000
104.951000,0.156000
13.525000,3.370000
63.437000,2.332000
34.302000,2.255000
242.198000,1.280000
92.093000,6.600000
77.106000,2.889000
244.501000,-2.530000
262.708000,0.938000
271.875000,5.771000
304.796000,-3.615000
196.538000,-4.435000
194.400000,4.610000
73.141000,9.064000
135.352000,-2.085000
263.285000,6.349000
103.842000,-4.450000
4.590000,7.410000
254.490000,2.677000
34.850000,-3.228000
254.462000,1.575000
255.445000,6.960000
206.771000,3.450000
166.293000,2.711000
163.974000,2.647000
221.811000,7.051000
313.538000,-0.155000
144.495000,5.540000
291.148000,2.904000
71.010000,7.449000
217.886000,2.602000
109.590000,-2.851000
299.227000,-4.247000
44.903000,0.393000
151.543000,-0.450000
212.952000,-1.520000
111.661000,-2.894000
190.423000,-0.197000
73.541000,-0.413000
272.489000,2.239000
257.981000,8.948000
163.917000,9.215000
29.608000,-2.645000
34.980000,8.930000
186.199000,-4.080000
70.152000,3.300000
242.496000,0.129000
263.940000,2.281000
191.818000,8.220000
281.543000,9.000000
161.964000,2.945000
309.319000,1.089000
221.708000,2.844000
164.229000,3.829000
238.587000,5.689000
239.023000,3.828000
241.295000,4.112000
233.048000,5.750000
240.084000,3.760000
235.136000,-3.740000
111.709000,-1.782000
313.607000,1.222000
276.694000,9.172000
196.460000,1.635000
309.135000,5.480000
97.853000,-2.630000
63.414000,-4.889000
199.500000,9.036000
302.938000,-3.969000
145.725000,-5.043000
166.774000,9.187000
237.819000,-2.587000
308.117000,-3.636000
148.817000,3.238000
20.290000,-0.824000
253.714000,-4.628000
171.718000,-0.863000
151.737000,-1.813000
311.042000,2.025000
310.076000,4.140000
137.053000,-3.220000
71.943000,6.700000
203.261000,-2.230000
242.128000,3.035000
251.959000,2.737000
171.916000,7.060000
282.192000,8.058000
239.238000,8.220000
134.520000,7.992000
280.388000,0.920000
18.952000,7.780000
138.190000,6.920000
37.096000,7.734000
149.944000,1.318000
245.004000,-3.362000
84.465000,-1.833000
284.335000,6.809000
290.714000,-3.478000
52.952000,6.107000
69.352000,-1.309000
196.625000,6.597000
219.911000,8.127000
87.695000,5.115000
295.709000,2.085000
22.071000,-3.138000
236.339000,3.080000
256.695000,6.660000
235.257000,5.360000
293.333000,8.620000
91.133000,-4.655000
107.562000,5.180000
86.185000,-2.113000
187.981000,5.040000
96.411000,5.463000
184.114000,-5.135000
72.038000,8.888000
171.254000,-3.195000
289.009000,8.666000
312.975000,-4.985000
293.708000,5.060000
127.371000,6.974000
176.213000,-4.803000
226.488000,2.471000
72.770000,2.878000
96.286000,7.290000
307.917000,-4.744000
290.971000,4.120000
310.544000,3.033000
32.908000,7.931000
79.124000,3.100000
300.747000,2.735000
44.564000,-0.931000
276.482000,-3.012000
248.147000,6.156000
299.989000,-1.947000
211.949000,8.191000
201.377000,-0.745000
184.371000,-1.146000
64.449000,6.950000
300.567000,-0.945000
309.105000,6.510000
19.048000,-0.436000
21.957000,3.743000
6.301000,2.594000
234.287000,5.938000
232.638000,-5.072000
257.841000,6.972000
186.963000,6.141000
304.114000,-4.556000
227.276000,3.940000
261.358000,-0.940000
120.057000,6.820000
124.747000,2.970000
261.437000,-4.698000
106.863000,-4.952000
82.346000,-1.232000
255.800000,9.249000
72.403000,-4.838000
12.943000,-4.705000
133.790000,1.925000
213.086000,7.742000
52.203000,1.394000
182.986000,7.078000
262.208000,-1.214000
72.751000,-1.352000
291.237000,9.137000
119.752000,9.015000
99.240000,4.038000
48.371000,-3.946000
295.051000,-3.586000
231.500000,-1.920000
16.361000,-3.877000
19.375000,-4.853000
123.410000,9.040000
73.629000,7.640000
184.852000,1.725000
179.647000,8.120000
219.562000,9.360000
216.987000,5.616000
231.858000,9.021000
267.653000,3.886000
198.664000,8.092000
298.317000,-0.152000
4.686000,9.120000
49.629000,0.005000
265.676000,-0.785000
1.376000,-3.955000
245.645000,-4.457000
116.183000,6.967000
214.556000,6.867000
74.795000,3.573000
225.902000,-5.046000
105.892000,6.887000
245.698000,6.177000
269.940000,-3.344000
247.834000,5.180000
150.270000,6.126000
181.421000,-0.527000
275.581000,3.143000
306.334000,2.056000
9.105000,5.760000
216.783000,-3.871000
199.591000,4.540000
277.847000,6.908000
105.092000,-1.108000
23.007000,2.436000
214.218000,8.202000
25.460000,2.897000
144.642000,2.675000
104.667000,3.006000
218.220000,-3.933000
89.587000,-4.955000
113.958000,-1.651000
141.362000,7.540000
186.495000,5.300000
257.856000,4.740000
1.429000,-1.475000
147.173000,0.081000
310.282000,6.522000
109.280000,-1.898000
156.962000,7.820000
190.879000,-3.706000
149.382000,7.051000
122.771000,4.490000
57.143000,-5.040000
138.130000,4.976000
284.990000,-3.686000
264.476000,6.400000
179.144000,-4.690000
122.343000,8.931000
174.651000,-3.294000
274.366000,-1.291000
158.425000,5.892000
16.724000,6.660000
283.496000,-0.054000
20.637000,-4.941000
237.459000,6.172000
247.455000,-0.671000
174.183000,9.334000
135.895000,-3.224000
89.359000,8.751000
16.725000,-0.809000
248.856000,0.855000
61.448000,6.500000
74.683000,2.326000
114.339000,9.196000
90.610000,8.980000
173.280000,5.759000
191.951000,-3.338000
202.326000,-2.799000
247.752000,7.200000
201.641000,4.060000
66.933000,7.360000
311.687000,-4.895000
228.431000,4.986000
7.132000,7.120000
278.367000,5.496000
153.601000,5.128000
289.823000,-2.545000
102.486000,5.789000
52.297000,6.966000
239.820000,6.020000
18.248000,6.840000
287.248000,-0.045000
5.924000,9.071000
15.201000,1.150000
7.970000,1.546000
168.457000,3.589000
65.970000,4.946000
241.541000,-0.617000
300.500000,-4.220000
305.790000,7.860000
104.739000,-2.537000
256.306000,7.780000
192.007000,5.410000
259.108000,-0.713000
292.954000,-2.047000
23.144000,7.173000
309.395000,-2.976000
268.445000,0.272000
91.347000,-3.487000
122.589000,-0.126000
41.592000,6.820000
195.437000,1.426000
197.943000,-0.960000
313.381000,7.660000
131.301000,7.777000
244.186000,-3.978000
230.677000,9.320000
9.930000,1.167000
213.950000,9.360000
122.187000,3.086000
85.543000,7.160000
284.191000,8.918000
219.887000,-5.090000
274.914000,9.040000
115.886000,0.081000
26.462000,0.719000
134.431000,0.722000
305.303000,8.724000
169.705000,6.280000
205.953000,4.429000
232.615000,2.872000
38.127000,-2.953000
88.636000,-0.530000
149.933000,3.660000
12.938000,7.402000
227.143000,6.520000
229.377000,9.411000
237.226000,-4.919000
218.967000,4.752000
81.425000,-2.487000
38.390000,-4.080000
195.823000,-3.458000
196.943000,2.695000
275.820000,1.905000
303.934000,8.900000
284.411000,-4.513000
68.827000,6.549000
285.769000,6.625000
128.422000,7.913000
136.935000,-0.634000
88.719000,7.681000
126.049000,7.072000
230.304000,-0.034000
78.123000,2.908000
185.619000,6.260000
226.801000,1.643000
192.476000,9.199000
78.064000,8.880000
144.267000,6.930000
14.990000,3.740000
215.986000,-4.908000
140.693000,1.852000
274.028000,5.939000
202.381000,9.150000
36.511000,1.702000
26.392000,7.069000
261.070000,0.710000
236.062000,4.588000
33.280000,-3.013000
100.952000,5.800000
273.518000,-4.747000
211.116000,3.340000
23.641000,-1.634000
33.657000,5.780000
293.790000,7.340000
241.956000,7.960000
97.410000,8.010000
107.860000,7.517000
248.556000,-0.193000
229.155000,-3.328000
176.939000,-3.951000
190.057000,3.620000
103.804000,-1.974000
243.581000,9.260000
72.998000,6.689000
0.762000,2.260000
259.881000,5.649000
298.618000,5.880000
295.942000,-0.351000
80.126000,5.591000
105.467000,3.640000
292.042000,4.522000
25.023000,-4.750000
234.073000,-4.863000
183.495000,-1.767000
215.314000,7.770000
111.631000,-4.601000
198.095000,2.578000
96.773000,4.366000
246.642000,1.560000
278.953000,7.016000
189.619000,5.300000
47.022000,-4.010000
255.771000,-4.780000
200.058000,6.699000
99.264000,6.829000
50.885000,6.833000
122.549000,-3.824000
72.199000,2.135000
280.340000,8.949000
86.996000,9.030000
182.296000,9.240000
110.275000,1.590000
281.105000,5.769000
132.498000,7.238000
87.152000,5.918000
246.351000,7.168000
237.661000,9.171000
14.571000,8.962000
68.954000,1.135000
302.800000,8.741000
299.786000,0.135000
136.638000,7.000000
99.238000,-4.895000
5.977000,-4.910000
259.046000,-2.242000
154.590000,7.367000
193.439000,-1.678000
29.971000,-4.860000
160.832000,3.095000
277.686000,-2.926000
221.600000,5.094000
210.642000,-4.338000
1.692000,8.647000
203.409000,9.410000
215.113000,9.373000
266.060000,-3.845000
259.648000,-4.706000
293.112000,3.827000
176.238000,7.319000
178.404000,9.398000
68.448000,-2.095000
15.198000,2.115000
39.429000,7.440000
17.048000,-4.735000
20.705000,8.920000
31.360000,-4.926000
20.032000,8.377000
279.814000,0.001000
7.760000,7.586000
85.637000,1.325000
260.354000,1.735000
34.944000,0.268000
266.934000,6.960000
309.381000,7.609000
304.648000,6.600000
312.690000,6.531000
247.547000,9.300000
150.600000,-3.665000
60.898000,2.929000
114.225000,8.077000
255.955000,-2.609000
194.161000,8.181000
263.914000,5.116000
236.025000,1.865000
200.716000,-4.590000
207.276000,6.107000
248.267000,3.889000
305.329000,-5.062000
149.826000,2.410000
302.971000,-5.116000
287.823000,6.813000
58.451000,1.305000
116.067000,-4.510000
236.570000,-2.161000
109.143000,1.994000
142.162000,-5.105000
205.410000,-4.885000
213.513000,1.662000
110.171000,8.984000
143.418000,-5.105000
130.596000,4.043000
126.001000,4.778000
28.107000,-4.908000
309.943000,2.110000
204.884000,4.206000
274.571000,5.140000
279.748000,3.180000
214.423000,2.319000
137.978000,9.310000
309.170000,-4.290000
268.518000,1.253000
222.419000,6.110000
301.981000,7.320000
264.919000,-1.685000
253.130000,8.979000
55.212000,6.801000
167.305000,8.371000
181.026000,-4.794000
88.277000,8.954000
287.678000,3.711000
101.524000,4.780000
217.916000,6.774000
297.608000,5.280000
183.018000,8.415000
185.327000,-4.822000
65.338000,0.521000
22.390000,1.571000
116.484000,8.940000
148.838000,4.531000
101.640000,6.551000
197.628000,3.560000
65.661000,2.347000
129.524000,4.860000
240.664000,5.001000
288.788000,-4.329000
222.866000,4.851000
242.748000,-0.887000
41.905000,8.981000
134.750000,-0.485000
22.795000,-4.685000
231.355000,-3.125000
147.557000,7.801000
87.688000,8.060000
14.006000,7.047000
175.733000,6.300000
276.656000,3.643000
244.355000,4.380000
255.339000,4.414000
140.171000,8.150000
310.529000,-5.104000
11.382000,7.877000
194.208000,-0.598000
139.266000,9.301000
114.479000,-2.487000
162.817000,-4.999000
165.437000,9.123000
98.705000,9.041000
15.649000,7.110000
170.210000,4.951000
2.468000,8.510000
246.084000,9.087000
32.162000,-2.816000
306.210000,8.789000
285.228000,7.640000
39.762000,8.960000
261.297000,3.730000
313.448000,3.290000
170.604000,9.432000
21.829000,8.660000
230.502000,-1.080000
17.506000,0.125000
240.681000,-1.554000
100.467000,-1.852000
0.440000,-5.037000
263.528000,-1.775000
294.882000,0.389000
62.103000,7.808000
250.057000,1.633000
193.638000,6.920000
25.408000,7.358000
297.288000,6.300000
262.881000,2.052000
272.990000,6.094000
218.789000,-4.818000
23.228000,8.936000
58.990000,6.590000
31.116000,6.869000
230.872000,5.544000
240.512000,-0.505000
41.994000,2.258000
159.276000,9.200000
56.495000,9.000000
127.429000,9.260000
149.943000,9.300000
241.868000,-4.988000
157.949000,9.280000
31.548000,3.456000
245.047000,5.128000
13.948000,-2.850000
108.722000,9.010000
40.620000,7.769000
217.733000,7.924000
6.925000,4.682000
0.713000,7.020000
136.173000,8.115000
60.789000,7.939000
223.743000,-3.738000
193.617000,9.205000
234.351000,8.971000
159.965000,5.150000
45.690000,-0.320000
65.534000,6.120000
96.944000,6.356000
195.197000,8.547000
146.162000,8.130000
17.962000,-1.080000
37.444000,-4.945000
117.587000,9.007000
169.346000,-2.244000
37.858000,8.970000
148.838000,9.307000
85.817000,3.882000
130.266000,0.083000
124.484000,7.736000
313.548000,-2.753000
172.674000,-4.900000
32.514000,8.898000
200.749000,0.220000
131.314000,9.270000
198.579000,9.168000
216.859000,6.857000
166.390000,-4.997000
123.191000,7.895000
278.932000,8.903000
70.361000,-5.045000
312.814000,0.652000
64.906000,1.627000
13.845000,-3.999000
279.194000,4.917000
286.834000,3.250000
259.048000,-3.420000
191.326000,9.413000
267.542000,1.862000
128.857000,-5.065000
163.105000,3.380000
39.540000,-4.658000
217.202000,-0.556000
90.325000,-3.928000
217.705000,9.204000
1.854000,-0.161000
51.078000,5.004000
185.756000,8.057000
248.994000,-5.074000
121.322000,9.032000
211.480000,-0.208000
65.956000,8.974000
189.497000,7.285000
280.940000,3.554000
99.754000,5.620000
158.350000,8.152000
292.090000,-1.304000
135.912000,9.228000
79.406000,8.818000
162.546000,9.140000
47.823000,8.931000
233.386000,4.735000
36.095000,8.920000
257.045000,8.630000
295.726000,-4.519000
262.794000,-4.821000
260.541000,-3.944000
294.861000,5.665000
278.460000,7.740000
302.189000,4.936000
308.756000,2.073000
11.752000,7.120000
44.933000,7.713000
49.657000,6.789000
266.389000,1.810000
150.865000,2.140000
278.935000,0.615000
223.556000,-1.477000
51.141000,8.975000
85.865000,-4.919000
204.151000,-4.631000
80.194000,8.030000
70.008000,7.448000
29.057000,8.922000
61.838000,9.011000
86.124000,9.031000
3.610000,3.856000
199.688000,-5.157000
154.171000,9.310000
259.877000,7.769000
183.933000,9.411000
36.189000,-4.597000
67.008000,5.020000
188.611000,-5.093000
171.581000,9.010000
177.596000,-4.947000
192.990000,7.800000
121.917000,7.556000
119.485000,8.030000
118.222000,8.035000
263.021000,-2.667000
104.065000,8.761000
108.892000,7.996000
313.893000,4.210000
19.276000,-1.548000
126.713000,-4.303000
177.845000,7.091000
257.844000,6.096000
281.830000,-4.270000
150.809000,7.095000
124.648000,9.124000
280.133000,5.900000
101.506000,-4.932000
190.770000,-5.070000
120.743000,7.700000
67.273000,8.954000
18.895000,8.890000
178.400000,4.760000
163.581000,-4.960000
110.015000,5.120000
278.514000,-5.122000
173.269000,9.174000
234.343000,4.688000
266.303000,-5.091000
107.854000,8.940000
38.201000,7.982000
272.381000,-0.785000
113.283000,9.156000
262.800000,7.948000
288.138000,9.110000
136.908000,9.273000
47.010000,4.540000
105.292000,4.783000
175.067000,8.030000
84.762000,8.980000
238.543000,9.030000
189.749000,9.383000
201.757000,-4.795000
248.933000,4.760000
155.759000,7.967000
152.190000,9.360000
43.183000,6.990000
180.633000,7.973000
147.869000,9.283000
50.472000,5.857000
137.505000,7.831000
143.276000,9.300000
187.505000,9.390000
196.717000,-2.646000
170.503000,7.271000
169.267000,7.280000
306.129000,-3.893000
98.660000,8.005000
0.249000,6.188000
64.890000,9.023000
133.143000,9.280000
81.000000,8.970000
57.492000,0.710000
78.838000,7.820000
297.669000,4.056000
263.555000,9.005000
232.374000,7.010000
181.159000,9.299000
298.371000,8.305000
85.873000,8.167000
301.695000,-4.987000
289.517000,-3.707000
145.291000,9.303000
293.191000,6.300000
276.622000,-4.061000
18.019000,8.801000
272.578000,7.048000
44.362000,8.961000
58.095000,8.990000
147.087000,9.311000
5.296000,-0.760000
230.260000,-3.489000
102.826000,8.940000
129.875000,9.281000
128.788000,9.248000
141.847000,9.265000
32.957000,-5.072000
260.888000,7.753000
60.057000,8.991000
236.409000,-4.470000
261.565000,9.015000
180.227000,9.359000
51.687000,6.000000
195.388000,9.409000
118.672000,8.914000
90.031000,7.711000
254.811000,-4.800000
53.381000,8.971000
273.703000,7.081000
299.715000,7.861000
297.561000,8.671000
200.594000,4.349000
140.796000,-5.125000
33.874000,8.443000
216.569000,7.921000
117.219000,7.660000
125.422000,9.234000
16.248000,8.881000
115.306000,9.011000
94.661000,-5.016000
211.653000,-5.039000
310.363000,9.000000
290.975000,1.878000
296.183000,8.376000
177.076000,9.382000
276.032000,-5.110000
26.046000,8.905000
40.564000,8.945000
63.257000,8.971000
81.783000,9.025000
83.116000,9.025000
91.916000,9.025000
93.193000,9.025000
94.335000,9.025000
96.278000,9.025000
97.516000,9.025000
100.331000,9.025000
111.631000,9.025000
132.107000,9.305000
140.640000,9.285000
151.345000,9.305000
154.945000,9.325000
175.074000,9.385000
176.046000,9.365000
69.382000,-5.043000
30.424000,8.920000
115.132000,8.067000
133.460000,7.920000
110.543000,-5.100000
31.670000,7.954000
70.863000,8.662000
57.181000,7.691000
296.961000,7.571000
264.601000,4.371000
228.242000,-5.134000
144.388000,9.330000
111.543000,7.965000
40.661000,-5.125000
68.218000,7.693000
145.251000,8.133000
230.490000,-2.329000
95.222000,7.948000
177.251000,8.099000
190.003000,6.203000
46.297000,7.778000
226.289000,4.609000
286.924000,6.848000
164.726000,8.139000
93.829000,7.795000
148.514000,7.858000
100.654000,6.943000
188.565000,9.400000
235.267000,-4.873000
90.914000,8.050000
113.273000,8.090000
138.996000,-5.155000
279.574000,7.850000
159.146000,-5.043000
173.913000,7.927000
0.752000,9.437000
27.673000,8.879000
187.361000,7.969000
208.751000,-5.209000
51.396000,8.129000
106.076000,8.600000
4.939000,-5.215000
30.153000,7.778000
142.473000,8.074000
167.563000,-5.108000
162.750000,8.204000
166.120000,8.310000
83.912000,6.819000
294.457000,6.787000
190.579000,8.305000
92.604000,-5.234000
120.153000,-5.212000
81.594000,7.523000
168.735000,8.253000
297.868000,-5.223000
27.203000,7.721000
102.231000,7.722000
138.263000,8.148000
126.051000,-5.109000
306.761000,9.805000
28.971000,7.570000
9.448000,-5.191000
178.553000,8.139000
314.142000,-0.740000
314.026000,-1.505000
75.186000,-5.280000
281.010000,7.940000
172.658000,8.332000
18.174000,-5.116000
8.261000,-5.169000
59.946000,7.924000
188.366000,7.875000
55.984000,-5.155000
54.603000,7.857000
277.278000,-5.119000
92.735000,7.652000
209.767000,7.295000
62.257000,-5.238000
1.162000,-2.565000
0.300000,-3.200000
0.552000,3.980000
0.206000,1.699000
1.368000,2.021000
1.638000,4.600000
1.638000,5.620000
1.676000,7.260000
20.590000,6.100000
24.324000,7.740000
23.905000,8.760000
24.819000,8.780000
17.086000,8.400000
16.381000,7.760000
17.581000,7.720000
15.238000,8.280000
13.810000,8.240000
6.914000,8.620000
3.810000,8.600000
0.305000,8.300000
21.943000,7.500000
31.486000,8.980000
41.943000,7.860000
43.790000,7.960000
43.371000,8.940000
45.810000,8.840000
47.371000,7.820000
49.505000,9.000000
48.914000,7.840000
50.324000,7.880000
52.362000,9.060000
53.314000,7.880000
52.400000,8.080000
63.657000,7.960000
65.124000,7.940000
55.924000,7.860000
55.276000,8.920000
58.362000,7.860000
68.324000,9.160000
69.829000,8.680000
82.971000,7.840000
101.524000,8.920000
105.048000,8.260000
106.762000,7.780000
130.025000,-4.645000
125.505000,8.160000
126.648000,8.380000
134.457000,9.120000
110.210000,8.020000
149.905000,8.420000
151.181000,8.180000
152.381000,8.240000
153.314000,9.260000
156.343000,9.220000
143.676000,8.100000
138.254000,-3.069000
169.714000,8.340000
171.219000,8.140000
185.181000,9.200000
186.343000,9.240000
196.152000,9.080000
197.124000,8.680000
194.524000,-1.810000
258.876000,9.080000
260.457000,9.000000
275.215000,1.215000
276.895000,1.380000
303.600000,-6.230000
10.533000,-7.310000
81.848000,-5.459000
82.057000,-7.930000
153.333000,-6.070000
108.158000,-6.858000
233.628000,-7.121000
15.962000,-8.090000
286.971000,-5.500000
77.496000,-5.420000
16.505000,-5.426000
146.071000,-7.315000
52.800000,-5.900000
113.911000,-7.703000
147.200000,-7.870000
193.044000,-7.839000
43.440000,-8.930000
42.262000,-5.464000
13.886000,-5.500000
151.981000,-5.598000
6.781000,-8.299000
103.143000,-8.050000
78.211000,-6.730000
125.471000,-7.018000
214.305000,-6.850000
268.655000,-6.826000
9.905000,-8.580000
150.661000,-5.617000
197.352000,-5.422000
104.362000,-7.590000
209.571000,-6.420000
87.914000,-8.350000
78.533000,-8.381000
283.314000,-6.590000
268.648000,-8.128000
32.106000,-6.100000
273.898000,-8.256000
118.351000,-5.893000
65.429000,-7.930000
4.409000,-6.541000
266.457000,-1.810000
84.571000,-6.919000
171.215000,-5.471000
99.448000,-6.250000
14.799000,-8.359000
133.873000,-7.675000
202.914000,-8.230000
230.829000,-5.328000
28.133000,-6.240000
51.524000,-8.110000
55.451000,-8.377000
144.109000,-6.744000
108.062000,-8.183000
3.653000,-5.413000
66.819000,-6.470000
131.029000,-5.479000
24.190000,-5.643000
168.095000,-7.690000
260.293000,-7.105000
246.095000,-7.150000
8.381000,-6.330000
125.057000,-5.789000
131.943000,-7.619000
232.613000,-6.333000
188.552000,-7.900000
14.152000,-6.930000
68.038000,-8.190000
47.590000,-7.590000
34.990000,-6.779000
200.095000,-7.910000
86.457000,-6.070000
272.610000,-8.138000
301.837000,-7.400000
33.961000,-7.704000
148.387000,-7.917000
175.390000,-7.170000
102.189000,-6.775000
234.880000,-6.012000
77.476000,-7.599000
224.857000,-5.639000
157.029000,-6.390000
159.656000,-8.140000
164.154000,-8.050000
35.430000,-5.569000
148.019000,-5.550000
276.772000,-6.418000
211.029000,-7.010000
160.675000,-7.870000
83.486000,-7.790000
12.216000,-5.783000
96.229000,-6.709000
28.762000,-8.483000
218.429000,-8.361000
100.971000,-6.270000
103.359000,-6.976000
57.898000,-7.514000
44.904000,-5.590000
45.429000,-6.905000
26.962000,-8.130000
122.363000,-6.882000
244.800000,-4.970000
302.438000,-6.590000
303.356000,-7.457000
119.524000,-6.510000
108.201000,-5.450000
46.857000,-8.530000
42.648000,-6.810000
160.628000,-5.571000
49.486000,-6.970000
62.072000,-8.295000
132.323000,-5.610000
196.595000,-6.548000
252.114000,-8.230000
97.727000,-7.884000
51.580000,-5.787000
87.981000,-5.990000
62.602000,-6.966000
161.190000,-6.916000
22.245000,-8.179000
201.276000,-8.030000
30.400000,-5.990000
69.971000,-8.320000
144.869000,-7.763000
275.014000,-7.418000
172.248000,-7.550000
20.296000,-7.214000
142.243000,-7.477000
177.742000,-8.090000
76.044000,-7.870000
127.050000,-5.350000
98.630000,-7.081000
112.575000,-5.516000
89.195000,-5.856000
162.147000,-7.843000
68.419000,-5.918000
144.513000,-5.476000
195.333000,-7.970000
252.743000,-5.530000
121.048000,-6.051000
32.610000,-7.210000
111.371000,-8.470000
43.419000,-5.480000
258.819000,-5.630000
80.362000,-6.260000
22.834000,-6.101000
275.077000,-8.760000
75.643000,-6.666000
307.086000,-6.810000
270.419000,-5.802000
56.449000,-7.470000
151.905000,-6.700000
216.425000,-5.827000
52.114000,-7.060000
169.835000,-5.904000
239.467000,-6.920000
170.933000,-8.141000
165.302000,-6.008000
33.774000,-6.384000
4.388000,-7.830000
96.590000,-8.179000
237.029000,-8.258000
194.267000,-7.370000
186.190000,-5.498000
48.819000,-5.599000
129.105000,-6.890000
191.829000,-8.770000
159.890000,-6.808000
109.226000,-5.783000
84.788000,-8.244000
221.717000,-6.774000
39.829000,-5.950000
217.990000,-7.230000
219.219000,-7.022000
46.118000,-5.690000
91.562000,-6.371000
11.783000,-7.180000
97.247000,-5.270000
65.924000,-5.580000
131.600000,-6.456000
20.702000,-8.492000
106.883000,-8.784000
266.154000,-8.483000
112.292000,-6.737000
174.152000,-5.530000
29.867000,-7.250000
182.686000,-6.570000
11.453000,-8.423000
156.038000,-6.910000
174.229000,-9.170000
28.563000,-7.510000
187.448000,-5.500000
58.952000,-7.190000
201.162000,-6.810000
94.952000,-6.248000
155.286000,-7.908000
127.730000,-6.997000
52.685000,-8.280000
149.799000,-7.311000
158.426000,-6.340000
211.362000,-8.190000
214.009000,-5.690000
260.629000,-5.650000
136.405000,-7.706000
180.020000,-5.650000
195.242000,-6.838000
99.990000,-7.551000
78.933000,-5.680000
197.628000,-8.090000
182.461000,-8.042000
92.190000,-7.481000
148.714000,-6.761000
225.952000,-6.389000
105.505000,-8.150000
74.304000,-6.525000
135.247000,-5.340000
105.695000,-5.861000
253.357000,-7.571000
258.914000,-6.990000
117.124000,-5.362000
90.800000,-7.480000
126.686000,-6.730000
172.702000,-6.350000
139.867000,-5.950000
142.941000,-6.148000
57.018000,-8.568000
274.210000,-6.440000
165.347000,-7.464000
116.253000,-7.553000
41.801000,-7.270000
11.074000,-6.125000
53.385000,-7.397000
129.752000,-8.020000
81.499000,-6.617000
23.563000,-8.394000
87.263000,-7.189000
288.240000,-7.474000
275.559000,-6.262000
59.133000,-8.550000
95.186000,-7.347000
26.701000,-5.490000
145.382000,-6.290000
264.699000,-5.291000
187.654000,-6.641000
39.339000,-7.988000
272.564000,-5.611000
121.886000,-8.020000
243.028000,-7.059000
63.381000,-6.251000
102.286000,-8.570000
241.873000,-7.175000
137.692000,-7.737000
41.110000,-6.296000
184.962000,-6.959000
154.152000,-8.781000
50.343000,-5.810000
25.058000,-8.280000
251.562000,-5.850000
128.400000,-5.970000
277.381000,-7.541000
178.475000,-5.670000
117.397000,-8.038000
110.220000,-7.792000
307.562000,-5.750000
242.743000,-5.759000
167.029000,-8.510000
64.267000,-7.190000
208.742000,-8.240000
95.766000,-5.342000
124.781000,-8.150000
304.982000,-6.270000
183.638000,-7.470000
120.133000,-7.650000
106.857000,-7.330000
132.952000,-6.730000
282.676000,-5.340000
237.637000,-5.814000
217.116000,-8.210000
45.200000,-8.381000
3.288000,-7.144000
289.439000,-5.360000
176.249000,-8.150000
292.139000,-8.519000
307.965000,-7.775000
191.298000,-7.642000
24.286000,-7.091000
135.257000,-7.850000
155.246000,-5.536000
70.693000,-6.140000
2.032000,-8.243000
153.181000,-7.650000
5.553000,-6.190000
234.514000,-8.270000
15.733000,-9.410000
149.486000,-5.901000
115.059000,-7.353000
113.562000,-6.399000
194.295000,-5.389000
109.219000,-8.220000
133.801000,-6.025000
283.970000,-7.731000
122.485000,-5.673000
190.076000,-7.990000
121.067000,-7.139000
98.200000,-5.530000
82.819000,-9.170000
284.774000,-6.638000
231.524000,-6.880000
19.429000,-8.280000
5.352000,-8.730000
289.969000,-9.850000
130.404000,-6.890000
6.800000,-6.710000
130.838000,-7.979000
55.002000,-5.379000
30.513000,-8.241000
79.633000,-7.016000
263.442000,-6.003000
310.468000,-8.531000
190.838000,-6.441000
146.027000,-8.662000
34.119000,-5.181000
83.796000,-6.230000
70.410000,-7.210000
37.786000,-7.690000
115.989000,-5.970000
72.012000,-5.677000
19.045000,-7.024000
89.979000,-6.808000
82.610000,-6.630000
150.273000,-9.145000
276.204000,-7.519000
291.105000,-5.601000
89.543000,-7.980000
92.799000,-6.639000
237.173000,-7.025000
279.595000,-7.227000
269.965000,-8.420000
246.971000,-8.162000
189.733000,-5.790000
313.063000,-8.223000
105.552000,-6.830000
30.880000,-9.482000
240.982000,-5.857000
143.420000,-7.950000
27.048000,-6.942000
276.705000,-8.510000
221.362000,-8.044000
247.985000,-5.714000
51.029000,-6.801000
277.981000,-6.281000
243.570000,-8.231000
219.752000,-8.122000
12.906000,-7.060000
267.257000,-8.270000
313.057000,-7.130000
193.486000,-6.410000
208.196000,-6.337000
36.642000,-8.177000
185.953000,-7.792000
181.322000,-6.062000
293.871000,-7.448000
37.924000,-6.150000
287.422000,-6.782000
261.429000,-7.090000
38.724000,-5.310000
139.288000,-7.129000
44.000000,-6.533000
271.326000,-8.150000
184.601000,-8.490000
117.140000,-6.555000
147.448000,-6.610000
231.112000,-9.447000
250.533000,-5.283000
186.419000,-6.610000
203.333000,-9.470000
231.752000,-8.010000
48.237000,-9.356000
305.728000,-7.382000
178.066000,-7.000000
80.906000,-7.677000
221.343000,-5.665000
280.761000,-6.301000
255.590000,-6.830000
295.800000,-8.540000
308.476000,-6.610000
229.524000,-7.170000
6.977000,-5.543000
281.829000,-8.410000
123.591000,-5.990000
289.585000,-7.210000
198.779000,-7.210000
215.426000,-6.644000
164.469000,-6.756000
169.533000,-7.910000
309.223000,-7.362000
137.181000,-6.490000
279.266000,-8.550000
46.867000,-6.575000
284.800000,-8.610000
137.714000,-5.570000
161.992000,-5.930000
123.943000,-7.110000
64.637000,-6.030000
291.010000,-7.170000
196.544000,-7.721000
203.382000,-6.563000
15.690000,-6.519000
173.745000,-6.970000
272.763000,-9.503000
63.338000,-8.071000
227.338000,-8.317000
296.495000,-5.375000
123.085000,-7.891000
86.560000,-8.093000
71.205000,-8.319000
253.210000,-9.490000
311.524000,-7.040000
278.057000,-8.550000
166.667000,-6.070000
212.592000,-9.250000
157.552000,-5.459000
46.229000,-7.694000
222.585000,-5.972000
233.706000,-5.981000
65.496000,-6.870000
248.791000,-6.779000
52.344000,-9.537000
164.000000,-5.670000
244.119000,-6.258000
54.076000,-6.301000
60.705000,-8.918000
118.896000,-8.112000
12.829000,-8.462000
104.457000,-6.200000
269.962000,-6.977000
101.296000,-7.699000
44.244000,-7.654000
85.295000,-5.821000
17.895000,-6.448000
247.466000,-7.179000
230.400000,-6.610000
40.590000,-8.190000
73.617000,-5.590000
36.207000,-6.959000
253.200000,-1.670000
252.266000,-6.777000
236.381000,-5.460000
217.797000,-9.557000
293.848000,-5.640000
72.929000,-6.628000
308.888000,-8.650000
76.989000,-6.637000
258.533000,-8.190000
106.924000,-6.470000
254.761000,-9.363000
261.029000,-8.450000
291.896000,-6.250000
285.534000,-5.457000
169.042000,-6.858000
9.924000,-6.350000
104.475000,-9.090000
230.489000,-8.135000
204.267000,-7.970000
289.505000,-8.490000
135.010000,-9.091000
25.647000,-6.390000
284.152000,-5.460000
176.324000,-6.190000
112.857000,-7.800000
227.960000,-6.635000
197.695000,-6.810000
222.288000,-8.089000
166.756000,-7.197000
22.654000,-9.466000
118.218000,-7.009000
295.336000,-7.535000
129.800000,-5.870000
60.476000,-5.601000
296.971000,-8.350000
90.459000,-5.758000
47.908000,-6.339000
244.933000,-8.270000
213.276000,-8.006000
16.914000,-7.210000
170.391000,-6.976000
38.971000,-6.773000
38.095000,-8.570000
235.691000,-7.949000
138.371000,-6.371000
57.029000,-6.320000
99.143000,-8.390000
109.314000,-7.001000
282.000000,-6.570000
262.210000,-8.310000
31.494000,-7.350000
154.426000,-7.041000
274.857000,-5.470000
85.727000,-6.941000
55.775000,-6.478000
179.284000,-7.970000
140.694000,-7.000000
39.758000,-9.367000
269.324000,-5.450000
9.122000,-9.564000
210.404000,-5.732000
42.581000,-9.920000
142.076000,-8.959000
136.425000,-5.606000
279.362000,-6.302000
233.090000,-8.275000
263.457000,-8.270000
192.369000,-6.661000
207.177000,-6.557000
288.388000,-5.618000
207.988000,-7.716000
293.390000,-8.442000
97.593000,-6.650000
286.152000,-6.630000
29.623000,-9.226000
21.665000,-7.250000
20.095000,-9.510000
79.900000,-8.334000
40.216000,-6.997000
21.695000,-5.530000
67.762000,-7.070000
20.961000,-6.296000
128.485000,-7.850000
271.636000,-6.224000
213.162000,-6.430000
290.258000,-6.310000
18.403000,-8.078000
35.333000,-8.010000
294.477000,-6.530000
205.608000,-6.270000
303.790000,-8.559000
175.124000,-5.890000
201.905000,-5.920000
214.275000,-8.162000
93.992000,-8.594000
163.341000,-7.210000
171.130000,-9.263000
5.714000,-7.710000
36.781000,-5.821000
135.745000,-6.470000
255.238000,-8.181000
138.914000,-8.010000
235.410000,-9.300000
151.026000,-7.963000
3.304000,-8.402000
299.656000,-8.546000
150.783000,-6.848000
10.524000,-9.710000
61.558000,-6.271000
239.745000,-5.639000
292.726000,-9.649000
301.268000,-6.250000
188.737000,-6.398000
26.895000,-9.439000
251.439000,-7.283000
173.181000,-8.030000
238.724000,-8.250000
298.559000,-8.578000
229.572000,-5.890000
254.104000,-8.259000
61.308000,-7.277000
179.333000,-6.722000
216.534000,-7.160000
47.253000,-5.051000
114.762000,-5.862000
282.457000,-7.623000
132.857000,-8.300000
8.340000,-8.633000
7.619000,-7.559000
294.990000,-9.848000
29.447000,-5.931000
207.733000,-5.250000
311.495000,-8.150000
225.971000,-9.280000
248.422000,-8.101000
232.648000,-9.290000
256.354000,-4.731000
259.667000,-3.430000
205.441000,-7.963000
198.414000,-5.961000
73.597000,-7.563000
223.067000,-9.210000
93.844000,-7.318000
209.029000,-7.410000
236.059000,-6.556000
288.187000,-8.482000
180.895000,-7.890000
281.200000,-7.590000
242.064000,-8.291000
69.160000,-7.476000
305.407000,-8.380000
210.165000,-7.941000
64.533000,-9.090000
18.428000,-9.401000
131.695000,-9.140000
85.562000,-9.230000
48.705000,-8.090000
42.047000,-8.595000
268.027000,-5.457000
196.082000,-5.583000
163.506000,-9.287000
167.676000,-6.550000
259.737000,-8.279000
156.618000,-8.040000
266.190000,-7.411000
81.689000,-9.202000
212.322000,-7.230000
13.824000,-7.912000
256.459000,-8.094000
313.438000,-8.990000
8.866000,-7.625000
103.567000,-5.602000
14.990000,-5.590000
254.152000,-2.430000
226.246000,-7.833000
163.209000,-6.400000
228.360000,-7.686000
66.879000,-8.870000
257.118000,2.830000
234.969000,-7.249000
299.755000,-6.499000
34.593000,-9.048000
300.488000,-5.464000
220.754000,-9.436000
50.057000,-8.120000
266.772000,-6.250000
273.086000,-6.950000
181.600000,-7.480000
199.820000,-6.469000
239.408000,-9.366000
212.694000,-5.210000
10.695000,-5.030000
17.352000,-8.308000
120.948000,-9.174000
130.223000,-9.418000
246.533000,-9.590000
189.429000,-8.982000
149.306000,-8.172000
195.562000,-9.281000
67.006000,-7.612000
181.619000,-9.190000
223.168000,-7.124000
301.105000,-8.543000
168.541000,-5.764000
44.408000,-9.697000
202.404000,-7.148000
237.836000,-9.451000
155.392000,-9.146000
265.733000,-5.780000
174.368000,-7.937000
280.563000,-8.340000
172.587000,-9.195000
19.837000,-5.792000
295.676000,-6.379000
116.343000,-8.850000
60.343000,-6.750000
257.446000,-8.920000
229.390000,-8.470000
211.299000,-9.474000
14.071000,-9.805000
76.481000,-5.706000
265.410000,-7.430000
226.971000,-6.790000
271.025000,-9.197000
306.576000,-8.275000
217.790000,-5.970000
224.431000,-9.276000
162.076000,-9.170000
309.390000,-5.585000
245.143000,-6.490000
302.536000,-8.501000
141.662000,-6.197000
127.193000,-8.043000
158.599000,-7.627000
238.354000,-7.190000
32.142000,-9.461000
91.396000,-8.791000
185.214000,-5.870000
169.679000,-9.030000
292.442000,-5.369000
247.771000,-9.010000
262.800000,-1.139000
60.314000,-7.799000
224.673000,-6.883000
223.919000,-7.998000
53.732000,-9.576000
143.390000,-9.120000
178.370000,-9.050000
88.449000,-7.330000
225.154000,-7.930000
25.370000,-9.535000
296.646000,-7.111000
206.548000,-5.637000
257.044000,-5.731000
252.600000,2.810000
198.837000,-8.161000
183.936000,-6.488000
300.636000,-7.413000
207.874000,-9.204000
54.046000,-8.274000
95.473000,-8.851000
204.369000,-6.013000
233.943000,-9.500000
253.647000,-6.315000
197.089000,-9.158000
141.105000,-8.430000
147.301000,-9.183000
205.848000,-9.409000
304.533000,-7.519000
201.867000,-9.289000
292.352000,-7.644000
194.487000,-8.992000
290.522000,-8.565000
41.067000,-9.790000
213.873000,-9.503000
238.636000,-5.779000
297.504000,-6.370000
264.557000,-8.174000
215.739000,-8.036000
72.381000,-8.076000
59.261000,-5.858000
139.943000,-7.850000
102.606000,-5.515000
310.064000,-6.427000
33.439000,-8.821000
58.171000,-6.210000
35.909000,-9.304000
110.376000,-6.544000
93.886000,-6.290000
283.010000,-8.910000
75.093000,-9.247000
267.372000,-7.350000
185.761000,-9.077000
214.924000,-9.201000
262.895000,-9.490000
65.852000,-9.740000
2.065000,-7.150000
54.552000,-7.461000
80.476000,-9.350000
69.162000,-9.370000
129.005000,-9.006000
260.411000,-9.480000
235.029000,1.510000
177.338000,-6.230000
212.045000,-6.314000
175.638000,-9.051000
177.086000,-9.190000
42.914000,-7.930000
295.225000,-5.492000
305.994000,-6.147000
293.084000,-6.243000
254.798000,-5.977000
126.106000,-8.219000
69.511000,-6.358000
218.925000,-5.994000
281.333000,-5.470000
220.264000,-6.230000
246.990000,-6.412000
51.106000,-9.467000
109.228000,-9.439000
119.810000,-8.930000
220.555000,-7.246000
200.876000,-5.611000
7.209000,-9.640000
219.524000,-9.370000
152.057000,-8.270000
304.406000,-9.435000
249.457000,-8.560000
25.723000,-7.499000
294.680000,-8.626000
297.928000,-7.437000
249.593000,-5.977000
115.051000,-8.350000
257.937000,-6.450000
187.342000,-8.050000
134.526000,-6.770000
255.950000,-9.211000
306.804000,-9.403000
251.553000,-9.250000
183.371000,-9.030000
285.179000,-9.794000
313.368000,-6.327000
168.359000,-9.077000
137.771000,-9.180000
291.061000,-9.259000
221.954000,-9.468000
180.525000,-6.750000
257.627000,-7.515000
123.584000,-9.384000
189.722000,-6.884000
228.529000,-9.373000
259.799000,-6.234000
71.295000,-7.143000
293.848000,-9.830000
180.082000,-9.230000
72.552000,-9.190000
166.171000,-8.950000
288.705000,-9.522000
264.705000,-6.510000
240.774000,-7.164000
268.602000,-9.527000
244.321000,-7.190000
206.229000,-7.018000
157.062000,-9.062000
299.472000,-9.837000
206.656000,-8.109000
84.019000,-8.859000
112.148000,-8.543000
270.789000,-7.315000
298.518000,-6.478000
152.933000,-9.181000
111.026000,-7.260000
279.950000,-5.518000
186.876000,-9.137000
261.548000,-9.420000
245.896000,-5.751000
2.805000,-9.261000
100.316000,-8.957000
299.138000,-5.216000
31.748000,-8.538000
144.757000,-9.034000
54.977000,-9.462000
58.486000,-9.394000
245.974000,-8.370000
250.619000,-8.270000
246.915000,2.766000
256.533000,-2.750000
288.883000,-6.492000
286.785000,-7.590000
126.743000,-9.360000
200.679000,-9.164000
11.440000,-9.805000
0.267000,-6.370000
2.617000,-6.250000
89.088000,-9.236000
37.143000,-9.290000
239.670000,-8.152000
21.559000,-9.596000
49.127000,-9.325000
276.446000,1.775000
279.058000,-9.838000
61.819000,-9.850000
223.697000,-6.306000
160.867000,-9.267000
1.837000,-6.090000
268.626000,2.709000
151.489000,-9.450000
240.971000,-8.250000
216.298000,-9.109000
281.062000,-9.206000
286.407000,-9.472000
193.172000,-9.250000
1.409000,-8.949000
92.781000,-8.701000
191.874000,-5.727000
278.679000,-7.683000
305.778000,-9.630000
136.275000,-9.015000
283.905000,-9.410000
215.170000,-5.510000
312.460000,-5.982000
176.770000,-7.250000
127.806000,-9.264000
162.825000,-8.544000
204.723000,-6.900000
298.205000,-9.482000
209.780000,-8.950000
4.136000,-9.642000
77.368000,-8.918000
122.229000,-8.950000
199.474000,-8.973000
103.859000,-8.622000
310.558000,-7.516000
287.363000,-8.590000
241.711000,-9.372000
103.296000,-9.379000
87.848000,-9.361000
204.819000,-9.178000
269.829000,-9.843000
171.519000,-6.714000
74.916000,-7.963000
139.400000,-9.148000
67.738000,-9.555000
254.442000,-7.444000
125.182000,-9.425000
70.786000,-9.522000
188.261000,-9.125000
27.688000,-9.467000
262.830000,-7.250000
45.943000,-9.930000
28.773000,-9.584000
105.867000,-9.350000
227.276000,-9.400000
158.610000,-8.930000
308.124000,-8.946000
0.826000,-7.409000
208.971000,-9.028000
311.079000,-6.048000
255.824000,-5.909000
146.609000,-5.899000
108.063000,-9.365000
86.871000,-9.252000
309.641000,-9.827000
79.205000,-9.473000
243.271000,-9.358000
277.334000,-9.700000
256.667000,-6.715000
262.353000,-6.068000
203.200000,-5.419000
113.588000,-9.017000
263.896000,-7.323000
226.836000,-5.594000
111.369000,-6.049000
261.000000,2.991000
241.393000,2.805000
300.335000,-9.863000
134.095000,-9.198000
23.064000,-7.134000
285.438000,-7.414000
74.076000,-9.119000
198.351000,-9.593000
248.902000,-9.611000
117.305000,-9.319000
56.127000,-9.890000
308.577000,-9.959000
299.275000,-7.499000
118.295000,-9.462000
275.835000,-9.837000
277.474000,1.257000
97.670000,-9.130000
0.681000,-8.197000
314.129000,-7.337000
255.829000,2.989000
292.457000,2.991000
299.106000,2.990000
314.123000,-3.640000
63.276000,-9.270000
90.248000,-9.070000
157.410000,-7.550000
148.590000,-9.110000
190.590000,-9.130000
236.571000,-9.390000
250.667000,-6.490000
245.410000,-9.430000
259.067000,-9.290000
267.295000,-9.570000
264.190000,-9.610000
265.181000,-9.410000
273.962000,-9.530000
280.076000,-9.350000
282.819000,-9.510000
296.667000,-9.590000
271.905000,-7.310000
286.038000,-8.430000
