156.517100,0.000637
156.378000,1.117755
156.819200,-0.951543
157.967600,0.919379
155.500300,-0.064181
158.403000,-0.449209
155.383500,1.252662
155.386800,-1.034066
156.268800,-1.950327
153.585800,-1.574778
154.009100,-0.681219
154.825700,-2.361681
154.475500,0.230155
153.341400,0.819376
152.729400,-0.344976
153.946000,1.667320
152.794400,1.839975
154.245500,3.447159
153.371600,2.747283
154.860600,2.674723
156.275800,3.909368
154.773400,4.301433
156.071500,2.763370
157.892300,2.664849
157.804100,4.254131
159.571400,3.485300
157.005000,2.105516
158.934700,2.024739
160.339500,2.647316
160.423000,1.144079
159.756400,0.316781
160.954400,-1.199367
159.829700,-0.765538
161.381300,0.840277
159.011200,-1.470777
159.855900,-3.049716
157.721400,-2.466503
159.832500,-2.041787
157.931400,-1.496182
158.685000,-2.910821
157.227600,-3.596195
159.341400,-4.125346
158.413500,-4.722200
157.889000,-6.115990
157.440900,-5.197714
159.542200,-5.803432
160.387200,-4.422072
159.091000,-7.154689
161.392200,-6.272652
162.428600,-7.812784
161.296100,-8.014050
162.667700,-6.678897
160.239100,-7.166691
162.778000,-5.422175
161.451500,-4.526923
162.657200,-3.696014
161.787200,-3.080290
162.951900,-1.999798
160.922300,-2.186092
163.695100,-2.709559
164.781000,-2.034773
164.077300,-4.396098
164.815200,-3.525198
164.240500,-1.129145
163.825200,0.266115
165.016000,0.238941
162.464100,-0.895365
165.824300,-0.689708
165.875700,-1.892845
167.082800,-1.026250
166.140100,-3.310754
167.461400,-2.087049
167.760800,-3.720103
168.912800,-2.998428
168.091100,-1.222152
169.109800,-1.820044
169.705700,-0.863325
168.916400,0.115544
170.671900,-1.631617
170.317000,-3.250476
169.167600,-4.470154
171.307100,-3.872614
171.798500,-2.558626
171.320900,-4.912661
170.236500,-5.186204
170.794700,-6.819164
169.547200,-6.371822
171.908000,-5.698216
168.431900,-5.256284
166.580800,-4.957319
168.630300,-6.839957
166.779600,-5.939423
165.133600,-6.165110
166.949500,-7.210215
167.793200,-6.282009
165.474000,-4.675102
165.499100,-7.346313
165.365300,-9.198216
163.912200,-7.746051
163.959400,-6.644671
166.267300,-8.416377
168.048400,-7.859729
167.158300,-9.428168
164.383300,-8.610051
162.823100,-9.365977
161.414900,-9.267817
159.760600,-8.835816
158.709500,-8.515827
157.901800,-9.069134
158.034500,-7.563765
156.398200,-8.064178
154.548700,-8.537931
155.233400,-6.574877
156.647800,-6.437341
156.783800,-9.207696
155.509000,-9.248539
154.972600,-7.639390
153.258500,-7.302926
154.483300,-5.871940
153.300400,-8.458279
151.528400,-7.916384
151.705900,-9.076840
149.990500,-9.322806
150.338900,-8.401663
153.540800,-9.403996
148.584300,-9.005164
149.821600,-6.970798
151.175200,-6.901186
149.047500,-8.083185
147.939300,-7.884041
148.802800,-6.713458
147.594100,-5.967847
150.227800,-5.448628
149.101200,-5.277208
148.109000,-4.390474
149.616900,-3.681756
150.627900,-4.268772
151.536600,-3.071104
151.227400,-5.635804
152.356100,-4.223259
153.506700,-4.257749
153.027500,-2.986947
152.882300,-5.644573
154.256100,-4.889761
152.269200,-6.810672
154.564600,-3.865095
155.298500,-4.859296
156.260200,-4.222116
155.561100,-3.126538
154.008700,-3.015109
152.434100,-2.200037
151.393400,-2.003838
149.736000,-2.698040
149.783400,-1.222344
151.790900,-0.740174
150.767600,-0.494590
149.846100,1.112013
150.818200,0.549216
148.957900,-0.293217
151.953100,0.937211
151.479800,2.714300
150.788700,1.642809
150.046400,3.250472
149.238300,2.378749
148.271800,1.690835
147.353700,2.198532
148.314300,3.023219
148.660100,4.164142
148.882300,0.914612
147.735700,0.300349
145.937700,-0.362891
147.634400,-1.398838
146.790500,0.805549
144.976200,0.657040
145.416400,1.600156
146.386500,2.632820
146.616900,3.929809
145.043700,2.826635
145.562000,4.219655
144.467300,5.094680
145.793000,5.816949
144.124500,3.353645
146.823500,5.111258
148.132300,5.354840
147.643600,4.148840
147.468000,6.195533
148.569900,6.408445
147.037200,7.405558
149.247900,5.414919
148.391800,7.872139
145.837200,6.866276
146.023200,8.593138
144.365600,6.357671
145.084500,7.772345
145.147200,9.160442
144.124400,7.408534
143.827800,8.402306
142.962900,7.866465
141.925700,8.412842
143.320200,9.380892
142.926100,6.863450
142.144200,6.135506
142.276400,5.118205
141.698600,7.156851
141.161000,6.052810
140.966900,4.643648
140.148200,5.792633
140.263300,7.158362
139.359900,6.520492
138.378400,7.590645
139.007200,4.964878
139.322700,8.331955
138.185900,6.289271
136.952000,6.132051
137.536300,4.783707
137.241800,7.284503
137.813200,8.391790
136.102700,6.608939
136.299200,7.791176
136.245800,8.776291
134.891700,7.919682
134.380300,8.875017
132.603200,8.845985
133.595500,7.408558
135.326500,9.168123
137.136200,9.324583
138.956000,9.252790
140.191800,8.937845
133.207200,6.175146
132.359200,6.878716
134.825900,6.415384
132.179700,7.944129
131.440600,9.139647
130.774100,7.501761
133.487100,9.277641
131.145900,6.381178
129.693000,6.454189
130.847000,5.065267
129.921800,5.487217
132.190200,5.300051
131.175600,4.022085
132.487800,3.852587
134.104500,5.374916
133.107400,4.830876
133.929900,4.201053
133.339800,3.016991
133.834400,1.403557
135.006000,3.878975
134.914700,2.233709
131.880600,2.587078
132.859800,1.377463
131.009800,0.804174
132.557900,-0.260067
133.627400,-0.392913
133.721800,-1.713083
135.099000,0.074091
134.874100,-1.653321
132.224800,-1.530748
131.645400,-3.109171
130.931900,-0.544059
132.711200,-2.950715
130.616600,-2.621223
131.057100,-1.570539
129.493500,-2.312640
129.566200,-0.405945
128.273700,0.390118
130.077900,1.143855
128.380200,-0.712705
127.515400,-1.461146
130.003100,-1.308645
127.144700,0.256805
128.588400,-1.880309
126.442000,-0.760652
126.067400,0.963116
126.458300,-1.904066
124.850200,0.342712
125.458700,-1.914732
124.721900,-1.090664
124.246400,-2.518015
123.529800,-1.110772
123.607900,0.341444
122.193800,-0.085705
123.638900,1.734839
124.584100,1.979365
122.103700,1.544388
122.513200,-1.060583
122.708700,-2.042542
121.718000,-1.877452
121.304600,0.380700
121.192500,-0.590404
119.809300,-0.634331
120.768900,-2.294639
120.664500,1.132079
119.715200,-1.824555
119.557200,-2.903540
118.442700,-0.393927
118.402000,-1.798679
118.034300,-2.779705
120.387100,-3.439412
119.837600,-4.664839
121.855300,-4.306880
118.885600,-3.924655
121.722100,-3.203145
120.755100,-5.199843
122.386700,-5.590584
121.418300,-6.920315
120.428200,-6.473192
118.933000,-5.316097
119.310400,-6.471662
117.591500,-6.528091
119.944700,-8.155241
117.989400,-5.571173
118.830400,-7.607259
117.603400,-8.058159
119.650600,-9.201677
117.643500,-9.060425
118.604500,-8.763238
116.190900,-8.067697
116.083800,-9.247505
115.113000,-7.935442
114.806900,-9.052180
113.743900,-7.642761
113.532500,-8.692591
111.931200,-9.077644
112.473400,-7.244543
111.190500,-5.981865
110.759500,-7.318633
110.881500,-8.311241
113.525500,-5.787644
112.253300,-6.204109
111.485000,-4.925746
112.731600,-4.759851
112.331100,-3.364119
114.319100,-4.929599
113.640100,-3.063570
114.880500,-3.228407
113.755300,-1.679152
114.976800,-2.041068
112.028300,-2.192135
110.573800,-3.053929
110.773800,-1.086627
112.724100,-1.274687
111.351900,-3.672889
110.319100,-2.044500
109.435700,-3.732406
109.109200,-2.198112
109.346900,-1.250785
108.322500,-1.260397
109.847900,-0.082038
107.977800,-2.243066
108.231900,0.229777
107.330900,-0.477157
107.409700,1.512905
108.317200,2.164206
106.798400,0.552952
109.535100,1.411481
111.134800,0.966362
109.996200,2.913923
111.104700,2.300425
112.128000,2.356016
112.365000,3.680035
110.339800,3.844963
112.186500,0.705946
113.280000,1.228290
113.093200,-0.215659
111.787600,-0.225220
114.747100,-0.745815
114.279300,0.505697
114.368100,1.738046
115.995100,0.914889
116.332400,-0.115546
117.175700,1.287453
116.459700,2.350918
115.285700,2.504111
117.503100,-0.029281
118.677000,1.296572
117.111800,-1.172410
119.210500,0.267159
116.610300,-2.018314
115.926500,-1.152110
117.234100,-3.407298
116.213300,-3.488128
115.589300,-5.212886
117.386900,-4.469420
115.250300,-4.266620
116.363700,-4.501569
116.278100,-6.263428
114.760000,-6.403745
118.639400,3.186069
117.709500,2.352563
120.266500,2.412325
119.278300,2.282706
120.289000,3.668765
119.277700,4.101177
121.075800,3.013831
120.660400,4.715458
122.407900,3.973491
121.701600,4.744200
122.849600,3.020164
124.569200,3.753277
123.968500,2.783631
123.317600,4.539246
123.467200,5.640200
124.436000,4.947990
122.366400,6.215931
122.591500,7.336766
121.290800,7.832875
120.966400,6.898497
123.797400,7.302460
120.936400,5.845186
119.022300,6.125426
119.821500,7.107892
119.543900,8.744059
119.829000,5.460525
120.739300,8.647717
118.671100,7.377604
118.413900,8.326551
117.150200,8.761030
117.068400,7.171744
115.533100,8.289303
117.859000,6.401124
116.032100,6.042819
115.343100,7.277163
116.880600,5.436949
117.993600,4.154928
115.578300,4.144547
118.654700,5.162446
116.796000,3.517329
114.035400,3.500969
114.608900,4.905454
114.900600,5.847373
113.506200,6.450287
113.251300,4.965826
111.561300,5.290823
112.467000,6.013066
112.826200,7.897103
112.075300,6.930777
111.119000,6.369828
109.801000,5.862971
109.924100,4.859417
110.880100,8.116177
110.028100,7.013054
108.410200,7.634272
108.445800,5.939803
109.682300,8.333748
110.573700,9.384880
108.674800,9.418842
106.948400,8.648884
105.962300,7.205967
105.467700,9.392059
107.061400,7.624182
105.564500,8.403704
108.000200,8.692623
104.303000,7.208544
104.391800,9.405664
104.545400,8.395161
102.797900,8.023869
103.409700,9.156630
102.114000,9.335247
101.355800,7.647305
100.836900,8.840874
99.767840,9.260014
99.746860,7.407813
98.414240,6.007785
98.078950,6.937470
100.707800,6.569727
99.056330,8.551571
99.683340,6.266851
98.149520,8.119539
97.103770,6.521832
97.063420,8.820078
97.254260,7.532017
97.998130,9.244526
96.218970,8.095655
95.482890,6.354767
94.926060,8.412813
93.920270,8.936422
93.633510,7.753512
94.526880,6.826855
94.927690,9.402115
94.371540,4.955189
93.360260,6.786446
93.139290,5.619589
95.525130,5.214661
96.732330,4.505844
94.949360,3.366665
96.392100,3.550408
96.475820,5.643913
97.421000,5.400926
97.668180,3.995786
99.172650,4.666310
98.629750,2.980142
100.338800,4.052955
100.766000,5.148867
99.844350,3.147682
101.466500,3.154027
100.862900,1.994503
98.319630,2.010602
99.873550,1.972459
99.859180,0.184078
99.073820,0.898273
101.257300,0.603992
101.012900,-0.706860
102.567300,0.645229
101.847600,1.833854
102.547300,-0.666133
100.042100,-0.891852
98.643280,-1.832142
98.521100,-0.431836
99.951980,-2.387982
101.788300,-1.514613
102.554600,-2.936296
102.896700,-1.915560
104.227100,-2.626988
104.236300,-1.459678
101.607100,-2.551946
101.636100,-3.721985
100.420300,-3.493804
100.671000,-1.650541
102.833400,-3.915653
101.744900,-5.349530
103.534800,-5.442743
104.294600,-4.175115
105.105900,-5.918661
106.115000,-3.999660
105.575300,-5.022408
105.253700,-3.073698
106.363300,-2.872999
105.481600,-1.425298
105.247800,-0.348564
106.616300,-1.628811
104.065100,-0.468039
103.706900,1.015412
104.404500,2.420209
105.211800,1.817286
103.163700,2.876438
104.108000,4.031388
102.632500,4.250198
101.735400,5.378578
102.722600,5.361437
103.771200,5.330999
105.331100,4.970907
103.023900,6.810406
105.017100,6.079360
106.402500,5.777531
106.508300,4.480688
107.808200,4.550448
109.041400,3.230662
107.419800,6.346304
107.802000,3.575050
107.303800,2.723784
108.805900,4.551824
105.714300,2.651650
106.188100,1.402173
105.560600,0.640234
105.263500,3.532081
106.512900,3.373404
101.472700,4.391924
101.784500,6.682269
102.942500,1.692429
107.962900,-3.606158
107.049500,-4.335963
108.500500,-4.642730
107.667100,-5.718546
106.506700,-6.126030
106.893900,-7.495978
107.713400,-6.769229
105.780900,-7.525340
105.861800,-9.193702
104.747700,-6.917075
104.202600,-7.726091
104.691900,-8.815564
107.241000,-8.406775
108.422900,-8.008615
108.070300,-8.994922
109.569500,-9.133124
109.472200,-7.773132
108.794000,-6.893632
110.052400,-6.571361
110.208800,-4.703259
109.375900,-5.413148
103.580200,-8.861405
102.427400,-7.951744
103.311900,-7.284956
102.388100,-9.129718
100.556500,-9.181981
101.232200,-7.773934
100.855800,-6.419787
101.864500,-6.869598
99.881800,-6.870789
99.583160,-7.910734
98.024050,-7.961205
99.469030,-8.879698
98.825870,-6.412465
98.053580,-5.324842
97.066150,-6.939048
99.694610,-4.937730
98.160220,-3.944291
100.618000,-4.533877
96.538150,-3.943362
96.982440,-3.033474
96.644450,-5.026146
99.455280,-3.313945
98.453880,-2.964022
97.084080,-1.919268
96.354690,-0.587473
95.264400,-2.132182
95.954920,-3.076836
94.488270,-4.098307
94.388250,-2.781242
95.346800,-4.712239
94.379790,-5.344542
95.762210,-5.787850
93.621440,-4.571642
92.874500,-3.366640
92.273080,-4.768153
92.997590,-6.310365
92.690830,-8.170430
93.902430,-7.814419
94.751260,-6.972169
91.501080,-5.809094
92.461490,-7.212595
91.277350,-7.593842
91.620480,-8.664825
90.711720,-6.582766
89.866650,-5.181990
89.196490,-6.897194
89.848040,-8.035653
90.711360,-4.636508
89.039990,-5.810921
87.802690,-4.920422
89.600710,-4.099287
87.729780,-7.091292
86.846960,-7.811072
87.216670,-8.839072
88.468490,-8.625361
86.476970,-6.826497
86.957380,-5.481301
85.563830,-5.443673
86.870130,-3.553105
87.892680,-3.791986
86.176330,-4.302570
85.007130,-2.772512
85.085060,-3.772463
86.096830,-2.504406
84.540390,-5.322680
83.049390,-4.651874
85.288930,-6.392944
83.375150,-5.702274
84.340110,-7.192021
83.713460,-3.589742
82.792100,-2.766958
83.945000,-1.726228
82.080640,-4.411244
81.346960,-5.962916
82.453700,-6.206844
81.208350,-3.853889
80.528640,-4.966065
80.503170,-3.152587
79.746220,-6.262140
79.311490,-5.293855
79.237170,-3.967789
77.642930,-3.409394
79.506770,-2.180052
78.527050,-2.218265
78.150960,-4.636544
77.477950,-5.720150
76.421450,-5.096243
78.775760,-6.156656
77.432250,-7.487932
78.992860,-7.830627
78.642680,-9.427225
79.743160,-8.794903
80.847020,-8.208270
80.029850,-7.297254
77.899780,-8.410833
76.215100,-8.545590
77.416180,-9.321136
76.466220,-7.349888
75.338150,-7.343085
75.630620,-5.904069
75.165640,-8.695889
73.299040,-9.080549
74.474140,-9.433112
74.145320,-7.275162
74.186110,-8.278326
72.879470,-7.472476
71.219510,-7.060625
72.396570,-6.170039
71.350490,-8.495811
73.837950,-6.331229
73.518680,-5.177821
74.722100,-5.507499
73.950520,-4.084993
75.381540,-4.508685
76.494940,-3.512136
74.506820,-2.989338
72.807530,-3.739260
72.691880,-2.570672
76.178440,-2.043304
74.068020,-2.079399
73.062250,-1.345730
74.024580,-0.175119
75.488980,-2.833538
75.301550,-1.025963
75.718410,-0.022112
77.079600,-1.138145
78.365010,0.291890
76.834080,0.255368
78.357590,-0.822328
79.418910,-1.047821
77.323720,-2.215239
80.650890,0.079203
80.775890,-1.886190
79.602490,0.589740
79.961980,1.781313
81.063960,1.629288
79.013020,2.292840
78.652580,1.287755
77.104230,1.317869
78.306480,3.015813
77.861540,2.029932
76.543370,2.969642
78.619800,4.245339
76.932880,4.298170
79.996700,3.023866
81.854860,3.327552
79.669480,4.836395
80.615120,4.255129
81.626630,4.282709
80.833700,5.592402
82.397380,5.008886
84.050130,5.274923
83.668240,4.185010
82.160830,6.380143
83.258380,6.473720
82.938900,3.284359
83.318240,1.700440
82.300350,1.938629
84.397250,2.717894
85.765340,2.322678
84.981040,3.580698
84.242130,1.117072
85.439790,1.240906
86.149920,-0.322676
87.145150,0.862107
85.203740,0.056324
86.778790,2.231631
84.183320,-0.003625
83.009580,-1.442976
84.772540,-1.167853
82.467140,-0.377230
83.144560,0.607337
80.976610,-0.905797
82.043970,0.517675
81.955650,-2.172586
85.970580,-1.286020
87.501190,-0.303443
87.677030,-2.107294
89.227970,-3.173905
89.347190,-1.557353
90.429490,-0.037673
89.093370,0.302776
90.814700,-2.677157
88.304470,-1.018835
90.476200,-1.293430
91.940450,-2.485477
92.236790,-1.374549
91.302780,-3.687623
93.225350,-1.532492
94.917140,-1.191103
93.417520,-0.357471
92.125110,-0.160522
92.324350,1.073811
93.734670,0.619132
91.253410,1.096920
90.029960,2.050730
92.270690,2.404026
91.281610,2.433069
89.657020,1.106155
88.496910,1.072464
89.063740,2.239711
87.975430,2.057492
88.637210,3.582489
86.476520,3.216755
87.503430,4.056384
86.372720,5.045965
87.339490,6.565499
86.338870,6.058126
85.335140,4.504376
85.262410,5.504633
87.203360,5.557833
88.537520,5.882767
88.257280,6.923195
88.039440,4.923672
86.222900,7.206400
85.158900,7.238129
86.146210,8.507692
87.220300,8.595869
84.617790,8.191893
84.553340,6.387699
83.633880,7.780550
83.122790,9.236654
84.443920,9.376867
82.333370,7.941500
81.702400,8.746609
80.965010,7.008292
80.478000,8.336819
79.191210,7.528584
78.694770,8.443270
78.065000,9.361004
77.808190,7.728465
76.960460,9.253620
79.506430,9.316912
75.134100,9.292093
76.288650,8.042315
75.312350,6.644499
74.624390,7.857300
76.311920,6.906182
77.221410,6.462231
77.193470,5.285231
78.841960,5.388972
78.540660,6.476119
76.050630,4.947608
74.751440,3.724399
74.472020,5.249940
75.764080,3.614562
74.790750,2.576388
73.155070,1.872524
75.033200,1.310511
73.168010,3.340265
75.820350,1.915731
71.778310,3.594722
72.556730,4.539034
71.800810,6.205881
71.338780,5.146921
73.262580,5.953794
70.806610,3.714163
73.589660,4.389987
70.018140,2.680872
69.145570,4.135983
70.156440,4.853161
69.590320,5.955823
70.904500,6.685057
68.615360,7.118741
68.146200,5.348191
67.276830,4.479056
66.451640,6.010693
67.482490,6.200280
66.408700,4.966079
68.224700,3.430492
67.571980,2.643992
66.808300,3.325564
69.055380,1.980270
68.138570,1.652753
69.461580,0.250200
68.464510,0.157426
70.615300,1.862087
67.541180,0.774266
69.699650,1.211966
70.380230,-0.420609
70.598020,0.579020
71.582710,1.660890
73.189350,0.867561
72.209340,0.607546
72.360940,-0.475029
71.288210,-1.139233
69.879690,-1.965222
71.261440,-2.548539
70.620800,-4.195709
70.064240,-3.099356
69.918750,-4.903465
69.161260,-4.178996
68.454570,-2.825036
71.721220,-3.616289
71.877850,-4.749214
70.925750,-5.269286
69.813390,-6.827246
68.076900,-7.485380
68.245450,-6.295218
69.030930,-7.720169
70.222580,-7.884698
69.659350,-5.843113
69.304060,-8.673459
67.674470,-8.658671
70.023550,-9.435349
66.002240,-9.361989
68.429210,-9.288874
66.052060,-7.812150
67.238660,-6.810760
66.257350,-5.329025
65.652140,-6.752526
67.294940,-5.651051
68.394450,-5.282518
68.109950,-3.976635
67.035300,-4.076399
65.334140,-3.417315
67.360580,-2.323923
65.826350,-4.455937
66.387990,-2.970735
66.469610,-1.180283
65.525670,-1.956255
64.230330,-3.216787
65.769490,-0.262202
64.392840,-1.984900
64.826840,-0.633329
62.898110,-0.843504
63.665290,0.286023
64.474860,0.845932
65.815470,1.003525
66.514250,2.024852
65.605660,2.555241
67.256780,-0.238042
64.158180,1.811979
64.060290,3.656853
62.908850,1.054881
62.825380,2.551358
61.603700,2.343629
61.342210,3.311686
62.490520,3.753071
61.836590,1.153272
60.407320,1.783771
61.196650,-0.529411
62.277090,0.024950
59.457770,-0.861896
60.534840,-1.408201
60.559210,0.745819
62.158560,-2.212605
62.781310,-3.645763
60.304010,-2.427926
61.327270,-2.938218
61.497840,-4.000707
63.400690,-2.081814
60.558140,-5.169422
59.759450,-3.366050
62.986830,-5.232240
62.126740,-5.690326
61.305360,-6.323092
62.780070,-6.730934
63.652210,-4.518751
63.902030,-6.069328
64.696830,-4.354224
64.899280,-5.974555
64.141990,-7.097802
63.449550,-8.594063
65.153730,-8.726793
62.636750,-7.816508
62.324600,-9.204341
61.761070,-8.353252
64.079720,-9.354098
60.688220,-7.629920
60.443860,-9.229753
59.672980,-7.986295
59.455460,-9.029292
58.241790,-7.553560
57.979710,-8.939095
56.353890,-9.090005
57.033710,-8.302175
57.217670,-7.179190
55.995290,-8.132395
55.986040,-7.067264
54.441100,-6.630286
54.772810,-7.837975
56.935460,-5.389419
55.629910,-6.017327
57.733410,-6.348186
58.969590,-5.681313
59.467060,-6.837906
57.975970,-5.295438
56.256800,-4.407165
58.327120,-4.285129
57.459260,-3.695402
59.680830,-4.723774
57.770770,-1.809193
58.775140,-2.873079
56.829670,-2.898344
55.789530,-1.632097
56.754810,-1.146249
55.036130,-3.310681
53.589330,-3.886921
54.932760,-5.038159
54.051330,-2.410931
54.520840,-1.542755
53.296760,-1.465445
54.660990,0.096436
52.931690,-0.541492
55.774850,-0.403167
53.672460,0.118814
53.040050,-2.532076
51.575980,-2.057850
52.608160,-3.820010
51.454990,-3.577510
50.974690,-5.354119
50.052610,-3.702832
51.769760,-4.511714
50.108440,-2.563974
49.476060,-1.397716
50.473750,-1.238059
48.540110,-2.781135
49.018310,-3.994780
48.448270,-1.740619
47.415810,-0.143426
49.375950,-0.215636
47.148090,-2.694756
47.408520,-1.683610
45.949650,-2.290847
45.681670,-1.068025
47.766650,-3.446577
48.333240,-0.732092
48.363570,0.418211
47.288850,1.330924
49.178890,1.634274
48.140740,2.182136
50.209050,0.384523
46.599350,0.495175
44.964020,-0.119589
45.621700,1.998636
45.421390,1.025253
44.392630,1.790660
43.725140,0.604679
42.681130,-0.621067
42.970390,1.949563
42.215240,0.767662
43.992490,-0.788569
42.689380,-1.877130
44.784930,-1.622423
43.682180,-2.692472
43.880330,-4.381005
45.010540,-3.911834
42.220020,-3.872617
42.214700,-2.739701
41.096410,-2.322960
41.035300,-3.892336
41.434620,-0.973893
40.273300,-1.697383
40.396850,0.287232
39.181470,0.562096
41.179860,1.678898
39.746820,2.110674
39.222540,-0.867868
37.802600,-0.170634
38.577780,-2.611721
37.824040,-1.182157
39.700420,-2.597616
39.262650,-4.412748
39.409280,-6.105458
38.421830,-5.517116
40.135890,-5.427493
37.733410,-4.769749
36.987790,-5.700566
36.720370,-3.469879
35.962010,-4.869178
37.827310,-3.712598
37.330060,-2.516411
36.303940,-1.177237
34.655360,-0.366011
35.625780,-0.049303
35.377840,-2.165844
36.593590,0.384624
37.569240,1.941647
36.053400,1.210309
37.446850,0.926299
36.379320,2.224173
35.049760,1.552681
33.717670,2.166652
34.112230,0.964479
34.297520,3.206646
33.012390,4.426805
34.005110,4.539761
35.307190,3.187369
32.684470,3.414722
35.726830,4.101149
35.133810,5.140776
37.471560,3.743535
37.104840,5.459422
38.384530,6.780409
36.100450,6.287327
38.702320,5.628955
38.514460,4.158776
37.181960,7.080309
36.773380,4.434975
38.020400,8.355953
35.726710,8.328714
35.028420,7.165795
34.192580,7.741539
34.235070,9.070288
37.069490,9.153473
35.307650,9.274117
36.917340,8.051388
33.199860,8.312195
32.499240,9.320383
31.645050,8.838581
31.159320,7.912587
32.137760,7.899325
32.881700,7.216010
31.731300,6.736390
30.553690,7.036944
32.638370,6.126614
33.812000,5.939610
31.607570,5.095802
31.064370,5.968200
29.313510,6.266031
30.740320,4.204271
29.995260,5.562532
29.241560,4.755618
29.556530,3.717199
28.396920,5.732204
27.208230,6.569680
27.997150,4.341513
29.051350,7.544983
26.719280,5.205400
27.643550,7.505082
27.707250,8.909233
25.895840,6.963994
26.510830,8.652023
25.419050,9.202288
25.257350,8.169765
23.416420,8.614599
24.083880,7.269690
24.490540,8.807251
24.745910,6.554586
23.295650,6.283210
25.792010,5.699549
24.633450,5.572773
22.934750,7.201346
21.483320,7.094220
21.464470,6.053095
22.065330,8.808764
22.588750,5.374897
23.155460,4.561627
21.947940,4.462945
22.322750,3.517821
21.033740,5.157845
24.141020,4.416022
23.534610,3.631909
25.982290,4.445749
25.229890,3.786440
24.687040,2.239571
26.303110,2.632081
27.131810,3.773510
27.732660,2.181056
28.018770,3.205998
29.657180,2.633348
26.755820,1.757638
28.816290,1.953876
29.535180,0.816304
30.503610,1.498799
27.493380,1.038219
28.548440,0.555542
27.631030,0.004158
29.187850,-1.228052
29.471090,-0.234055
28.138390,-1.226644
26.625540,0.554381
25.704740,1.220394
25.533870,0.227260
26.561050,-0.748928
25.375020,-0.765361
24.093040,-1.934022
25.606200,-2.333544
24.113750,-0.137856
24.594560,0.811051
26.631290,-2.127660
27.480180,-2.747890
25.962220,-3.349837
24.202270,-3.823271
26.804370,-4.006075
25.263090,-4.950437
26.982900,-5.593458
23.652080,-5.687709
25.385170,-6.214017
25.900470,-7.794278
23.978750,-7.291968
26.699880,-7.134608
24.977820,-7.122880
24.416770,-8.592092
25.882370,-8.831364
26.874380,-9.356876
27.796420,-8.831252
29.021680,-9.383044
28.385230,-7.919549
29.878490,-7.790086
28.545390,-6.317698
29.761220,-6.658208
28.985100,-5.272269
30.629230,-5.819009
31.571390,-7.016201
29.909590,-4.727021
31.069930,-7.933561
30.124070,-9.342625
32.532090,-8.536287
32.637220,-6.846626
31.525820,-8.893882
33.398880,-9.181388
35.279200,-9.083802
33.907150,-8.042248
35.041680,-7.245912
34.120130,-6.252378
34.308350,-5.007845
35.925120,-6.471001
33.087680,-4.715151
33.453620,-3.155311
34.406340,-3.981199
32.279110,-4.022019
31.233240,-4.301736
32.443480,-2.895221
31.457800,-2.480740
32.202500,-1.748140
33.296220,-1.661374
31.143900,-1.475472
30.364760,-3.185016
32.144150,-0.199109
30.045160,-1.860712
30.884730,-0.379671
31.996030,0.899601
32.032760,2.488379
33.575590,0.151162
32.838420,1.700743
34.485310,-1.419682
34.405040,-2.793624
35.699870,-3.930691
31.782300,3.876862
31.097020,3.127841
29.035870,-2.814346
28.453580,-3.753651
27.689210,-4.752409
32.225320,-5.621522
36.832600,-7.027170
36.116180,-7.762734
36.931310,-8.362012
37.935990,-8.209932
36.575120,-9.412942
37.914150,-9.224791
39.244670,-9.142579
39.043550,-7.783532
40.826560,-7.992193
38.539960,-6.690127
40.368120,-6.878865
41.932060,-5.907043
41.946310,-7.048400
41.178810,-5.235908
42.878360,-4.635681
43.664410,-5.851495
45.540530,-6.322556
44.255200,-6.639639
43.041040,-7.157245
44.827040,-5.598874
45.988970,-5.143640
44.992010,-7.423890
44.749820,-8.741841
46.786930,-6.832639
46.716270,-8.072224
43.912270,-7.776722
45.705260,-8.302518
46.829250,-9.210240
45.678110,-9.354459
48.233870,-9.287430
48.338460,-8.245160
49.509900,-8.129061
49.331290,-6.917279
47.891910,-6.452634
50.059940,-9.128890
51.247570,-9.225712
50.587030,-7.680635
50.113480,-6.050987
52.213900,-7.638432
51.012340,-6.660945
52.566090,-6.696706
52.262680,-5.482434
53.378460,-5.007140
53.617050,-6.077953
53.759650,-7.690187
52.502320,-9.160150
54.361540,-8.989246
53.361970,-8.683987
48.483530,-5.045480
49.824170,-4.869833
49.147480,-5.863606
47.359580,-4.593359
46.671090,-3.640330
46.877700,-5.637596
47.597120,-7.482893
43.246720,-9.265368
42.346060,-8.120463
40.717310,-8.971093
42.265140,-9.205312
23.620310,-9.317850
22.994740,-7.818732
22.366430,-6.432624
21.450690,-8.091187
22.146950,-9.076028
20.827780,-9.206117
19.716100,-8.797689
20.193320,-7.588748
18.392930,-8.155250
20.216480,-6.325244
21.356240,-6.504184
20.251670,-5.215682
21.253380,-4.728841
21.769360,-3.672347
22.796880,-5.135598
22.826000,-3.847914
20.798760,-3.148479
19.747870,-3.632905
18.581460,-3.760953
18.915270,-2.480153
19.950900,-2.367136
19.096390,-4.644539
17.395760,-4.701612
18.763530,-6.367629
17.632260,-5.828901
15.851110,-5.564222
16.852720,-7.227202
18.070490,-7.224135
15.979650,-6.574824
14.428150,-6.188605
15.727960,-7.797526
14.920870,-7.031164
16.227910,-4.657846
17.076160,-2.956393
14.920420,-3.807664
15.898140,-2.739545
14.300850,-4.818111
13.411210,-5.952959
12.669480,-4.997338
13.815280,-3.881409
14.364040,-2.986072
15.140320,-1.539976
13.762520,-1.240248
13.072370,-1.948301
12.480010,-3.037292
11.478190,-4.304428
10.775690,-2.104446
11.700630,-1.457949
10.751350,-3.643062
9.592813,-4.989408
8.886450,-3.157238
11.556240,-5.302486
9.519538,-2.281209
9.804503,-0.630329
7.976992,-2.492621
8.598657,-1.723568
7.007472,-0.611729
8.578195,-0.698060
6.869766,-1.980739
7.228703,-3.247002
6.120635,-3.532131
5.610698,-0.895991
5.435025,-2.813273
4.158054,-2.353588
5.181861,-3.805902
4.047497,-3.323925
4.968766,-1.638469
4.857706,-0.044051
3.032741,-1.523583
3.851137,-0.708560
3.065073,0.705685
2.004372,-1.101767
4.178459,0.903942
5.615840,0.981524
3.673201,2.292111
4.690002,1.982460
2.935630,-0.370207
2.516074,1.525305
1.491092,2.561301
1.103398,1.454213
1.849308,0.343721
0.884428,0.481372
2.539423,2.946935
4.182467,3.215723
3.266560,4.711796
2.131263,4.570932
1.040669,3.704277
0.704142,4.639266
0.183253,2.998265
1.412238,5.333015
0.350974,6.545321
1.939415,6.550261
0.296081,7.899823
0.076162,9.428587
1.446225,7.671626
1.272196,8.795412
2.753391,7.709971
3.120508,8.702606
4.188412,7.406786
4.284557,9.169601
5.622007,9.324631
5.207204,7.707949
6.550263,8.585915
4.290081,5.995020
5.899501,6.408440
6.564288,7.404372
8.433571,7.223368
7.826110,6.401293
6.880993,5.699732
7.848075,8.369881
9.266446,7.876051
8.475358,9.179209
9.581498,8.946842
10.230480,8.154028
11.236290,9.307053
11.418390,8.344604
11.208940,7.273016
12.282440,9.232176
12.431370,7.428448
13.081030,8.202150
11.742770,6.435294
13.369000,5.791182
12.270520,5.167264
10.834730,5.365990
9.920259,6.805863
13.423900,6.921713
15.043550,6.869950
14.569980,8.480228
15.835780,8.706839
16.187190,7.044512
16.989870,7.932518
17.236210,9.228477
15.338980,7.812003
18.800240,8.100960
18.439050,9.189028
19.659990,8.810726
19.237430,6.391943
18.067080,6.380444
20.463270,7.213587
17.754460,7.323561
17.612130,5.461146
16.433660,6.002398
19.475270,7.367617
20.102590,5.917100
21.207760,8.210024
20.976450,9.252546
19.990610,4.565255
18.322800,4.297724
20.279670,3.322119
19.276210,3.726702
18.962650,2.753137
17.453430,3.462949
16.528840,2.661490
16.896790,4.369954
17.796180,2.261204
19.210140,1.223792
16.662540,0.696399
17.528920,1.317365
17.585640,-0.499763
17.875400,-1.648888
18.516460,0.274621
15.891510,-0.055104
16.657410,-1.927231
19.101510,-1.363429
16.693260,-0.898409
19.462660,-0.134859
20.674970,-1.517416
22.041580,-2.201056
21.585910,-0.148841
20.429760,-0.412313
21.705920,-1.260077
22.971540,0.144899
23.480380,-1.142106
23.303250,-2.579814
23.567750,1.579460
21.773640,1.413524
20.421290,1.484074
21.663940,2.445680
22.619210,2.175822
20.945970,4.035738
23.650620,2.565475
14.683640,0.658419
16.018030,1.633923
14.518670,-0.405384
14.991030,1.615438
14.862160,3.413713
13.637440,2.617325
13.670300,0.618571
12.570920,-0.119435
11.921330,0.992205
13.016590,1.546521
12.419160,3.262993
11.776820,2.065094
10.395210,2.507787
10.867660,0.560244
11.438290,3.495939
10.040100,1.525413
8.450104,2.512491
9.406117,3.364847
8.928822,1.488915
8.795350,0.509852
7.704021,0.114898
7.189616,1.022112
9.816463,0.535770
6.327403,2.593252
7.371707,2.030265
6.074442,0.105545
7.506423,3.767636
7.663642,5.071951
6.629433,4.599320
8.338039,4.331186
9.479242,5.680419
10.123820,4.026637
9.334461,4.610875
5.644062,3.542858
5.822275,5.367959
4.739861,4.940532
13.214170,3.855690
14.245280,5.358025
15.059440,4.822762
15.865260,3.396575
14.169210,4.267834
11.460240,-0.230427
19.852080,2.312702
19.231010,5.319492
15.443800,5.786894
16.042510,4.949657
7.469530,9.351778
3.400568,6.565506
2.671884,5.809997
0.449473,-0.500188
1.016493,-1.986517
0.048170,-2.117994
1.367232,-3.207458
0.009947,-3.828853
1.123414,-4.175289
0.603105,-5.671443
2.029514,-6.605942
0.692146,-7.229660
2.100190,-5.314508
3.497936,-5.496230
2.820972,-4.623699
2.365208,-3.601553
3.199273,-6.580643
5.051514,-6.195210
4.356075,-7.434376
3.239595,-8.438162
2.054875,-7.916775
0.402533,-8.549033
1.228681,-9.077163
2.369675,-9.191200
4.229289,-9.266589
5.194952,-8.271642
5.659638,-9.317003
7.189785,-9.321640
6.437117,-7.682736
6.042235,-6.084939
7.818538,-6.983004
8.296478,-8.160039
5.654387,-7.043994
5.741057,-5.117629
6.949477,-5.579504
4.539174,-5.145846
7.083656,-4.352958
8.140304,-4.787412
9.260884,-6.012827
9.269517,-7.761106
10.148210,-7.201366
10.588250,-4.922527
10.740590,-6.262010
7.941051,-5.853774
11.698810,-7.896164
11.990170,-6.946155
13.575010,-7.792656
12.178160,-8.842403
10.492270,-8.430134
10.933750,-9.421152
8.832712,-9.090335
9.821277,-9.266550
13.355720,-9.225527
14.471510,-8.694842
16.080350,-8.722611
17.018840,-9.426423
17.359510,-8.357350
18.089300,-9.113489
2.122343,-2.270272
3.131508,-2.866778
0.141272,1.971273
10.754080,-1.054244
12.680760,-3.994453
11.388070,-2.894990
9.655558,-3.759849
27.584240,-6.725476
27.354910,-7.938671
24.923640,-9.426996
21.905940,-5.527418
24.952730,-3.202579
31.014970,0.637479
26.676080,7.691945
28.754670,8.612564
30.209260,8.586729
39.964690,8.266012
39.178100,8.860237
38.281970,9.429129
39.246400,7.363871
40.362030,9.236280
40.975040,7.775334
41.529460,8.661615
42.501070,8.965200
43.029290,7.536107
41.736250,7.108700
41.015900,6.328038
42.710200,6.161637
40.097230,6.682400
41.692180,5.264342
42.372670,4.567288
40.380220,4.061966
40.380280,5.534795
43.552860,5.245064
41.479390,4.038290
42.591050,3.348436
40.581280,2.716713
41.698770,2.527140
38.761100,2.432042
39.485740,3.563771
43.969270,3.115047
44.244060,4.144551
45.691560,4.320892
44.554740,5.623003
45.106410,3.281159
46.906810,3.947073
48.726240,4.342610
47.469030,4.769110
47.169660,2.676564
48.066970,3.570912
46.923840,5.632391
46.534630,7.247944
45.663000,6.002719
47.727900,7.289286
48.174230,5.912955
49.472250,6.489658
49.554330,4.970622
50.945900,5.093510
49.921490,3.449113
50.212610,5.741889
51.104650,3.852427
51.950730,4.410814
52.751240,3.136426
50.865860,2.641666
51.798970,2.060260
52.151180,5.454666
53.369840,6.168063
51.268230,7.017506
52.452080,6.730818
52.919330,4.626369
54.395570,5.146821
53.555690,3.764159
52.888310,2.162578
55.173610,4.180838
54.469760,3.193605
54.294430,2.194829
55.509620,1.118922
53.547140,1.263572
55.420890,2.828966
56.045710,1.988787
57.604430,2.848464
57.759520,1.860513
56.674140,1.082477
56.742040,3.765355
56.589300,5.167590
57.597390,4.882709
58.405430,3.439303
59.733830,3.161793
58.625400,5.064098
59.925060,4.487618
59.470500,2.188545
58.677560,0.493678
57.693810,-0.601854
57.683140,0.825432
56.805400,0.084912
59.162470,6.202653
60.967460,4.291273
60.932480,5.908968
61.617420,5.041651
63.421750,5.596085
61.943000,6.673563
63.310390,4.576790
65.018950,3.870027
64.740910,5.885396
64.399280,7.440171
65.887020,6.852486
62.912460,6.495641
63.252660,8.120592
62.216740,8.295837
60.881420,8.846972
64.077020,8.700617
60.525770,7.549376
63.101020,9.221992
62.079480,9.330282
58.809580,7.306389
59.427280,8.967724
57.852490,8.213312
58.354480,9.080976
56.721550,8.702522
55.844810,9.259937
56.279850,6.860583
54.967500,8.541744
55.577650,7.615435
57.285200,7.289416
54.585160,6.811158
53.685970,7.504914
55.232640,5.731481
52.517670,8.312351
53.175190,9.035131
51.460880,9.430029
49.725950,9.208029
50.738740,8.515848
50.223580,7.581772
48.991770,8.082607
47.960390,8.326117
47.945630,9.350386
46.233760,9.196604
45.569610,7.769288
44.662490,9.147959
44.622400,7.533989
43.557970,8.876194
46.965620,8.201708
57.299510,6.261479
54.197960,9.240583
65.899780,9.028309
65.225650,8.066477
66.607300,7.857646
67.357590,8.968147
68.148160,7.994101
69.262410,9.128803
68.278520,9.418953
69.504780,7.988001
69.605130,7.018702
70.583350,7.724944
72.181810,8.102673
71.165640,9.224693
72.809130,9.267630
73.230730,8.029322
74.122310,9.180540
72.801520,6.851126
73.882280,7.125861
74.362510,6.228877
70.320780,8.695614
63.948450,6.469209
65.206440,4.883942
60.212080,6.604620
59.863550,5.511462
58.734630,1.539094
52.103060,0.510879
51.245660,-0.372735
50.863380,1.325635
51.746430,3.065802
48.970670,2.917829
44.052820,6.690686
46.230390,3.235198
39.355210,4.678017
36.391000,3.231068
38.370320,1.383698
41.498330,0.034749
44.995100,-2.834603
52.018670,-1.117426
58.910590,-1.810129
60.312180,-6.263013
61.811530,-7.173185
60.187980,-0.209340
68.421260,-0.997467
72.288960,2.566728
71.285200,2.600050
71.445190,0.002128
79.767630,6.191350
80.903720,9.402317
85.770440,9.423367
88.788020,9.228870
88.690220,7.844683
87.457620,7.644755
89.632420,8.538565
90.352440,7.217701
89.387220,6.545346
90.451150,6.209928
90.107220,5.054511
90.472980,3.294699
89.092710,4.937112
91.729460,4.851403
91.493450,3.698896
89.698650,3.919192
93.032140,3.569993
93.084300,1.745173
94.143190,2.166832
93.025090,4.546866
93.962390,4.066377
91.999980,6.198802
91.808350,7.960097
90.681530,8.227003
92.943340,9.163130
90.432020,9.170818
91.964240,8.946465
95.518200,1.913639
95.081400,0.657202
96.831950,1.382896
96.961710,2.459933
97.445540,0.263318
96.097870,0.636914
87.746900,3.068696
94.400550,-0.156814
95.424530,-0.272372
80.932140,2.687904
72.223530,-9.179734
76.573940,-6.198405
81.372470,-7.149651
83.157890,-7.867819
81.889480,-8.825734
83.808510,-8.828503
85.133540,-8.642292
82.899810,-9.266683
85.231800,-7.643547
86.170170,-9.123212
90.473540,-9.155494
89.534970,-9.421569
92.294140,-9.430637
93.202040,-9.001704
95.015120,-8.815395
96.573810,-8.883733
96.206160,-7.717079
97.805040,-8.935613
95.853610,-6.784461
97.142350,-5.873634
102.705200,-6.099462
101.489300,-8.743879
97.392520,-0.719877
100.386400,1.064923
94.144670,5.918063
111.998300,8.572823
113.573500,8.672329
112.865700,9.419064
114.861800,9.374561
115.908300,9.235857
114.319200,7.902253
111.561600,4.284399
113.527900,2.256054
122.553700,8.581318
121.987400,9.384251
123.701300,8.763641
124.838900,8.862358
125.532000,7.295203
126.397000,9.218117
125.962500,8.215199
127.784700,7.849936
125.679000,6.308028
126.798000,6.748217
124.749900,6.710959
127.536300,8.808876
128.703800,7.508761
129.625100,8.299931
128.020800,6.531198
128.791600,5.843684
128.506000,9.205919
128.930200,4.595214
127.898400,4.628827
127.414700,3.058409
128.763500,3.547353
126.152600,4.537805
126.339900,5.562298
126.108400,2.651591
127.062900,4.052463
125.644700,3.557131
127.266500,1.452991
129.099900,2.240608
129.718200,3.332819
130.244800,2.224274
118.624900,9.418051
125.417500,5.209179
115.357000,0.118239
106.353400,-0.449533
113.555900,-4.058074
121.188400,-8.089851
120.982900,-9.254030
122.263800,-8.451180
122.965900,-6.871983
123.224300,-9.334368
123.739800,-7.723067
124.652300,-8.683276
125.363300,-6.780613
123.494900,-5.792892
124.810300,-7.715149
124.216800,-6.790658
125.341000,-5.559882
124.437100,-4.882068
123.729100,-3.970130
126.028600,-3.961483
125.035700,-3.097844
123.322500,-2.920973
126.880500,-3.239275
128.245100,-3.121482
127.043200,-5.096150
127.615700,-4.157256
128.619800,-4.801831
128.165800,-5.987515
129.210800,-3.796321
129.920200,-4.517522
131.017300,-4.144982
129.425300,-5.525901
131.107500,-6.497437
130.435000,-5.549119
129.545000,-6.827538
128.240200,-6.968230
129.230400,-8.528063
128.073100,-8.874078
127.042500,-8.470812
126.843100,-6.759134
125.950700,-8.001427
125.846400,-9.409019
129.897100,-9.410753
130.568600,-8.649061
131.678400,-9.200544
132.786400,-9.060117
132.669600,-7.959296
131.707600,-7.282873
133.226500,-7.104506
131.501100,-5.461816
130.653300,-7.522426
133.190400,-6.074880
134.959000,-5.563714
132.652900,-5.149642
134.094900,-6.551457
133.713300,-4.244370
132.076000,-6.280192
134.075500,-3.026635
134.971800,-4.557992
132.250100,-4.101310
135.998600,-4.470164
135.654200,-2.735361
136.111800,-5.495475
137.216300,-5.955712
135.999700,-6.701550
137.468900,-4.441942
139.336600,-4.698195
136.632400,-3.559707
137.525200,-2.802579
138.947300,-3.471851
138.424600,-5.659766
139.689100,-6.802712
138.282500,-7.330750
137.314500,-7.160847
139.851600,-5.622622
140.793500,-6.440742
140.345900,-3.998789
141.341100,-4.665590
140.940200,-2.931792
141.656000,-5.811169
142.934000,-4.452385
141.949200,-3.809734
142.904300,-5.700054
144.631300,-6.583902
141.679800,-6.935582
144.053700,-5.337853
143.517000,-7.152734
144.004300,-4.151638
145.340400,-2.937599
142.959500,-2.577004
145.090900,-5.360849
143.867100,-2.962484
145.234200,-4.136143
146.415500,-3.582951
146.287600,-4.860739
146.013300,-6.136177
146.515400,-7.729552
145.122900,-7.823930
147.308800,-7.097061
146.743000,-8.708182
145.856200,-9.257598
143.953600,-8.894626
142.606900,-8.322457
142.118100,-9.376716
144.809100,-9.366878
140.739200,-9.114032
141.203500,-7.795111
139.726400,-8.550185
138.502500,-8.832659
136.853100,-9.170591
135.423500,-8.495509
136.297400,-7.843373
137.587900,-8.316812
134.382200,-8.072327
135.375000,-7.508440
134.541200,-9.232759
145.818900,-2.080337
147.673600,-2.743351
146.770100,-2.298706
146.878500,-0.694728
148.456600,-2.044472
148.650000,-3.221000
144.657300,-1.651078
144.794400,-0.491886
143.214300,-1.186200
143.645600,-0.180769
143.073100,1.603371
141.846400,0.018364
144.057600,1.398984
142.461500,2.400621
141.255400,3.653271
142.897000,3.662486
140.855000,1.984125
141.788700,1.662780
142.946300,0.599546
140.365400,0.568493
139.850100,1.808288
138.130600,1.542875
139.488400,2.975153
139.046200,1.171421
139.324900,0.213410
138.372100,2.691658
138.278800,3.850158
136.843400,2.162035
137.308100,3.566132
136.208400,4.513733
136.131900,3.010810
135.817400,1.490086
136.544200,-0.118646
136.756700,1.174747
137.552200,0.569431
137.829000,-0.393144
138.936800,-0.965631
136.952400,-1.939037
138.190100,-1.750173
136.303300,-1.124362
139.598900,-2.153170
140.719500,-1.975207
140.181600,-1.126702
141.838900,-2.379168
142.135100,-0.995100
139.873500,4.354688
143.321400,5.027739
140.957800,-0.397117
144.046400,2.379653
135.045400,-3.547663
126.436600,-5.866522
122.831800,-4.432453
116.909900,-5.440420
127.507400,-2.440607
125.478400,-0.468291
128.396100,1.490905
132.052300,0.824962
135.181100,5.216446
130.271600,9.359612
140.944500,8.055573
141.644200,9.394022
147.057300,9.399357
149.639400,9.016485
148.365500,9.013245
150.207100,7.935503
149.559900,6.879708
147.544600,8.408192
150.702300,7.029278
150.024900,6.012798
150.183200,4.366905
151.364600,5.143714
151.654700,4.192713
151.965400,6.661118
152.922000,4.258276
152.811400,6.098757
154.153100,5.796565
152.287200,7.936274
153.556500,6.763127
155.082700,7.658560
153.328900,8.187435
154.658200,6.662585
156.130000,7.492630
155.756700,5.316379
154.511700,8.592640
156.259200,9.219767
153.056100,9.357674
155.626800,8.474024
157.348400,8.862461
158.719700,7.554080
157.470200,7.819468
159.115800,8.951021
160.114400,8.603529
160.129200,7.315381
160.825700,5.616015
161.991500,7.089911
159.245600,5.604834
161.615600,8.185488
160.108500,6.282575
160.621100,4.503063
162.027000,6.051163
158.776200,6.557164
157.187900,6.190571
158.143800,5.262842
157.010700,5.052730
159.542300,4.478928
160.953600,3.558531
162.430100,4.152187
162.689600,2.703749
161.568400,2.579436
162.563800,1.244443
164.026700,1.307150
161.926500,0.028742
163.835100,2.283804
164.260400,4.033053
165.093800,1.431180
165.457700,3.326540
166.087200,2.518830
166.685500,4.333707
165.076300,5.104581
167.219800,3.023649
168.817400,2.546546
166.672400,1.258186
167.868700,1.761950
168.101100,4.686955
168.227000,3.432663
170.029000,3.275753
169.217800,4.724086
170.484400,4.881312
170.794700,5.858284
169.855700,6.548013
168.425400,6.070657
166.535900,6.026448
168.068100,7.630059
167.059300,7.130450
169.283900,7.675103
170.247500,8.613049
169.185900,8.664055
170.908000,6.974398
167.844400,8.901213
166.370700,8.328133
166.245300,9.409798
164.863200,8.946718
165.603000,7.557301
164.559700,7.497473
163.297600,6.908028
163.531600,8.713503
164.277000,6.284033
165.387200,6.473430
162.750900,7.996617
162.391300,9.145664
161.029600,9.018492
163.402500,5.145282
163.485800,3.383666
171.803100,5.645279
172.182000,7.840941
172.389100,6.724080
171.340900,8.712097
173.222200,8.228569
173.061000,9.422522
174.783400,9.353544
174.648500,8.046036
175.449100,8.637411
176.561600,8.892273
176.202900,7.231520
177.939300,9.320999
177.980600,7.926381
177.000400,7.898932
177.464200,6.919217
176.358100,6.090267
178.565500,6.986775
178.732100,8.626873
180.019500,9.314447
180.387800,7.802056
180.610900,5.898580
181.704700,7.830977
181.398600,6.730204
179.870200,6.622921
181.141200,9.286875
182.295000,8.742741
182.808900,7.631220
183.511300,9.347897
183.980000,8.384130
183.995700,7.137944
185.189900,7.031258
185.065800,8.235237
186.592100,7.734463
185.950600,9.279018
186.192200,6.689400
185.457000,5.831683
186.420700,5.511042
187.397500,6.599061
188.796800,7.823233
188.071900,5.124656
189.237700,6.844119
187.708000,8.482052
188.925800,5.881493
189.184400,4.145525
189.855200,5.236384
191.069200,4.315520
190.192400,6.597596
191.707800,5.065807
189.939100,3.327525
188.160700,2.957353
189.721300,1.522776
190.421500,2.308800
191.448200,3.373241
192.491500,4.219915
191.242500,1.478483
192.421600,2.331004
193.869400,2.520236
193.221100,1.745541
192.584200,0.835393
193.702500,3.597245
193.049400,5.378597
195.008600,2.610491
194.341600,4.823034
195.354900,4.012034
194.922600,5.875963
196.071300,3.175227
197.275900,3.718897
196.207600,4.942171
197.323900,4.892380
197.032900,6.120711
195.937900,6.855202
195.208400,7.610947
195.888700,8.665136
194.212400,6.867308
197.001300,7.915164
198.039600,8.941334
198.078900,7.044941
197.008800,9.117603
198.788500,8.233873
199.235500,6.781842
199.830800,8.221426
199.548700,9.431553
200.562800,9.017441
200.570200,7.163575
201.568400,9.133217
201.713200,7.849905
203.608900,7.751250
202.756300,8.700581
202.157900,6.266606
202.620100,7.399998
204.353000,6.964980
203.330800,6.637124
201.178100,6.359902
203.044800,5.684045
203.846600,8.816696
205.566500,8.812571
205.066100,7.833436
206.703700,7.056683
205.571900,6.115152
207.398800,6.132291
204.110100,5.679640
204.924200,4.602461
206.509300,5.004281
207.920600,4.402380
207.045900,3.509026
207.341800,2.229103
205.677300,3.600572
208.441100,2.648236
206.373900,1.824354
204.608400,1.277771
205.997500,0.225856
207.678900,0.910013
204.568100,2.328938
204.538300,3.482058
203.252300,1.907929
203.547100,3.071950
205.630400,2.613053
203.610400,0.784555
205.583900,1.166001
204.235800,-0.173345
205.493000,-0.706365
206.927800,-1.803622
204.993100,-1.590864
205.375600,-2.620662
206.999600,-0.286577
203.937800,-1.713615
202.279000,-1.601029
204.417300,-3.598455
203.152200,-0.915713
202.701200,-2.894656
201.327700,-1.951368
202.339600,-4.178377
201.626500,-3.441555
203.766800,-4.406378
204.820700,-5.221741
203.249200,-6.263951
202.995900,-5.112877
205.383100,-4.096174
206.436700,-4.279202
206.431100,-3.103050
206.366900,-5.540773
206.416800,-6.965660
207.527700,-6.582893
204.837200,-6.620985
208.073900,-5.373438
207.624000,-4.056540
208.749500,-3.007705
208.813500,-4.568840
207.993900,-2.255381
209.409500,-1.747139
209.025700,-0.730659
207.819300,-1.019587
208.745900,0.686091
209.451100,1.383882
210.523300,1.459467
210.314400,-0.235567
211.567200,-0.276614
210.873100,-1.301116
211.429900,0.827658
212.439700,1.703984
211.926100,2.640539
210.845300,2.494551
212.512200,0.392504
213.760000,0.070093
213.351100,-1.270268
214.128900,1.298434
215.792600,1.377103
214.099800,2.695921
215.408700,2.602879
217.042900,2.532053
215.924300,3.820561
214.315500,4.024398
213.035400,4.414625
212.938100,3.211573
214.437900,5.805072
215.210400,5.190255
216.463800,5.958348
216.710000,4.810027
215.093300,7.044283
213.368200,5.757298
212.986400,6.652993
213.596700,7.573796
212.208700,5.731635
211.907200,7.654080
211.899300,4.619782
210.268600,5.737196
208.686700,6.642115
210.939300,7.546301
210.572600,4.249272
209.323500,4.780030
211.237700,5.851996
209.862900,7.595160
208.441700,8.587667
211.173400,8.597679
209.842400,9.300762
213.036000,8.918570
212.045700,9.352488
214.271900,9.155563
214.631300,7.907790
215.486000,8.416641
216.326400,7.584670
217.196300,8.308599
217.051400,9.429081
218.957700,9.054358
218.448100,8.158651
220.293900,7.627009
217.240200,6.693734
220.167800,8.906094
219.238100,6.539700
218.379100,5.457734
219.899000,5.658730
218.942600,3.983778
220.572000,4.320878
221.681400,5.564432
220.694500,6.696238
221.282100,7.636788
222.536200,6.498109
223.662400,7.487557
222.599800,5.070863
223.582400,5.235599
222.601100,7.705136
224.341400,8.345043
223.368200,8.675478
221.524600,9.173534
223.912400,6.545508
225.710100,6.811354
225.614200,5.749084
224.464800,4.721032
225.103200,7.678296
226.648500,7.652367
224.964000,9.335440
226.321200,8.646137
227.544300,8.510567
228.149200,6.694829
228.946500,9.132601
229.514900,8.318983
230.381400,9.156296
230.534000,7.250567
232.143700,8.983353
231.919000,7.443957
233.696400,8.904682
231.187500,8.316675
233.318800,7.897662
234.796000,8.173725
234.472800,7.153330
233.455400,6.125869
232.384900,6.057827
235.009900,6.180628
234.165000,4.484083
232.991600,4.515728
231.796100,4.127980
232.788000,2.816233
233.632500,3.589784
234.761700,2.972211
235.399500,4.164107
231.784200,3.060382
233.799200,1.701156
234.568700,0.031194
232.701900,0.715458
233.472500,-0.043766
232.018500,1.995555
235.639800,2.222771
234.919600,1.223250
235.786800,0.197539
236.685600,1.221524
237.188000,-0.416582
236.585900,-1.334146
237.588800,0.664709
234.692600,-1.411047
233.467700,-2.338557
234.814300,-3.218125
235.727500,-2.039354
232.943700,-1.202350
231.240100,-1.417162
231.233700,-0.407903
231.916900,-2.553023
233.064500,-4.011319
230.643800,-2.392237
231.187800,-4.269118
231.963200,-3.534035
230.111000,-3.885581
232.544100,-5.108521
231.096300,-5.616057
233.874400,-4.737860
233.669600,-6.656335
231.651600,-6.774190
232.533600,-6.313417
234.379500,-5.804182
233.472500,-7.635980
235.084000,-8.203053
233.940900,-9.403817
232.310400,-8.356125
232.769600,-9.283100
231.206900,-8.292838
231.670000,-9.312621
230.230900,-8.116327
230.653100,-9.300811
229.268200,-9.072809
227.521100,-8.226912
229.101500,-7.365625
228.129100,-9.262721
229.182900,-5.950010
230.371200,-7.037179
227.382500,-6.912060
227.143000,-5.024414
225.932600,-7.369461
226.394600,-6.195385
227.778300,-5.790277
226.228000,-8.329257
225.799300,-9.229499
224.820200,-7.686794
226.948300,-9.325259
224.611400,-9.233402
222.828200,-9.083201
223.254300,-8.156845
221.763600,-8.883679
222.107300,-7.837634
223.682000,-7.252459
221.846300,-6.820428
223.261000,-6.314724
223.361800,-4.693054
222.193300,-5.552808
224.255400,-5.862451
224.342100,-3.957637
225.347200,-6.436462
225.774200,-4.847725
226.674800,-3.412449
227.546200,-4.111784
224.706100,-4.974720
225.506400,-3.171049
225.520300,-1.866155
226.781100,-1.771046
224.449400,-2.524175
223.110900,-2.001443
223.082800,-3.241424
224.616400,-1.003856
223.594200,-0.923213
222.872100,-0.207114
221.859400,-1.487540
223.578800,0.493449
225.136600,0.033907
226.364900,1.068221
226.886000,-0.705744
225.149000,1.964125
226.670800,2.020653
223.304100,2.536264
225.318700,3.430294
223.930900,1.465048
224.297400,3.456988
222.488900,3.081747
223.056000,3.995081
221.473100,3.148861
221.985500,4.249977
220.384300,2.034050
221.946500,1.340196
219.694200,2.892296
218.257100,2.729141
218.854000,1.558502
220.175300,1.022880
219.200600,0.417376
220.400300,-0.435894
221.418400,0.164834
219.587200,-1.310453
220.807600,-2.137171
221.672100,-3.809242
219.721500,-2.316594
219.446900,-4.137583
218.143800,-2.742025
216.317600,-2.864320
217.394700,-3.859570
218.073700,-1.328580
217.229900,-1.892028
218.427800,-3.958423
217.010400,-4.802008
218.524900,-5.615541
220.092100,-4.912266
221.042500,-5.619914
219.989000,-6.359514
220.647900,-3.351015
221.572000,-2.824392
218.460700,-6.828863
219.606800,-8.044662
220.496200,-7.406131
219.707200,-9.151749
218.645800,-7.836293
220.718200,-8.737435
218.290400,-8.783087
217.113300,-7.759898
217.619200,-6.311819
217.215200,-9.132259
216.214000,-8.500580
215.411800,-9.157577
214.128400,-7.830653
215.263000,-8.088252
213.731000,-9.299721
212.987200,-7.819478
211.820100,-9.409743
212.737400,-8.981054
211.648100,-8.294048
210.284500,-8.563387
211.235600,-6.932395
212.238500,-6.931591
210.194500,-7.495154
209.223700,-6.483520
208.532100,-8.017902
209.284300,-9.062382
210.886000,-5.835523
210.742600,-3.913832
209.701400,-5.078645
212.109900,-5.619397
211.528900,-4.490900
211.670100,-3.369223
213.182800,-5.408473
212.936400,-3.802162
210.456200,-2.876761
209.770700,-3.642704
212.001900,-1.919935
213.693000,-2.484895
215.109300,-1.217004
214.965500,-3.018173
214.046300,-4.303456
214.634100,-5.744659
215.143300,-3.981752
215.443400,-5.038388
216.220300,-6.040001
215.256000,-6.543849
216.144700,-4.156697
213.507600,-6.587815
216.166900,-1.706747
216.516500,-0.721055
215.776800,-0.034364
216.876000,0.468134
214.888300,0.613965
216.783400,1.482995
218.011300,0.735885
217.834100,1.832151
218.297400,-0.307058
208.109800,-9.026473
207.266400,-8.414084
205.827800,-8.272412
204.197700,-8.389670
205.269900,-9.234090
206.496800,-9.174940
204.870800,-7.641358
202.996300,-7.716557
203.506700,-9.257976
202.132400,-8.413590
202.039500,-6.368167
201.319700,-7.855274
199.418300,-8.261118
200.708200,-6.203437
200.403800,-8.216936
199.998500,-6.892574
201.533700,-9.181692
200.108100,-9.317818
202.498800,-9.351491
198.425800,-9.054859
197.601000,-8.126058
196.661200,-8.652689
198.748100,-7.492302
197.060700,-7.240508
199.128000,-5.767068
197.730600,-6.358057
197.161200,-4.546927
195.916300,-6.516315
196.931900,-5.652662
198.341800,-4.578679
199.521900,-3.432702
199.924100,-4.972842
197.916200,-3.104323
197.267200,-1.464728
198.464500,-1.931295
196.356200,-2.023734
196.288100,-4.058223
195.982300,-3.003168
195.061500,-3.720460
194.133800,-2.984344
194.686600,-1.841661
195.890900,-1.089129
195.480300,-4.626486
194.556800,-5.400148
193.656600,-4.306045
192.624500,-5.573534
192.181700,-4.288010
193.825500,-6.160811
193.141200,-2.725161
191.725500,-1.677242
193.617800,-0.869325
191.667700,-3.186038
191.149400,-4.802855
189.986000,-2.968436
190.766900,-2.237138
190.503100,-3.930776
190.822400,-5.787363
189.655000,-4.757954
188.889100,-2.871874
189.422100,-3.796750
188.014500,-3.504582
188.131100,-4.579036
189.457900,-5.730911
188.710600,-7.420712
187.722300,-5.743657
190.481900,-7.215089
189.394400,-8.456299
191.348000,-8.009266
191.326200,-6.670300
192.329100,-7.018510
189.655300,-6.684829
190.473500,-8.655306
188.842100,-9.386895
191.413500,-9.052865
192.662100,-8.584608
194.089200,-8.771501
193.676200,-7.259882
194.873600,-8.101525
194.737100,-6.986262
195.973900,-7.957572
195.777300,-9.092009
187.710200,-8.377950
186.924300,-9.194503
185.285300,-9.292858
186.089900,-7.881352
187.003200,-7.438431
186.446700,-6.557127
185.451100,-6.956097
184.474700,-7.110192
185.672200,-5.348264
184.217100,-8.351214
183.854700,-6.323355
184.418800,-5.524447
184.818900,-4.526474
183.882700,-3.830926
183.013200,-6.829320
182.761400,-5.676695
185.937900,-4.311721
186.200100,-3.184286
185.066100,-3.536967
186.992800,-3.879970
186.735800,-5.564958
187.257000,-2.483914
185.629700,-2.378012
186.102300,-1.472816
188.074900,-1.949213
186.903900,-0.807142
187.820300,-0.337693
186.707400,0.942594
185.093400,-0.425526
188.047200,0.650220
185.898000,0.286554
188.822500,-1.043033
189.819100,0.533884
189.700100,-1.593739
190.291300,-0.507128
191.222500,0.133166
192.117500,-0.509647
193.573400,0.395095
194.693400,0.777448
195.164200,-0.430267
195.729900,1.186622
196.140600,0.273791
197.142800,0.335369
196.808100,2.086661
198.575100,2.358677
197.923500,1.553875
198.877600,-0.121973
198.789700,1.022431
199.890300,-0.154279
200.009000,1.000522
200.000100,2.268330
201.783600,2.596449
201.149300,3.683095
201.161200,0.853905
200.135100,4.024123
198.975400,3.441868
201.017200,4.910334
198.897700,4.682838
201.976200,4.293864
199.744900,5.785668
198.593200,5.801186
203.074100,4.606987
200.890700,-0.643789
202.767200,0.099763
201.893100,-0.634295
202.568300,1.073485
200.017300,-2.030895
199.091300,-1.177397
200.595700,-3.838652
201.109500,-4.955500
202.522800,3.451297
200.980300,1.885502
198.094800,-0.755121
189.181000,2.369555
187.386400,1.912497
186.670500,2.903514
185.506200,1.756444
184.792200,3.046291
183.981300,1.802105
184.689700,0.515239
183.069200,0.913135
183.921700,-0.970463
183.303100,-2.112355
182.493400,-0.041424
184.667400,-2.646129
184.914800,-1.702168
181.041300,0.102458
181.301000,-0.896837
181.875400,1.381768
180.084700,1.324131
181.931300,2.660510
180.846900,2.743874
182.874300,2.197024
182.597700,3.513805
183.938600,3.745058
185.211600,4.598830
184.153900,5.453766
182.860600,5.209999
181.928100,5.608542
181.308400,4.061085
183.017700,6.598608
179.707700,4.846619
180.068100,3.344401
178.890600,2.999349
178.491000,3.990483
177.371700,2.350317
177.017600,3.306020
178.406800,1.268034
178.521700,-0.403920
177.424900,0.533988
179.459900,0.002095
176.480100,1.377805
179.200800,2.066169
174.780000,1.854249
175.452100,0.283382
175.616100,2.814437
176.397000,-0.057890
175.423600,-1.129797
174.565700,-0.515375
176.630300,-1.240217
177.899700,-1.199028
178.746500,-2.726336
179.320500,-1.377530
177.414400,-2.119592
177.141100,-3.777297
176.317900,-2.930964
178.231500,-3.814739
179.997900,-4.499234
178.419300,-5.422465
179.287900,-3.752551
176.862000,-4.828271
175.384800,-5.414629
177.194800,-5.766460
175.956800,-4.343732
175.822500,-6.312924
177.485700,-7.256721
174.699800,-7.537662
175.744500,-8.140170
174.106900,-6.573814
174.341300,-5.393397
176.703100,-7.892776
176.417900,-9.149567
178.173400,-8.109647
177.719200,-9.395204
179.555500,-9.019922
181.286500,-8.346985
179.953600,-7.736550
178.947300,-7.254146
180.698200,-9.240671
182.530900,-8.817430
182.457000,-7.779921
181.705100,-7.057898
180.712500,-6.828846
181.627200,-5.723996
180.228500,-5.814971
181.571900,-4.488246
182.566700,-2.856424
180.998700,-3.306781
182.910800,-4.005016
180.016100,-2.906367
180.321000,-1.522675
181.813500,-1.926912
182.554700,-1.268121
179.393300,-6.348358
173.713500,-4.017776
174.843400,-3.739921
173.344300,-5.738209
172.510100,-4.850261
172.890400,-3.075174
173.263500,-1.422325
174.216600,-2.918712
172.229100,-1.279561
174.323500,-1.849688
175.352600,-2.640600
173.484900,-0.159844
172.221100,0.867671
174.264500,0.607611
171.814500,-0.029757
170.676300,0.701742
171.808900,1.762820
173.306200,1.087312
170.890000,-0.639443
173.258300,2.732720
174.053400,3.398099
171.879900,3.198508
172.478200,4.271379
174.184700,4.980162
173.014700,5.714929
171.411600,4.460141
173.521600,6.678978
174.719400,6.264723
175.451300,5.505072
176.459900,4.400588
175.487300,4.086336
177.202100,5.368302
178.770500,5.262410
177.506600,4.350269
178.046200,6.088285
171.032700,2.404363
169.612200,1.739942
172.218500,-7.012761
173.166100,-7.352303
173.399100,-8.844505
172.310500,-9.032539
171.276600,-7.791027
169.595200,-7.793659
170.284400,-9.145093
168.976500,-8.985344
171.295400,-8.808413
174.623700,-9.281485
172.313900,-8.030921
187.026700,4.006544
183.766900,0.150584
185.806500,3.747794
188.934900,0.103438
183.646200,-4.905999
183.598300,-9.396881
187.674100,-6.720662
188.632300,-6.310522
192.853600,-1.561557
196.959800,-3.338560
216.146600,-7.180742
217.909600,4.589797
216.998100,3.671912
224.894100,1.003505
227.037700,3.471054
226.074600,4.360572
226.969500,5.575437
227.598400,4.356547
228.910800,5.601072
228.678000,3.447403
229.136000,4.457413
227.753900,2.655983
227.534600,1.500250
226.203600,2.962883
228.591400,1.151179
229.325900,2.048946
230.669800,2.794045
230.639600,0.764206
229.098400,0.213615
229.745300,3.409558
230.637500,4.823347
229.822300,6.248564
231.331600,6.075535
229.051700,7.386746
228.183000,-0.396865
229.530300,-0.789484
228.671300,-1.473401
227.778800,-2.869298
228.739600,-2.449061
229.680400,-1.861756
229.041000,-3.538436
227.708800,-1.248351
227.216900,0.296226
228.460000,-4.499368
230.801000,1.776521
232.239500,-0.234844
225.826300,-0.787351
234.053400,-8.423807
235.445000,-9.194953
236.894600,-8.377845
236.228500,-7.532110
237.212000,-9.389844
238.383800,-8.440346
238.314300,-9.419971
239.365300,-7.926748
239.738600,-8.874420
237.816700,-7.640773
236.630500,-6.260899
239.471200,-6.875154
238.551000,-6.065315
239.072400,-4.295664
240.351200,-6.211470
237.704700,-4.386793
237.547600,-5.393350
239.875600,-5.128394
241.689800,-4.704496
239.477600,-3.259758
240.621100,-4.162503
241.381500,-5.748919
241.956400,-6.629549
240.898800,-7.376885
242.942500,-6.497419
242.528900,-5.371468
243.190700,-3.583935
244.147600,-5.302769
244.951500,-6.215920
243.901100,-6.301183
244.882800,-4.501667
244.608600,-3.554738
245.389800,-5.333493
245.778800,-4.019002
247.168100,-5.716963
245.218000,-7.238192
244.263900,-8.521366
246.650200,-7.267811
246.707000,-8.449471
243.747900,-7.372522
245.079700,-9.062716
246.223000,-6.369649
246.852500,-4.673336
247.739700,-7.062519
248.378600,-8.639004
249.116000,-6.119097
248.032800,-5.144440
248.969100,-7.280840
250.457500,-7.726171
249.273600,-9.105309
250.443800,-6.752256
250.745100,-5.427550
251.650200,-7.415081
251.630000,-6.429216
251.721600,-5.383973
252.729200,-6.398287
252.545000,-3.663750
251.160000,-4.011566
253.250600,-5.315858
252.504100,-4.644064
253.616900,-3.717031
254.785000,-2.598032
253.445700,-2.446867
254.683000,-3.944839
252.488600,-2.262929
251.865500,-0.502597
250.937300,-2.658612
250.879300,-1.552031
253.312200,-0.934561
254.286500,-1.590962
255.174400,-0.366552
255.796400,-2.394254
255.400900,-1.370332
253.910900,0.213161
253.535700,1.505561
255.139400,1.012067
252.956700,0.413125
251.882700,0.746704
252.315400,2.133050
252.621300,3.169401
251.192700,2.389211
251.682200,3.624359
253.723800,3.251687
250.947800,1.413514
249.245500,1.943490
250.348100,0.275917
250.045000,2.880784
249.367000,0.864703
248.359000,1.133764
248.170200,-0.190308
248.317400,2.477205
249.152900,-0.477941
250.136500,-0.805951
249.088200,-2.305521
247.979700,-1.436683
247.523000,-2.562410
246.242800,-2.272846
246.885900,-0.720024
246.942400,0.868846
245.807600,-0.469235
244.997100,0.793193
244.739300,-1.497176
245.840900,1.441419
244.226300,0.133680
243.871700,1.787634
243.012900,-0.313445
242.987600,1.005016
242.036800,1.617583
242.628600,2.789893
241.569200,0.178288
241.105400,1.060826
239.621800,1.832571
239.871200,0.874058
240.752000,-0.741790
240.795700,2.859681
240.820300,4.477009
239.696200,3.483308
241.735100,3.251606
242.068400,4.796320
243.646700,3.077350
242.700800,3.957226
242.782300,5.679568
244.218400,4.176019
245.548300,2.960435
245.234500,4.046914
245.398900,5.718548
244.294800,5.375022
243.303300,4.796116
243.840500,6.365163
242.817800,7.027863
245.362400,7.079836
244.114000,8.231657
245.394700,8.294165
244.666900,9.326473
242.820200,8.063572
242.945600,9.155268
241.816200,7.711937
241.037400,9.122259
240.435200,7.591126
239.636400,8.586529
238.916000,7.618256
239.362900,6.699746
238.382200,8.867504
237.888700,7.777585
237.519700,6.268156
236.707900,7.834656
237.451400,9.265980
236.167000,6.933470
236.305600,5.463845
236.125900,8.763763
234.735800,9.229509
237.043500,3.955577
237.899300,4.443349
238.114300,5.489983
239.321900,4.678069
240.986300,5.495306
238.017200,3.302903
238.932000,2.843811
238.116600,1.771129
237.320800,2.360576
238.746800,0.917230
238.600300,-0.718311
238.298600,-2.476560
239.728500,-1.196502
239.290300,-2.233288
237.407800,-1.941069
239.264200,0.054756
236.584700,-3.310727
235.572200,-4.658759
235.724300,-5.902729
236.574100,-5.160125
234.669000,-7.194510
240.788500,-1.961155
240.987600,-3.096544
242.054500,-3.476131
242.629100,-2.651368
243.599800,-2.445831
242.159300,-1.073535
242.936400,-1.692023
238.420200,-3.551826
236.623600,3.040226
240.744700,6.539247
239.717100,5.668729
241.842100,6.504815
246.246600,9.227983
247.048700,7.602536
247.468600,9.313520
248.450800,9.153780
248.369700,7.610962
249.567500,6.383760
247.667200,6.038928
249.561200,8.739004
250.604600,7.815928
251.440900,8.418617
250.561100,9.150106
249.561300,7.387162
251.019100,6.412722
248.765300,5.613673
248.510000,6.612231
246.702600,6.210469
246.589200,4.841900
247.005300,2.948824
248.044700,3.970486
247.690200,5.064119
249.595900,4.719797
249.049700,3.821547
251.242500,5.071875
250.610700,3.845373
250.137700,5.549392
252.238100,4.582058
252.966700,6.309722
254.160900,4.484676
253.276700,5.337200
253.122300,4.070330
252.255500,5.591252
254.770000,3.343516
254.425800,2.228977
255.197600,4.729205
256.011500,4.119023
255.650500,2.367259
256.884500,1.080645
257.497700,2.950327
259.143300,2.504045
258.029200,1.968204
257.236000,4.185006
258.899000,3.787236
260.162200,3.346965
259.428200,4.897783
260.403000,4.493918
257.874600,5.010609
259.278800,6.298256
256.819500,5.763333
257.687000,6.282982
256.552900,7.760161
258.566300,7.453499
256.256600,6.711380
257.565800,7.591862
257.127600,8.674606
259.021200,8.330061
258.508600,9.235008
260.143500,9.327019
260.999600,7.623927
261.339400,9.400208
262.731600,8.899754
261.889300,8.068331
263.632000,8.497282
262.237700,7.056464
261.275300,6.257753
263.450000,6.962222
260.170700,8.196648
264.578600,7.219040
264.004100,5.231477
263.119000,5.766284
265.130500,6.234521
266.734100,6.808630
266.193500,5.146743
265.523600,7.813576
265.007900,4.937783
264.528800,3.061610
263.594500,4.245577
265.728200,3.248805
267.209900,3.825328
265.854100,2.005471
267.347800,2.735172
266.367100,1.173302
269.131700,2.418281
267.998700,1.501723
268.253800,3.538992
267.842200,4.598749
269.536700,3.695955
267.288800,5.548374
268.278200,5.923107
268.823100,4.490552
269.619300,5.103319
270.385200,4.495667
271.421200,5.413170
268.921000,6.802401
269.808400,6.306710
271.125700,6.958241
270.647800,7.924876
269.007400,7.847714
267.289900,8.144346
268.154700,8.731543
269.964300,9.323601
271.471700,8.675846
273.040400,9.110058
272.527500,7.207442
272.413100,6.239316
273.728200,6.226861
273.726400,7.738705
274.920100,7.171484
275.497700,8.035917
274.904000,8.995928
276.507000,8.851706
276.802900,7.709462
278.115900,9.062576
278.586300,7.802054
279.927900,9.119431
280.446400,7.945427
281.847000,8.848492
281.729000,7.490849
282.930200,8.666546
283.064700,7.517834
284.629000,7.342129
283.868400,9.035259
283.960900,6.543195
281.862300,6.207182
280.290900,6.224214
281.506400,4.929920
282.943100,5.626841
280.387900,5.028778
279.222400,6.385571
280.170100,3.155411
278.794400,4.650445
281.311800,3.679204
279.726800,4.176900
282.792500,4.228307
280.967000,2.317769
282.787700,2.412484
282.307900,3.262421
283.922700,2.276182
283.480000,3.202926
283.989400,4.193557
282.154900,1.413208
283.770100,0.882046
281.239800,-0.234513
281.204600,0.928401
282.327200,-0.060962
280.767700,-1.167325
282.736300,-1.171680
283.772700,-0.468351
284.861300,-1.846850
283.289100,-2.010595
285.066000,0.089226
285.622900,-1.019278
286.345200,-2.708980
287.028500,0.251644
285.916000,0.611027
287.329500,-1.371658
288.787200,-2.341503
287.391100,-3.084560
288.182600,0.145364
289.094500,-1.290345
290.226700,0.264771
290.685700,-1.421542
289.910100,-0.742069
289.589400,-3.148190
289.184400,0.039946
289.970700,-2.112844
290.997700,-2.433630
290.603100,-3.363729
288.968700,-4.012885
291.645300,-3.663980
290.815700,-4.822489
292.218900,-2.671330
290.027300,-4.227765
288.614900,-5.527738
289.667200,-6.109699
291.518400,-6.612835
288.815500,-6.709295
290.622200,-7.081510
291.276400,-8.195327
292.392600,-7.666166
290.053900,-8.386195
288.640000,-9.409842
288.319800,-7.968744
291.217200,-9.400930
289.372700,-7.596931
292.746000,-8.991854
293.470400,-7.287175
294.135300,-8.565370
295.218300,-7.026520
295.231000,-9.155018
295.937200,-7.885256
295.987300,-6.311254
296.865600,-9.270134
297.727500,-7.572855
296.893200,-8.182105
298.230100,-8.985327
297.120200,-6.359582
298.102100,-6.671133
299.552900,-7.948358
298.989700,-5.927084
297.457200,-5.244731
299.529200,-6.950354
298.734800,-4.923845
300.223400,-6.014001
297.496900,-4.008955
300.238700,-4.051448
298.971300,-3.377240
299.503900,-2.059613
298.323500,-1.898003
297.276800,-2.782267
300.581500,-3.123958
301.771100,-2.052800
301.860400,-3.394423
300.525800,-2.132438
300.732900,-0.702426
299.639700,-0.580147
301.884700,-0.800787
303.473000,-1.386177
302.113800,0.393350
303.173400,0.036432
302.757900,-2.387365
303.798000,-2.755994
303.125200,-3.637425
304.488500,-1.782934
305.693400,-1.727815
304.513300,-0.492150
305.342700,-3.298338
305.678900,-0.734375
307.262700,0.136433
305.026800,0.927124
305.951800,0.582387
306.683700,-1.065763
307.757000,-2.358727
308.228600,-1.300338
306.725600,-2.752877
308.271900,-0.239132
309.174800,1.450351
310.141400,-0.177611
307.786900,1.164925
309.570800,-0.993316
309.218300,0.286695
310.895600,-2.172101
308.799300,-2.369646
310.829200,-1.102569
309.817900,-2.434886
311.056200,-3.556937
309.407400,-4.091447
310.838900,-4.672540
309.063400,-5.383752
308.126500,-4.215955
307.278700,-5.100092
306.182600,-4.162212
304.781800,-5.192140
304.424200,-3.790045
305.966800,-6.035857
307.028800,-7.081689
306.291900,-7.907809
304.040600,-6.092639
305.697800,-7.043829
304.516800,-7.131263
307.773600,-6.447243
309.239700,-7.556456
307.943900,-8.364287
306.900700,-9.006516
308.929600,-8.746943
309.721700,-9.434869
310.745700,-8.296008
311.073300,-7.046652
310.731800,-9.352211
311.911500,-8.943832
312.154500,-7.592625
310.311500,-6.419633
311.470300,-5.905283
312.885200,-6.884405
312.340100,-4.584101
312.778400,-5.621887
312.599000,-2.765179
312.717500,-1.459212
311.543500,-0.023407
312.775500,-0.430215
312.270200,1.121675
311.357100,1.770801
312.719500,2.372217
310.590500,0.842401
310.179800,2.520689
310.786900,3.595986
308.583700,2.790877
309.353600,3.634037
310.074100,4.448349
309.245000,5.396678
310.648300,5.827399
308.408200,4.823431
311.290600,4.453060
312.257100,3.462683
311.596200,6.167778
312.816600,5.040835
309.866700,7.053118
310.775300,7.655741
312.255600,7.931107
312.715000,6.997729
312.913300,8.922672
311.593100,9.007990
310.139900,8.479733
309.695200,9.359991
308.445100,8.652510
307.392300,8.029064
309.118900,7.815115
308.088900,6.931490
307.169600,9.409729
306.405100,8.068857
305.810400,9.049368
305.177200,7.910525
304.726600,8.932619
303.249500,9.083792
303.928100,8.162361
303.276500,7.290030
304.465600,6.690926
302.042100,8.523968
302.162200,7.242486
300.793900,7.581471
300.341000,9.193808
299.540500,7.604704
298.759200,8.614080
298.487800,7.499873
297.726400,8.910608
297.047900,8.127708
297.001000,6.533231
295.274000,8.805342
295.680300,7.585642
296.134600,9.424982
294.419700,9.376930
292.910400,8.628874
294.072100,8.320097
292.883500,7.212498
294.746900,6.638939
293.938400,7.187598
293.771800,6.191918
294.555100,5.403168
296.020300,6.013919
294.388000,4.308951
296.252800,4.934947
293.024100,5.291576
293.424200,4.047839
293.657900,2.374938
292.108700,3.086340
291.960100,4.519564
294.599600,3.169694
296.080300,2.350630
295.520700,4.166551
294.544500,1.538677
293.314000,0.515473
295.789400,0.367202
295.609400,1.497758
294.298100,0.328149
295.469300,-0.583605
293.773800,-0.650174
292.011300,-1.423998
293.592800,-2.213792
294.481100,-1.692393
292.097700,0.055531
291.246000,1.771690
291.137200,0.673242
292.588900,1.831126
290.156000,1.513983
289.167700,2.197248
291.025500,2.901797
289.428800,3.705129
290.754900,4.176007
290.062700,2.618823
288.432100,3.176609
286.934800,2.614774
287.767700,4.898717
287.226300,4.040668
287.976000,1.738493
286.462200,1.445026
284.889800,1.643528
285.932900,2.790634
284.968900,3.198006
285.584600,4.261490
285.247500,5.493218
286.421700,5.341527
284.315400,5.212076
285.501500,6.654561
285.919500,8.271107
286.786100,7.411808
288.414900,7.673306
287.395300,6.346171
286.727000,8.851440
287.847800,8.798170
289.144800,8.519770
289.245500,6.655713
290.208500,9.055233
290.881500,8.038990
290.344800,7.162137
290.640400,5.460186
291.873100,8.115686
291.608400,6.437381
291.650100,9.159594
288.931900,4.777206
289.645200,5.642382
288.359000,5.716067
285.737700,9.297422
284.968900,8.598007
288.797100,0.963871
294.836600,-2.733009
295.906700,-2.628434
293.720800,-3.201000
293.839400,-4.413390
295.059200,-3.851404
292.833700,-4.256451
293.236200,-5.867254
291.757000,-5.664011
294.700800,-5.777254
295.867500,-4.645024
296.397500,-3.655410
296.537400,-1.756900
297.864100,-0.888308
296.435100,-0.361677
297.376000,1.233063
298.391500,0.136976
297.901000,2.588206
299.192200,1.338026
300.089400,0.374956
300.022100,2.575862
300.315100,1.504592
301.116100,2.402067
300.659600,3.340825
302.059900,1.633843
301.209000,0.764153
298.930500,2.342528
299.182300,3.499741
297.883200,3.892942
298.803800,4.460955
297.384900,5.335485
296.867600,3.089729
299.044200,5.959637
300.617400,5.500153
299.648700,5.041633
300.141500,6.538454
301.464100,6.163969
302.520100,5.990274
301.930200,5.016103
300.907700,4.374233
302.349500,3.264815
303.738800,4.085090
303.135800,1.630078
303.700800,2.778620
305.043900,2.908308
304.305300,2.015305
303.846200,0.756196
305.840200,1.942869
306.121000,3.135267
307.262900,3.052834
306.604200,4.672451
306.810500,1.553191
308.093800,3.790171
306.500400,6.355896
305.675600,5.561731
307.513800,6.042755
305.484300,4.579716
304.407200,4.900985
303.850300,5.852137
302.645400,4.198065
305.572200,6.728112
304.712700,3.916245
297.381900,0.240111
298.035800,6.366275
312.995900,-8.191168
312.967100,-9.217881
305.174300,-8.574884
305.957900,-9.332677
307.967600,-9.386768
304.019900,-8.054402
303.337300,-8.819083
302.710400,-7.486447
301.449600,-8.998581
301.869800,-8.047361
301.788500,-6.218021
300.655600,-7.591057
302.783800,-6.480189
300.260800,-8.911160
299.236300,-9.130306
303.625900,-5.049408
302.177100,-4.732888
300.604500,-5.041942
301.343400,-4.229278
308.803600,-6.544514
307.273300,-3.636614
287.162300,-6.478279
286.777300,-8.944627
287.343600,-8.057466
286.435500,-7.370019
285.445700,-8.264625
283.943500,-8.311776
284.730300,-9.121949
285.120500,-6.392885
284.642600,-7.490285
283.990700,-6.188622
286.152000,-6.329991
283.461400,-7.242205
282.812200,-8.132813
282.127900,-6.821051
281.272600,-8.496155
282.971100,-6.299463
282.221900,-9.345076
283.232100,-9.198263
281.817400,-4.887191
282.769700,-4.384416
284.075700,-5.028255
281.320300,-5.795561
279.646100,-4.874804
279.621800,-6.037957
280.787000,-6.942384
280.758500,-4.313106
280.404100,-2.941822
281.849400,-3.093097
283.111100,-3.251664
281.423500,-1.953156
279.770200,-1.507340
278.283900,-1.303320
279.167300,0.093396
279.116100,-2.430205
278.171900,-3.342199
277.432500,-2.060805
279.769000,-3.814078
277.922200,-4.420917
278.591200,-5.943222
276.708500,-5.450496
276.306900,-3.840462
277.486300,-6.039455
277.622300,-7.455719
276.319000,-7.088733
275.749000,-8.585963
275.101300,-6.156094
275.076500,-7.270275
276.821300,-8.888028
278.465200,-8.419919
277.835100,-9.247045
279.508900,-8.406984
280.556000,-9.324117
280.430100,-7.999243
279.680900,-7.340034
278.632600,-7.028353
279.144400,-9.379784
273.880800,-8.602487
273.932500,-7.338892
272.445800,-8.315825
273.245800,-6.559072
272.111400,-6.915441
273.614500,-5.550843
273.994700,-3.940743
275.149200,-4.643710
272.705800,-4.199949
271.831200,-5.432853
270.512800,-4.254099
270.809900,-6.337129
271.538100,-3.868435
269.956600,-5.546940
269.458600,-3.894811
268.759900,-6.099848
269.601900,-6.745297
268.755100,-4.845082
267.424200,-4.422610
268.090300,-3.614574
267.472600,-5.961249
266.355500,-6.649266
266.182800,-4.984600
266.711200,-7.622308
267.686200,-7.626244
269.342100,-8.229033
266.268400,-8.509288
268.735600,-7.449804
267.586600,-9.241030
268.575300,-9.142864
269.524200,-9.388868
271.091400,-8.418991
271.682100,-9.429334
271.101900,-7.407277
270.556300,-9.287919
265.293000,-8.084760
265.068100,-9.076815
264.143400,-7.659978
263.314500,-8.582450
262.294300,-9.084138
262.384900,-7.563589
264.066500,-9.319289
263.293300,-6.859564
263.820000,-5.611962
264.591100,-6.775426
261.830400,-6.423770
264.793600,-5.814821
262.742300,-6.007624
262.546400,-4.887945
261.904100,-3.056890
263.364300,-3.555025
261.037900,-5.228205
261.097000,-4.180993
264.279600,-4.417311
265.064300,-3.825620
264.517900,-2.716382
263.164200,-1.575357
266.361600,-3.264563
264.572900,-1.645153
266.083800,-1.857390
262.695000,-2.473692
261.547200,-1.171018
260.959000,-2.104319
259.356400,-3.047507
259.590700,-0.720220
259.054800,-1.779158
260.560400,-1.166202
260.321500,-3.486507
258.753200,-3.811353
262.069200,-4.020925
259.325100,-4.734674
259.652500,-5.915582
257.768400,-4.605149
258.404800,-5.740625
257.524900,-6.172668
256.605300,-5.187586
257.833200,-7.540975
258.853700,-7.194946
258.641500,-8.538100
260.326400,-8.011043
259.987000,-6.947515
261.308800,-8.218495
260.793400,-6.182896
259.732800,-8.798995
260.674000,-9.272558
261.101100,-7.157061
256.888200,-8.427836
257.699200,-9.179009
255.869000,-9.417947
254.792100,-9.064836
254.899900,-7.743323
256.174600,-6.701351
253.971200,-7.159755
254.775800,-5.914598
253.116900,-7.801539
253.728000,-9.253524
252.644700,-9.380066
252.180300,-8.453446
250.702500,-9.076403
255.637800,-5.043358
254.186700,-4.990008
255.741800,-4.011740
256.696100,-3.431995
256.796400,-1.888974
257.927400,-2.456012
258.020800,-0.900684
256.738800,-0.914713
257.783900,0.362180
256.166500,0.420963
259.200400,1.420287
259.053400,0.263574
260.090500,1.837438
260.713000,0.626860
262.481200,1.203154
261.194400,2.285835
262.387300,0.028483
263.633300,0.306855
264.038900,1.434739
263.822800,-0.736499
265.140800,-0.304885
264.836000,0.670903
266.661300,-1.063328
266.289400,-0.063041
268.075700,-0.001924
269.501200,-0.285660
269.122800,-1.388255
267.591200,-1.713061
269.640000,1.092977
268.698400,0.800502
271.419200,1.760076
270.798400,0.606473
270.202800,1.946444
271.444000,3.076209
270.497000,3.353625
272.064500,3.899809
273.300000,3.606256
273.121100,5.459459
272.939800,2.300037
273.609000,4.577046
275.041700,3.874364
274.578100,2.946939
274.871900,5.715591
276.121400,5.834684
275.970500,4.308590
276.910300,3.832156
277.278700,5.334732
275.630300,2.673393
277.008500,1.812568
275.842100,1.614747
274.442600,1.502453
277.488600,2.676105
279.178300,2.643545
278.058600,1.733996
277.697200,0.820933
278.393500,3.560923
278.664600,0.966525
276.351800,-0.344178
275.817800,0.527035
277.358200,-0.705495
275.884700,-1.468848
274.763000,-2.910611
274.062300,-1.309871
275.124000,-0.588818
276.129400,-2.471791
273.635100,0.082985
272.638200,0.034472
272.511000,-0.947672
273.450000,1.230942
274.509700,0.531519
272.465900,1.098419
272.672500,-2.273070
270.928800,-1.918414
270.888300,-0.616570
269.856900,-2.064746
271.599100,-2.768671
270.380700,-2.924067
268.868400,-2.910748
267.031100,-2.527682
273.263200,-3.173601
279.640700,1.162829
280.201500,0.249904
277.796200,6.604399
275.983100,6.969283
263.122800,2.042864
263.358900,3.180168
262.318300,3.995950
262.161300,2.416634
261.638900,3.286489
261.314800,5.127820
255.923200,-8.072297
272.940600,-9.157507
274.510600,-9.410085
283.997700,-2.808521
284.836000,-3.691899
285.397400,-5.413608
283.904300,-4.050895
286.450200,-4.181595
288.170100,-4.640717
287.569900,-5.519447
286.533900,-5.286348
290.057900,-9.392814
290.777200,-5.944960
279.526000,7.507348
266.491400,9.107306
264.892100,8.703842
267.721300,7.107779
267.163200,0.375906
262.281400,5.011357
260.293100,6.940617
255.336500,8.097790
255.744800,9.137949
254.258400,9.377636
253.967500,8.425093
253.172600,7.667031
252.788200,8.607000
254.272000,6.692135
254.920700,5.710730
251.934600,6.919566
251.722900,9.360825
255.260800,7.119992
260.266000,5.765714
256.595200,2.024513
256.434100,3.041693
246.282200,3.828063
246.689700,1.991570
244.886200,2.154198
244.324000,7.264851
244.600700,-2.517754
243.890800,-0.811020
247.358200,-3.576543
248.508300,-3.626961
249.207200,-4.718946
250.007300,-2.974906
249.863000,-3.970464
247.722600,-9.397428
246.132200,-9.353026
243.253600,-8.887231
242.203000,-9.405161
241.314800,-8.831449
242.524000,-7.573710
243.490700,-4.550608
237.563500,-6.626021
229.981800,-5.151780
231.745200,1.011583
235.432500,-0.710089
206.561200,8.339022
208.402100,7.615120
207.542200,8.087866
206.993100,9.232948
208.821500,3.784742
209.790700,3.376544
209.842300,2.403992
211.502300,3.688436
209.214700,5.766314
203.911000,-7.246613
203.813900,-2.739717
208.045900,5.370691
192.861500,8.150946
193.319400,6.389322
193.862400,8.190409
192.613300,9.101669
194.544400,9.176893
192.585300,7.192439
191.131700,7.729865
191.207300,5.950654
192.170500,6.108920
189.883900,8.253006
190.335700,9.424915
191.557100,8.914930
189.127000,8.878826
188.251500,9.375051
186.947800,9.247183
179.351400,7.665968
167.521200,-0.030432
168.718300,1.085961
166.358900,0.278507
160.770200,-0.013719
161.920100,-1.840543
161.033200,6.856022
161.804100,5.098775
151.689700,9.088470
150.662000,9.375988
151.243200,7.922295
155.846300,6.517558
153.339200,5.182644
152.395600,3.104092
155.976600,-5.677634
154.153400,-6.882243
164.041900,-5.640339
160.923600,-3.580497
160.833900,-5.419445
90.200890,-2.747983
13.121130,-8.732040
272.394200,-0.213782
125.963200,-1.669626
298.928000,-5.250413
268.356000,2.279693
83.456670,-9.253111
137.206800,5.736180
137.234100,-0.495017
248.334300,-8.055529
224.907600,-2.782003
161.547000,6.657892
303.193600,-6.928057
270.079300,-3.808356
125.467500,-1.521271
101.786800,1.783609
193.133400,-7.780240
112.964500,1.002191
212.687800,-4.888577
15.502860,3.434822
25.443060,5.783294
192.754200,6.651855
138.563200,-9.432085
93.683870,4.968881
231.327000,2.648717
189.787000,0.159577
35.038940,-1.698411
10.355110,4.592144
65.267910,4.912508
275.231000,8.177851
80.193150,-5.758706
83.402400,-1.019285
282.411500,-6.050532
162.976100,2.394393
63.227400,-3.613695
78.599520,-1.994863
307.270100,7.388573
74.702480,6.013450
281.636900,4.179423
2.931986,3.017367
98.281940,3.975057
117.803600,1.551889
125.218800,8.926537
160.253200,-8.381386
241.254200,1.430543
296.078900,-0.703393
152.809100,6.989981
130.154700,1.359860
270.736200,-1.925356
144.956400,8.385275
191.961200,-6.302108
31.286280,1.482248
248.278800,-3.503876
215.320500,5.769245
186.806200,-9.062174
246.647900,4.560322
167.629700,-1.845587
26.192530,2.779742
283.537700,6.943726
82.361460,-1.022476
6.158713,-0.021705
52.674020,-9.157265
97.180050,-3.536873
295.308900,-6.027933
87.187650,-8.417114
306.558700,-7.594153
218.240800,-6.713310
294.764500,7.636866
185.423500,-2.932003
140.215300,-3.316714
157.159900,-6.452075
169.541500,8.149696
120.235700,-2.075165
302.767300,3.215477
94.053000,-0.112320
6.354924,3.886508
271.225500,2.040894
157.858900,-6.695884
93.923180,-0.567662
15.604400,-4.989292
307.811400,9.163393
309.530000,5.147849
294.085300,5.300965
240.346600,4.138927
178.737300,0.806283
247.231200,-8.234062
188.405400,5.677310
48.759090,8.331249
72.053300,4.170587
238.760000,-6.935806
200.930600,5.188421
22.834340,8.593548
72.758060,-7.953441
132.042600,3.840751
109.691700,-4.070467
235.829700,0.329950
189.062700,-2.481535
301.043900,8.090090
55.615270,-3.524957
303.138700,5.652975
242.817200,1.126817
67.940930,6.596191
236.685500,-1.759759
157.749500,8.160131
37.538150,-5.536162
40.214160,-8.269001
13.968810,-7.585365
32.342000,-9.183847
243.421200,4.884918
159.655500,-5.517246
157.651800,9.196743
117.910800,2.890978
44.789920,-7.438053
13.987100,0.137043
287.922500,5.963875
172.921500,3.217597
136.377700,4.576754
310.027200,-2.246194
223.671900,-5.204100
201.896400,7.958390
120.510800,-4.358149
200.292500,-6.132875
85.131730,3.278220
101.401900,0.292673
170.054000,-1.742980
142.744600,2.466037
155.421600,1.635627
175.304600,2.669669
233.863500,-8.908041
119.759700,6.247756
55.256920,8.181523
45.155840,-0.192996
4.799606,-3.976449
303.475400,4.883147
228.746700,-8.265875
152.528600,-5.901925
48.731220,-2.787318
217.816100,-0.830303
1.049103,4.848190
71.582360,4.784975
118.391400,-4.843313
18.819410,8.336620
265.112200,3.553029
268.458500,2.119840
201.966900,-5.778664
115.667300,7.077647
262.880100,8.550623
44.072130,-2.125861
221.712700,-8.169952
123.347000,5.041956
199.810500,-9.165144
225.876600,-1.544644
140.981000,8.017105
282.179000,9.348232
278.087800,-8.585064
223.892700,4.886918
127.065700,-1.087977
136.740200,-2.835642
165.556100,5.444609
259.053900,-4.992117
265.403300,-8.162535
27.009610,-7.254482
67.290990,6.689110
213.546100,-5.951019
244.956600,-5.373282
205.719000,4.574486
177.336400,-2.571625
13.507090,9.096472
189.707000,-6.408141
274.796900,-8.383688
119.402800,4.838969
