0.231095,-9.377466
2.226113,-9.047916
3.340967,-8.940548
4.460899,-8.928156
5.829284,-9.174626
7.291879,-9.301868
8.864027,-9.091184
9.970539,-9.264991
11.273860,-9.262218
12.389420,-9.362092
13.931170,-9.269358
15.048760,-9.195661
16.548310,-9.041995
17.596690,-9.432824
18.715230,-9.394449
20.274160,-9.155944
21.821650,-8.922881
23.121440,-9.139235
24.202360,-9.432515
25.695340,-9.432463
27.052120,-9.184748
28.373030,-9.252926
29.485560,-9.127188
31.059590,-9.432500
32.349460,-9.259096
33.637690,-9.432453
34.723480,-9.106204
36.289050,-9.264672
37.835270,-9.158065
38.961640,-9.035571
40.366090,-9.432575
41.450080,-9.151133
42.831650,-9.214223
43.983720,-9.017885
45.507580,-9.103371
46.667820,-9.432528
48.201980,-9.433517
49.476510,-9.218651
50.581230,-9.035562
52.215810,-8.907055
53.386500,-9.300977
54.819680,-9.432520
56.275240,-8.852618
57.372310,-9.072700
58.431730,-9.432797
59.972170,-9.013724
61.572270,-9.022182
62.691470,-9.067806
64.106060,-9.432478
65.405430,-9.024513
66.535060,-9.001311
67.812260,-9.432499
69.615610,-8.968030
70.817220,-9.408896
72.092610,-9.161077
73.624490,-9.122295
74.828120,-9.374697
76.056270,-9.150616
77.432280,-9.432493
78.570490,-9.229017
79.764430,-9.028071
81.302610,-9.125896
82.568470,-9.262444
83.730900,-9.354300
85.289060,-9.126758
86.576370,-9.432453
87.641250,-9.085299
88.734080,-9.330770
90.047040,-9.260567
92.005770,-9.183319
93.285960,-9.015547
94.355950,-9.348132
96.053750,-8.936125
97.217040,-9.432552
98.210060,-8.861476
99.927170,-9.001936
101.063400,-9.404277
102.183400,-9.412407
103.659900,-9.173382
104.877800,-9.131584
105.982000,-9.318837
107.602100,-9.432492
109.048800,-9.191389
110.494700,-9.432502
111.637700,-9.147627
113.024100,-9.025284
114.399000,-9.432500
115.528900,-9.107506
116.846000,-9.432516
118.126600,-9.341838
119.443700,-9.100182
120.964100,-9.032582
122.177300,-9.432498
123.524400,-9.197800
125.379700,-9.149232
126.533200,-9.023759
127.630900,-9.246503
128.791100,-9.168371
130.100700,-9.222507
131.456800,-9.163768
132.574600,-9.303083
134.008000,-9.096744
135.663900,-9.194285
136.792000,-9.219689
138.405900,-9.283736
139.519500,-9.163647
141.003000,-9.432495
142.331000,-9.389905
143.432900,-9.193856
144.526500,-9.432600
146.055900,-9.199521
147.404000,-9.432441
148.524000,-9.432435
150.039100,-9.432557
151.111200,-9.108641
152.911600,-8.969066
154.008900,-9.192575
155.282400,-9.283677
156.552400,-9.321214
158.299200,-8.928141
159.403700,-9.139484
160.521200,-9.364154
161.889600,-9.301877
163.001100,-9.162306
164.744000,-9.432612
165.793700,-9.042732
167.089300,-9.113941
168.208800,-9.138000
170.236300,-9.008587
171.356000,-8.981797
172.527500,-9.135904
173.757300,-8.765306
174.919400,-9.432508
176.286600,-8.951251
177.393700,-9.118591
179.072200,-9.045270
180.166200,-8.714854
181.892900,-8.999437
183.064000,-9.409343
184.430800,-9.255526
185.924200,-9.190992
187.023500,-9.405547
188.309400,-9.276998
189.852200,-9.129091
191.078600,-9.007422
192.399000,-9.432470
193.512000,-8.934324
194.876700,-9.432554
196.281700,-9.212532
197.549300,-9.359516
198.973600,-9.388847
200.537400,-9.306164
201.654200,-9.220380
203.053800,-8.808030
204.104500,-9.196239
205.225000,-9.207931
206.591700,-9.357851
208.117000,-8.863006
209.644300,-9.185367
210.759900,-9.285652
212.455200,-9.284528
213.571300,-9.214603
214.685900,-9.123781
216.223200,-9.312028
217.410100,-8.932421
218.828600,-9.249108
219.954100,-8.891229
221.314500,-9.361688
222.434100,-9.392147
223.939600,-9.144584
225.383800,-9.414188
226.790500,-9.013517
228.018300,-8.746696
229.326500,-9.209128
230.786400,-9.382014
231.895600,-9.226637
233.523300,-9.113451
234.686600,-8.787344
236.037000,-9.432533
237.423400,-9.244780
238.575800,-9.224461
240.195100,-9.432491
241.314500,-9.393780
242.537200,-9.297987
243.698100,-9.235435
245.191900,-8.702960
246.453600,-9.000186
247.873900,-9.206884
249.533100,-9.432543
250.606400,-9.112614
251.834000,-9.432496
253.360700,-9.034377
254.442700,-9.320722
255.629500,-8.987559
257.076500,-8.941248
258.685100,-9.432488
259.742100,-9.062626
260.835600,-9.305078
262.092100,-9.232523
263.830900,-9.161659
265.019200,-9.432496
266.195600,-9.123679
267.719500,-9.432536
268.955200,-8.947287
270.384800,-9.158829
271.688100,-9.162269
273.233900,-9.113545
274.307500,-9.432558
275.358900,-9.047788
277.022900,-9.141274
278.357700,-9.308294
279.470100,-9.177736
280.914800,-9.063977
282.034600,-9.041945
283.397300,-9.431227
284.933600,-9.250484
286.040000,-9.432436
287.633700,-9.113333
288.879700,-9.432529
290.091900,-9.314769
291.339900,-9.371806
292.396900,-8.998704
293.957100,-9.319194
295.823500,-9.432489
296.969700,-9.326380
298.039400,-8.994052
299.177700,-8.980327
300.448200,-9.192264
302.210800,-9.249504
303.323000,-9.381474
304.900200,-9.293797
306.135200,-8.961036
307.502400,-8.937786
308.617800,-9.040280
309.966200,-9.193612
311.127100,-9.177959
312.282800,-9.311916
1.199497,-8.021452
2.561921,-7.978573
3.863562,-7.949802
5.212054,-8.097481
6.338967,-8.178254
7.458413,-8.193850
9.147790,-8.007556
10.315900,-8.199501
11.778650,-7.653437
12.997550,-8.056383
14.786860,-7.924064
16.051270,-7.964041
17.163120,-8.099928
18.574290,-8.282845
20.026070,-8.063657
21.135850,-7.913204
22.589130,-8.108518
23.706560,-8.175699
24.996310,-8.078918
26.443600,-8.005148
27.751010,-8.143132
29.245110,-8.003322
30.332420,-8.394710
31.574770,-8.275669
32.754800,-8.214960
34.072140,-8.194994
35.735710,-7.822093
36.833600,-8.108478
38.171220,-7.941822
39.548000,-7.946248
40.617070,-8.280406
42.011970,-7.858730
43.768490,-7.919570
45.145360,-8.039040
46.260400,-7.937703
47.689320,-8.439659
48.633110,-7.836583
49.874930,-8.164685
51.338640,-8.210952
53.106880,-7.975035
54.219660,-8.102008
55.397510,-7.884793
56.823570,-7.875313
58.210020,-7.766890
59.413100,-8.043404
60.548870,-8.007689
62.167470,-7.755262
63.286510,-7.794271
64.716460,-7.987966
65.950340,-8.045876
67.106320,-7.995024
68.615970,-7.880750
69.734820,-7.855123
71.571100,-7.899939
72.685260,-8.008917
73.850580,-7.879173
75.238190,-8.332376
76.529000,-8.135228
77.908920,-7.985572
79.008690,-8.198039
80.450600,-8.035329
81.646130,-8.061212
83.675350,-8.147510
84.926360,-8.019193
86.045320,-8.069289
87.283160,-8.023979
88.645990,-8.213777
89.635310,-7.688549
90.956910,-7.859510
92.521740,-8.079748
93.720060,-7.983089
95.308940,-8.074953
96.410920,-7.874233
97.737820,-7.758869
99.126930,-8.218331
100.344900,-7.558172
101.809200,-7.839640
102.786800,-8.386200
104.067200,-8.130003
105.785400,-8.057513
107.070400,-8.206858
108.478100,-8.227542
109.701500,-8.045751
110.791000,-8.304594
111.875300,-8.024591
113.581700,-7.548531
114.824800,-8.198792
116.013700,-8.097823
117.162800,-8.125537
119.185300,-8.010325
120.305400,-8.016619
121.528900,-8.046901
122.920300,-8.040419
124.160500,-8.078273
125.442600,-7.872843
126.903300,-7.966595
128.254200,-7.832666
129.595300,-7.966988
130.710100,-8.075642
132.292100,-8.219445
133.381900,-7.963799
134.501300,-7.973701
135.764200,-8.078691
137.501700,-8.353200
139.062500,-8.123390
140.370800,-8.124152
141.591700,-7.690022
142.538600,-8.288315
144.548400,-8.168040
145.654100,-7.989050
146.701100,-7.591244
148.155800,-8.060998
149.273100,-7.983142
150.384300,-7.843322
152.001200,-8.316975
153.641500,-8.119239
154.837300,-7.798771
155.945700,-8.379695
157.230800,-7.882205
158.729800,-7.895184
159.830500,-8.103726
160.981000,-7.888907
162.338000,-8.259590
163.881700,-8.147907
164.972300,-7.808102
166.677100,-8.073641
167.790800,-7.956749
169.474900,-8.186993
170.481800,-7.696482
171.591700,-7.887103
173.329100,-7.726737
174.569600,-7.995226
175.688400,-8.005445
177.194300,-8.003839
178.293100,-8.232496
179.442600,-7.819812
181.060300,-8.040162
182.173400,-7.915101
183.767100,-8.028605
185.155300,-7.850991
186.256600,-8.055428
187.760400,-8.061201
189.173200,-8.236552
190.266200,-7.991659
191.651100,-8.044724
192.897900,-7.998201
194.016000,-7.916721
195.687300,-7.673111
196.691100,-8.169991
198.168000,-8.062380
199.707200,-7.836761
200.864900,-8.227350
201.984800,-8.150250
203.675900,-7.757526
204.695400,-8.221181
206.230800,-8.047952
207.362700,-7.933601
208.748700,-7.938159
210.186200,-8.007830
211.468800,-7.768214
213.106400,-8.195668
214.275200,-7.722710
215.294000,-8.183905
217.143700,-7.845130
218.286700,-7.848745
219.404500,-7.915654
220.667800,-8.019018
222.160000,-8.139672
223.535700,-8.092372
224.812700,-8.443262
225.857900,-8.040940
227.186800,-7.965847
228.905600,-8.000920
229.984400,-8.302297
231.297700,-8.277110
232.835300,-8.229611
233.940500,-7.952056
235.618000,-8.167686
236.716000,-8.377601
237.707400,-7.858507
239.353700,-8.376138
240.837900,-7.957495
241.866200,-8.401235
243.120800,-8.275478
244.191900,-7.948206
246.030000,-7.960672
247.148700,-8.000073
248.257500,-8.154475
249.898100,-8.219907
251.422600,-8.212099
252.540200,-8.273974
253.878700,-8.020267
255.151400,-7.974635
256.574400,-7.941711
257.674400,-7.716171
259.377000,-8.003782
260.497800,-8.107199
261.943900,-8.122730
263.071500,-8.048031
264.731400,-8.153833
265.840900,-8.011602
266.955500,-7.922050
268.067400,-8.047894
269.540200,-7.992145
271.016800,-8.132710
272.666700,-7.933425
273.769600,-8.131000
275.463400,-7.933799
276.583200,-7.954081
277.728200,-8.046208
278.957700,-7.992095
280.490800,-7.746094
281.699700,-7.874708
282.843900,-7.821220
284.272500,-7.990572
285.380700,-8.223883
286.690200,-7.901611
288.224100,-8.012764
289.720500,-7.929073
290.827400,-8.094904
291.940000,-7.978348
293.190400,-7.995039
294.846200,-8.018580
295.948400,-8.217307
297.111100,-8.215233
298.755700,-7.943122
300.144000,-8.037278
301.445800,-8.072024
302.584600,-7.836168
304.285100,-7.947159
305.393700,-7.790201
306.508000,-7.901935
308.061100,-7.967001
309.308500,-8.100625
310.758100,-7.975042
312.126800,-7.751846
313.336100,-8.020905
0.550259,-7.108769
1.954675,-7.015777
3.060918,-6.840741
4.851022,-6.980865
5.960526,-7.125238
7.099654,-7.131516
8.529236,-6.618170
9.695735,-6.532602
10.957700,-6.891414
12.848250,-6.812115
13.855070,-7.302697
15.271590,-6.914247
16.432670,-6.910841
17.716030,-6.930863
18.938350,-7.213852
20.440710,-6.584568
21.525590,-6.863261
22.759630,-7.002099
24.055250,-7.111785
25.550130,-7.105339
26.935470,-6.777460
28.420340,-7.245025
29.652240,-6.853192
30.976060,-6.836840
32.088250,-6.969398
33.327690,-6.845535
34.980480,-6.906845
36.276090,-6.840979
37.446360,-7.087936
38.838450,-6.929825
40.059260,-6.842891
41.320860,-6.892878
42.914860,-7.196432
44.005120,-6.693733
45.530800,-6.874018
46.861270,-6.992868
48.311060,-6.718133
49.721610,-6.879988
51.084640,-7.120479
52.182680,-6.899101
53.366420,-6.613798
54.636070,-7.062278
55.979640,-6.785749
57.477590,-6.919601
59.164420,-6.951577
60.195660,-6.517774
61.240750,-7.126812
62.722150,-6.763990
63.844300,-6.823105
65.340420,-6.901167
66.558270,-6.465353
67.566420,-6.953481
69.438630,-6.769881
70.668170,-7.238776
71.796370,-6.780262
73.499010,-6.793859
74.617570,-6.852801
75.932660,-6.915731
77.172210,-6.722383
78.675350,-6.727636
80.065750,-6.678990
81.111370,-7.078453
82.540250,-7.387522
83.952200,-7.063375
84.939610,-6.536431
86.180440,-6.950163
88.097220,-6.917892
89.258150,-6.633840
90.603670,-6.666665
92.060460,-7.045568
93.179620,-7.002216
94.706670,-6.783640
95.820340,-6.906829
96.993580,-6.917575
98.456570,-6.899795
99.566520,-6.749290
100.831200,-6.549928
102.250400,-6.810210
103.797900,-6.869709
105.372200,-6.893474
106.549100,-6.880670
107.758800,-6.971554
108.953900,-7.212037
110.292000,-6.931508
111.433200,-6.995436
112.546000,-7.122364
114.620700,-7.097364
115.728700,-6.940994
116.756900,-6.499007
117.904200,-6.920927
119.400500,-6.831433
120.708100,-6.786029
122.450800,-7.019986
123.561400,-6.878168
124.665100,-7.066731
126.100600,-6.967349
127.682700,-6.725473
128.910400,-6.925003
130.437800,-6.989203
131.767700,-7.230062
133.115500,-6.736932
134.227100,-6.874395
135.421100,-6.629650
136.535700,-6.737053
138.132300,-6.757270
139.264500,-7.021763
140.380900,-6.932594
142.197000,-6.748197
143.312700,-6.832198
144.410600,-7.049149
145.925600,-6.775445
147.081400,-6.537653
148.797300,-6.908729
150.170300,-6.705835
151.220700,-7.098342
152.818400,-7.219326
153.918400,-7.008543
155.334500,-6.795102
156.869300,-6.822429
158.018200,-7.030430
159.439900,-7.030173
160.546000,-6.856795
161.821400,-6.974063
163.133200,-6.846160
164.252700,-6.851120
165.934800,-7.236098
166.934100,-6.730826
168.477700,-6.782798
169.931400,-6.715932
171.200600,-6.837814
172.366600,-7.078392
173.911400,-6.680954
175.176700,-7.004755
176.314600,-7.077701
177.825600,-6.706360
179.454200,-6.700764
180.514800,-7.061894
181.738300,-6.883061
183.277200,-7.018867
184.344800,-6.681323
185.644600,-6.626599
187.073500,-7.176398
188.170700,-6.950710
189.536500,-7.097978
191.231200,-6.840925
192.654700,-6.905255
193.758400,-6.714211
195.106600,-6.701072
196.284300,-6.722023
197.567400,-7.079271
198.682000,-6.967925
200.158200,-6.812768
201.720500,-6.700850
202.920500,-6.586845
204.151200,-6.743499
205.478900,-6.767791
206.577600,-6.982385
208.152200,-6.851655
209.505800,-6.650925
210.907300,-6.800168
212.293300,-6.848644
213.397100,-7.030902
214.812700,-6.739928
216.142800,-6.868123
217.592100,-6.819414
218.711200,-6.781337
220.019800,-6.980103
221.526800,-7.215659
222.517000,-6.692184
224.060600,-6.879981
225.563800,-6.960799
226.627000,-6.610353
227.736600,-6.759202
229.294800,-6.726683
230.496000,-7.102021
231.787800,-6.700473
232.925700,-6.876674
234.613000,-6.503166
236.063800,-6.958271
237.211900,-6.853948
238.931100,-7.063334
240.043500,-6.908690
241.264400,-6.923091
242.333900,-7.255832
243.916100,-6.837150
244.994600,-7.167295
246.425700,-6.899587
247.980700,-6.741957
249.094800,-6.850007
250.176900,-7.135050
251.853500,-6.875910
253.123500,-6.927288
254.510900,-6.882953
256.234200,-6.876637
257.459400,-6.617171
258.544400,-6.969120
259.849500,-6.585845
260.949400,-6.794765
262.335400,-7.073649
263.788600,-7.187552
265.105700,-7.050116
266.516200,-6.480350
267.529300,-6.960423
268.924800,-6.924912
270.030200,-6.744521
271.766100,-7.267371
272.908800,-6.838564
274.153600,-7.080212
275.246100,-6.836527
277.164500,-6.975645
278.487900,-6.766966
279.724300,-6.924928
281.191200,-6.873147
282.310100,-6.836920
283.709000,-7.022521
285.084900,-7.143920
286.023900,-6.533512
287.685600,-7.009321
288.793200,-6.843047
290.105700,-6.539010
291.906200,-6.861277
292.968400,-6.512332
293.987100,-6.973566
295.397900,-6.832483
296.998700,-7.027705
298.117600,-6.975438
299.389300,-7.020154
300.451300,-6.665022
302.271400,-6.760853
303.460900,-6.869064
304.629200,-6.879516
305.848300,-6.767505
307.423100,-6.870684
308.768200,-6.901864
310.007800,-6.532692
311.266800,-6.958317
312.902000,-6.945113
1.193343,-5.808524
2.465855,-5.829975
4.098621,-6.151546
5.141995,-5.653615
6.378299,-5.873997
7.921475,-5.677326
9.357742,-5.377026
10.434470,-5.685833
12.052010,-5.879231
13.163110,-5.737168
14.685410,-5.751887
15.805170,-5.725194
17.154230,-5.865175
18.348190,-5.807477
19.699180,-5.487852
21.025040,-5.466968
22.274270,-5.578665
23.551160,-6.111916
24.975690,-5.518092
26.271610,-5.788497
27.479640,-5.683888
28.978470,-5.792533
30.115220,-5.833282
31.468430,-5.654617
32.712400,-5.909847
34.316350,-5.781093
35.504470,-5.613036
36.870890,-5.748002
38.367640,-5.787810
39.485310,-5.860894
40.867070,-5.865469
42.451370,-6.177736
43.468350,-5.711040
44.910400,-5.746918
46.000020,-5.487296
47.135190,-5.827300
49.115120,-5.938323
50.359520,-5.478975
51.463700,-5.662802
52.570640,-5.826643
54.185080,-5.804412
55.268700,-5.500564
56.943930,-5.934908
58.053070,-5.778271
59.214110,-5.592022
60.596660,-5.474477
61.985990,-5.739752
63.453210,-5.759951
64.570100,-5.677701
66.014470,-5.486128
67.475850,-5.822936
68.611950,-5.352902
69.686290,-5.677467
71.156330,-5.359622
72.570110,-5.793154
73.685130,-5.686638
75.298670,-5.727750
76.743370,-5.687620
77.857770,-5.574587
79.307710,-5.803129
80.726290,-5.587451
82.178250,-5.930204
83.270530,-6.175881
84.850460,-5.420439
85.898560,-5.821674
87.558330,-5.935981
88.645420,-5.665824
89.952020,-5.754513
91.188840,-5.711524
92.284870,-5.942615
93.602210,-5.965037
95.156390,-5.757995
96.228090,-5.433207
97.758930,-5.752511
99.575100,-5.629293
100.678700,-5.441792
101.758800,-5.738235
102.942700,-5.803162
104.460900,-5.776181
105.797900,-5.681320
107.145400,-5.932515
108.353400,-5.727653
109.816500,-5.815758
110.921500,-5.999236
112.410000,-5.698974
113.590600,-5.528778
114.808200,-5.388907
116.137800,-5.564893
117.455700,-5.377860
118.959700,-5.801700
120.656600,-5.667700
121.775700,-5.740386
122.905400,-5.730944
124.019900,-5.856253
125.306100,-5.741852
126.667600,-6.002221
128.271800,-5.772861
129.497500,-5.779006
131.057500,-5.968183
132.159700,-5.726807
133.517200,-5.691306
134.804100,-5.695282
136.200300,-5.647089
137.519800,-5.602229
138.639300,-5.573421
139.833300,-5.633617
140.946300,-5.758890
142.599900,-5.652298
143.712000,-5.785762
145.664600,-5.469377
146.867300,-5.434632
147.987200,-5.705370
149.087200,-5.494626
150.441400,-5.619022
151.880000,-6.118642
152.980000,-5.907951
154.708900,-5.570178
156.069800,-5.781626
157.475700,-5.881030
158.737100,-5.827922
159.850800,-5.708816
161.300900,-5.763833
162.393600,-6.006190
163.769100,-5.770068
165.090200,-5.989450
166.372800,-5.761467
168.049900,-5.623893
169.126500,-5.316339
170.481700,-5.696148
171.599700,-5.791656
172.938500,-5.793213
174.845000,-5.528257
175.911700,-5.869858
177.488300,-5.601034
178.596400,-5.893720
179.680700,-5.605251
181.056200,-5.685376
182.426800,-5.740440
183.620700,-5.500990
184.954100,-5.741814
186.611300,-5.479757
187.757800,-5.662520
189.398200,-5.501106
190.548600,-5.746616
191.831800,-5.895674
192.949000,-5.818171
194.356100,-5.629596
195.688100,-5.744488
197.245600,-6.006361
198.321900,-5.699172
199.459900,-5.807891
200.881500,-5.958768
202.395600,-5.583488
203.845500,-5.666099
204.960100,-5.776552
206.222800,-5.773791
207.381100,-5.889997
209.046800,-5.585148
210.312500,-5.852093
211.788900,-5.842124
212.991600,-5.694685
214.402700,-5.698016
215.579600,-5.508230
216.699500,-5.640263
218.146100,-5.733096
219.411600,-5.717793
220.749600,-5.837317
222.040500,-5.678499
223.660800,-5.832125
224.859000,-6.091007
226.144700,-5.599583
227.667300,-5.634587
228.783200,-5.730360
229.898000,-5.618623
231.062900,-5.735970
232.541500,-5.700919
233.627200,-5.973475
235.473600,-5.606978
236.591800,-5.672026
238.231800,-5.602747
239.346500,-5.711850
240.480700,-5.877426
241.624400,-5.864117
243.097800,-5.563118
244.465300,-5.860998
246.130500,-5.811227
247.262000,-5.773054
248.379200,-5.693027
249.982100,-5.540063
251.315200,-5.758672
252.585900,-5.859934
253.870200,-5.684059
254.987400,-5.761838
256.107200,-5.765023
257.946300,-5.608837
259.048800,-5.803551
260.716200,-5.437942
261.708000,-5.970862
263.309400,-6.150841
264.478900,-5.799762
265.799200,-5.462817
267.055200,-5.499223
268.605200,-5.528865
269.800600,-5.648178
271.080600,-5.984260
272.657200,-5.740590
273.735600,-6.042221
275.273300,-5.717771
276.385200,-5.889008
277.807200,-5.621492
278.948600,-5.706446
280.121500,-5.592175
281.714900,-5.883489
282.897200,-5.883561
284.172100,-5.494775
285.272900,-5.702505
286.865200,-5.658665
287.989400,-5.650640
289.462600,-5.622088
291.119000,-6.066272
292.180800,-5.718552
293.680800,-5.648543
294.868600,-5.845385
296.183900,-5.692626
297.523600,-5.760976
298.921100,-5.775703
300.049700,-5.620243
301.342100,-5.405763
302.644600,-5.506846
304.053500,-5.918644
305.288800,-5.798577
306.430200,-5.810071
307.976700,-5.664684
309.291000,-5.671976
310.807800,-5.749377
311.927400,-5.736737
313.514300,-6.008451
0.766240,-4.464052
1.967367,-4.826989
3.335097,-4.757021
4.604752,-4.670790
5.935985,-4.844934
7.077313,-4.360235
8.804871,-4.365404
9.924001,-4.409606
11.043820,-4.392553
12.143400,-4.605676
13.869370,-4.547801
15.125510,-4.649381
16.387060,-4.602932
17.882350,-4.785183
18.989460,-4.615654
20.096250,-4.441011
21.650390,-4.421019
23.051770,-4.584882
24.254040,-4.661518
25.798350,-4.436647
27.138320,-4.566211
28.643220,-4.507285
29.883520,-4.737460
31.121050,-4.291117
32.288010,-4.873466
33.978620,-4.437272
35.090480,-4.572404
36.336600,-4.763581
37.651070,-4.366179
38.766780,-4.271811
40.548890,-4.791490
41.605270,-4.287843
42.613330,-4.773321
44.209190,-4.872308
45.544720,-4.389685
47.007980,-4.652176
48.190950,-4.963647
49.267700,-4.655091
50.893500,-4.493378
52.123000,-4.402674
53.526630,-4.493730
54.743260,-4.511325
55.876540,-4.483476
57.438450,-4.634460
59.017780,-4.489493
60.136100,-4.455560
61.450880,-4.751337
62.748130,-4.889924
63.844620,-4.331802
65.280790,-4.266942
66.757130,-4.355087
67.960940,-4.440860
69.381360,-4.539206
70.497910,-4.453621
72.294070,-4.592121
73.464500,-4.570357
74.700680,-4.349355
75.822690,-4.426068
76.937710,-4.532773
78.584820,-4.579537
79.965460,-4.606802
81.256230,-4.583299
82.815440,-4.311674
84.173510,-4.514961
85.287630,-4.389533
86.401500,-4.635089
87.732240,-4.591988
89.277270,-4.524168
90.423160,-4.268708
91.836110,-4.556130
93.366790,-4.705168
94.651400,-4.570220
95.755490,-4.382307
96.867710,-4.513808
98.528850,-4.664220
99.795000,-4.442061
101.125900,-4.417510
102.533100,-4.760697
103.623200,-4.503346
105.174700,-4.590043
106.295300,-4.623039
107.631100,-4.452632
108.809900,-4.573136
110.443400,-4.887511
111.541900,-4.668658
112.884000,-4.436070
114.538200,-4.284702
115.664000,-4.522543
116.783800,-4.482393
118.280000,-4.585293
119.856800,-4.667046
120.973800,-4.594123
122.075800,-4.399344
123.435900,-4.565694
125.021500,-4.642157
126.098500,-4.950071
127.543700,-4.820128
128.730800,-4.607994
129.845800,-4.714400
131.526800,-4.534008
132.657400,-4.571974
133.768200,-4.428283
135.657400,-4.644007
136.953400,-4.636147
138.107100,-4.586172
139.267300,-4.646160
141.031100,-4.641974
142.193700,-4.608497
143.311200,-4.715368
144.633600,-5.031492
146.236500,-4.506232
147.547000,-4.544410
148.659100,-4.411981
150.174400,-4.361406
151.205700,-4.800146
152.656700,-4.740462
153.928100,-4.767168
155.707700,-4.721689
156.820800,-4.849713
157.980900,-4.504833
159.106500,-4.595193
160.225100,-4.653106
162.096000,-4.590345
163.268100,-4.577099
164.518000,-4.937194
166.043100,-4.638261
167.239100,-4.338316
168.350200,-4.121518
170.038800,-4.667453
171.177500,-4.592093
172.935200,-4.673806
174.014200,-4.348706
175.145600,-4.449292
176.488600,-4.531850
177.850200,-4.453197
178.983600,-4.729272
180.509700,-4.494378
181.837300,-4.447558
182.957200,-4.458624
184.309600,-4.617880
185.715500,-4.535477
187.091400,-4.311644
188.524700,-4.766963
189.581500,-4.396641
191.129900,-4.550714
192.268300,-4.494689
193.803800,-4.223394
194.893300,-4.646746
196.013400,-4.673216
197.715300,-4.456814
198.948100,-4.771642
200.056700,-4.616042
201.558600,-4.600389
202.971500,-4.543223
204.502700,-4.755521
205.893500,-4.703226
207.017500,-4.681147
208.198700,-4.853523
209.558900,-4.464088
210.931000,-4.187595
211.911400,-4.728919
213.482900,-4.688079
214.599500,-4.595677
216.169800,-4.556257
217.303500,-4.573586
218.906100,-4.249100
219.948600,-4.734850
221.284200,-4.322636
222.868600,-4.511666
224.129200,-4.510313
225.687200,-4.512001
226.799700,-4.642165
228.340700,-4.701488
229.542600,-4.557495
230.654100,-4.693231
232.038900,-4.294409
233.604100,-4.853783
234.931500,-4.520880
236.020400,-4.264882
237.247900,-4.364212
238.428900,-4.500206
239.993400,-4.603055
241.074400,-4.890295
242.790900,-4.485986
244.039700,-4.824953
245.499500,-4.632068
246.737700,-4.783280
247.904500,-4.592358
249.104600,-4.504834
250.263400,-4.457259
251.877400,-4.302365
253.273100,-4.661814
254.458600,-4.631585
256.120700,-4.528649
257.229000,-4.690224
258.554200,-4.668203
260.054900,-4.453516
261.504200,-4.641810
262.609800,-4.820661
263.911800,-4.833910
265.057700,-4.624687
266.440600,-4.523673
267.697100,-4.582357
269.289700,-4.642805
270.347900,-4.277506
271.792800,-4.428615
273.036200,-4.584035
274.244300,-4.681822
275.913900,-4.391913
277.272900,-4.636990
278.623300,-4.565374
279.743000,-4.536348
281.056800,-4.977186
282.077800,-4.518679
283.510700,-4.588356
284.640200,-4.478078
286.047300,-4.621967
287.540800,-4.625142
288.649900,-4.470104
290.307300,-4.632955
291.566200,-4.708891
292.750200,-4.755699
294.384200,-4.701055
295.500800,-4.788687
296.679800,-4.282113
298.268600,-4.699471
299.684500,-4.562031
300.796800,-4.427284
301.916800,-4.440526
303.257300,-4.569150
304.581600,-4.930823
305.712600,-4.762779
307.371300,-4.722513
308.499200,-4.620173
310.003100,-4.464333
311.205800,-4.380656
312.705600,-4.491355
1.204935,-3.434599
2.290408,-3.706701
4.250433,-3.594188
5.345479,-3.829682
6.715808,-3.301646
7.944990,-3.647640
8.981414,-3.222716
10.425620,-3.279867
11.816800,-3.430376
12.995800,-3.375569
14.502160,-3.504288
15.726090,-3.698606
16.696690,-3.117860
18.527020,-3.382556
19.674990,-3.403592
20.884920,-3.395065
22.443510,-3.630023
23.485270,-3.218347
25.039190,-3.613123
26.523750,-3.186067
27.781020,-3.648963
29.069850,-3.195721
30.098840,-3.638273
32.037830,-3.648573
33.135700,-3.431906
34.251180,-3.343833
35.361530,-3.485656
36.931760,-3.507908
38.138740,-3.344830
39.810650,-3.866829
40.972020,-3.366671
42.351440,-3.419006
43.557150,-3.326928
44.661690,-3.512961
46.419500,-3.690599
47.522900,-3.499850
48.865080,-3.430871
50.119060,-3.666569
51.449040,-3.509047
52.886620,-3.574245
53.999380,-3.445995
55.361820,-3.489110
56.689210,-3.710504
58.310370,-3.621885
59.430480,-3.446915
60.732990,-3.510001
62.040270,-3.396164
63.324150,-3.298926
64.523790,-3.441158
66.228330,-3.141638
67.637790,-3.252713
68.791440,-3.535066
69.942890,-3.454064
71.136330,-3.398936
72.860920,-3.627132
73.997840,-3.457457
75.393950,-3.365063
76.509000,-3.470222
77.836250,-3.540228
78.934220,-3.318618
80.588250,-3.675838
81.700430,-3.543234
83.325580,-3.315453
84.567700,-3.464866
86.214700,-3.530704
87.321560,-3.359265
88.472430,-3.435639
89.642580,-3.465723
91.099620,-3.133445
92.659010,-3.436615
94.031590,-3.484883
95.330070,-3.318995
96.459560,-3.195341
97.924210,-3.128834
98.931380,-3.618986
100.670600,-3.394373
101.792000,-3.519501
103.096900,-3.425118
104.308800,-3.122020
105.369900,-3.488388
107.363900,-3.340528
108.471800,-3.505339
109.857100,-3.343550
110.901300,-3.748922
112.056300,-3.418174
113.512900,-3.306476
115.253700,-3.423375
116.373000,-3.441026
117.771700,-3.343920
118.888100,-3.422398
119.998900,-3.556553
121.385900,-3.480573
123.182900,-3.203697
124.172100,-3.723361
125.255100,-3.450241
126.845900,-3.416813
128.242200,-3.431884
129.483100,-3.567591
130.707000,-3.770881
132.104000,-3.556522
133.472600,-3.347950
134.827400,-3.444624
136.034500,-3.590096
137.724500,-3.328870
138.836500,-3.463284
140.344800,-3.750986
141.341200,-3.239338
142.892300,-3.614211
143.931600,-3.173236
145.049300,-3.343005
146.835800,-3.494717
147.957800,-3.502346
149.331300,-3.516057
150.606300,-3.327907
152.299500,-3.416598
153.425800,-3.505951
154.751600,-3.476255
156.077600,-3.304193
157.368800,-3.423892
158.804200,-3.199478
159.910300,-3.369307
160.983400,-3.687266
162.708900,-3.606558
164.027900,-3.752182
165.205800,-3.324722
166.378200,-3.461091
167.573200,-3.269620
169.248900,-3.453075
170.489100,-3.642388
171.844100,-3.463466
173.105200,-3.567276
174.502000,-3.340332
175.811700,-3.484274
177.118000,-3.602946
178.245600,-3.406138
179.623100,-3.809774
181.431500,-3.403573
182.551600,-3.413053
183.735800,-3.653602
184.951600,-3.480056
186.460400,-3.386246
187.908200,-3.204041
189.098900,-3.379949
190.237200,-3.489376
191.717200,-3.324384
193.152500,-3.307226
194.404500,-3.278053
195.525400,-3.318384
196.867100,-3.373674
198.288700,-3.401700
199.676400,-3.432427
201.211600,-3.533703
202.329600,-3.470832
203.836300,-3.446359
205.085100,-3.738855
206.169300,-3.457739
207.632000,-3.516461
208.871000,-3.223216
210.263800,-3.142146
211.652500,-3.199834
212.926500,-3.664046
214.285000,-3.081115
215.343800,-3.444181
217.037300,-3.367414
218.156300,-3.416920
219.519300,-3.312176
220.634500,-3.410726
222.169500,-3.636560
223.315800,-3.344689
224.420600,-3.163097
226.373100,-3.410864
227.488600,-3.312418
229.001200,-3.578531
230.141900,-3.444385
231.230000,-3.177435
232.841100,-3.512691
234.177000,-3.308394
235.303000,-3.354802
236.706200,-3.382138
237.825400,-3.349973
239.428100,-3.637368
240.618800,-3.459427
241.680900,-3.814980
243.456800,-3.296866
244.537600,-3.729547
245.640900,-3.521660
247.410100,-3.584299
248.509900,-3.372484
249.944100,-3.385505
251.183900,-3.160890
252.511700,-3.380712
253.629800,-3.406164
254.740100,-3.544868
256.669100,-3.183185
257.680200,-3.665048
259.354600,-3.475372
260.513400,-3.303787
261.624700,-3.443322
263.167400,-3.393820
264.495200,-3.657098
265.730300,-3.549458
267.054900,-3.086948
268.316500,-3.649913
269.430100,-3.531591
270.693900,-3.212612
272.094100,-3.350274
274.064800,-3.297523
275.183300,-3.073018
276.749500,-3.646181
277.868600,-3.601198
279.165800,-3.576391
280.284600,-3.513075
281.483300,-3.463496
282.917700,-3.351008
284.458000,-3.373899
285.599500,-3.587467
286.796800,-3.788849
288.272600,-3.127829
289.497300,-3.301729
290.774200,-3.476815
292.172300,-3.498781
293.402500,-3.337662
294.655300,-3.326576
296.065900,-3.346571
297.381000,-3.222093
299.049600,-3.170088
300.145900,-3.424375
301.616900,-3.261933
302.685100,-3.606205
304.189000,-3.387063
305.373500,-3.695771
306.669700,-3.365480
307.846500,-3.708488
308.925700,-3.408971
310.616600,-3.430201
311.771600,-3.413941
313.614900,-3.142208
0.660549,-2.457165
1.858537,-2.473691
3.544073,-2.374278
4.758710,-2.596224
5.876771,-2.562162
7.300334,-2.346598
8.438467,-2.183303
9.782990,-2.362555
11.196130,-2.452410
12.511540,-2.274086
13.782110,-2.580895
14.889940,-2.444453
15.989190,-2.251258
17.672220,-2.567682
18.936480,-2.302738
20.437840,-2.367733
21.639060,-2.566915
22.903250,-2.261314
24.391600,-2.500834
25.845700,-2.286455
26.888370,-1.879253
28.669490,-2.149585
29.793210,-2.337316
30.973460,-2.073618
32.558710,-2.455833
33.953220,-1.945479
35.000510,-2.342515
36.421990,-2.247510
37.882530,-2.254807
39.001330,-2.195246
40.206510,-2.550846
41.693890,-2.510466
42.885100,-2.287137
44.265070,-2.281251
45.384850,-2.304410
46.840390,-2.551661
48.118630,-2.551506
49.822350,-2.292030
50.917770,-2.523918
52.117560,-2.284797
53.287450,-2.125861
54.476590,-2.313597
56.135640,-2.680878
57.214230,-2.382226
59.066860,-2.387453
60.320770,-1.982374
61.291950,-2.540494
62.423210,-2.179901
63.984770,-2.208197
65.079960,-2.442945
66.943670,-2.280505
68.060230,-2.204926
69.147160,-2.472657
70.427530,-2.166220
71.841450,-2.071910
73.100910,-2.534084
74.931140,-2.345190
76.055490,-2.346227
77.363630,-2.282413
78.612760,-2.244044
80.003910,-2.027292
81.454140,-1.923516
82.520740,-2.445849
83.639700,-2.241052
85.073550,-1.933843
86.151450,-2.281529
87.857660,-2.304243
89.486780,-2.357251
90.598240,-2.128200
91.931560,-2.383697
93.033450,-2.182837
94.463530,-2.407833
95.794180,-2.187705
97.148190,-2.312531
98.468540,-2.150158
99.585210,-2.065209
100.986500,-2.271901
102.342000,-2.545011
103.477100,-2.371708
105.156200,-2.390720
106.266600,-2.187240
107.929500,-2.164779
109.048700,-2.199064
110.380900,-2.204604
111.680800,-2.341559
113.210300,-2.228051
114.334000,-2.538444
115.578800,-2.344297
117.056400,-2.030749
118.204000,-2.086990
119.457500,-2.315422
120.548100,-2.581179
122.286000,-2.535687
123.625900,-2.124662
124.798900,-2.401778
125.952800,-2.575849
127.530100,-2.304039
128.964200,-2.574968
130.132000,-2.565315
131.220800,-2.210322
132.412800,-2.338269
134.192900,-2.247427
135.313200,-2.203054
136.507800,-2.575569
137.992400,-2.241361
139.112500,-2.240141
140.711500,-2.162156
142.080700,-2.318619
143.342200,-2.214571
144.635600,-2.302003
145.813200,-2.038364
147.376500,-2.464324
148.726300,-2.341552
149.834000,-2.515210
151.287600,-2.393038
152.428000,-2.303901
153.839900,-2.195325
155.299100,-2.498904
156.497100,-2.255385
158.174500,-2.144730
159.352300,-2.219809
160.817300,-2.068005
161.796400,-2.611908
163.219600,-2.088633
164.480200,-2.391491
165.592300,-2.257355
167.159700,-2.229006
168.598700,-2.279407
169.846000,-2.283659
171.506400,-2.395136
172.612900,-2.221009
173.737900,-2.512130
175.235600,-1.993662
176.376900,-2.169381
177.627000,-2.473537
178.767300,-2.415151
180.413900,-2.228394
181.875200,-1.938513
183.390400,-2.295571
184.506800,-2.385297
185.743100,-2.269828
187.121700,-2.393356
188.626400,-2.345737
189.739800,-2.461440
190.831100,-2.211639
192.263600,-2.210367
193.886900,-2.133860
194.999600,-2.329113
196.508800,-2.312409
197.629700,-2.214450
198.819000,-2.285678
200.584900,-2.557788
201.665100,-2.262079
203.069300,-2.630020
204.224700,-2.153342
205.292400,-2.491887
206.941000,-2.634490
208.047800,-2.464785
209.484200,-2.281265
210.900100,-2.222315
212.353900,-2.326612
213.589200,-2.205256
215.258200,-2.324089
216.377200,-2.374399
217.652500,-2.389733
218.769100,-2.294575
219.871100,-2.077114
221.407000,-2.567485
222.713700,-2.029610
224.091000,-1.976364
225.464000,-2.757157
226.757500,-2.351217
228.030600,-2.110108
229.093500,-2.463053
230.981000,-2.086712
232.093100,-2.218684
233.531400,-2.377169
234.685500,-2.310370
236.043200,-2.223997
237.207700,-2.382030
238.649300,-2.332703
239.882900,-2.614281
241.328900,-2.398542
242.544000,-2.344414
243.656100,-2.195098
245.491200,-2.412216
246.736000,-2.128499
247.786400,-2.517421
249.236600,-2.518670
250.567500,-2.100704
252.005900,-2.382497
253.111800,-2.152014
254.622000,-2.057650
255.740400,-2.005960
257.359300,-2.301090
258.644400,-2.609270
260.110600,-2.258720
261.219100,-2.100031
262.387400,-2.291402
263.479400,-2.015639
265.151200,-1.956638
266.493800,-2.118452
267.723300,-2.141594
269.044700,-2.257715
270.164300,-2.225896
271.878200,-2.251563
273.017700,-2.535445
274.078500,-2.176176
275.904700,-2.194378
277.020400,-2.283882
278.116700,-2.508937
279.509800,-2.228067
281.110400,-2.107637
282.139600,-2.546437
283.593600,-2.003763
285.079700,-2.442993
286.342800,-2.252071
287.725100,-2.150853
289.156500,-2.233450
290.275200,-2.288486
291.554700,-2.348422
292.666400,-2.493364
294.239000,-2.271708
295.375300,-2.465882
296.791100,-2.181811
298.174600,-2.250689
299.587300,-2.187531
300.706500,-2.335752
302.339900,-2.406918
303.422500,-2.122101
304.562600,-2.331184
305.800100,-1.993792
307.380900,-1.884498
308.999900,-2.207758
310.093200,-2.442506
311.521300,-2.322897
312.615800,-2.635990
1.193012,-1.200940
2.810394,-1.130260
3.892519,-0.844918
4.958947,-1.186245
6.647900,-1.436242
7.917703,-1.192835
9.170584,-1.139766
10.270150,-1.354008
11.723430,-1.208812
13.031560,-1.166975
14.449810,-1.413504
15.518070,-1.076562
16.724430,-1.408917
18.276650,-1.397645
19.642440,-1.259882
20.750780,-1.097360
22.675620,-1.164572
23.800570,-1.140294
24.914850,-1.283789
26.028280,-1.161717
27.877280,-1.356159
28.913620,-0.935200
30.177430,-1.285134
31.684720,-1.208285
32.952500,-1.223622
34.529210,-0.722140
35.568630,-1.152346
36.949250,-1.161640
38.060450,-1.020767
39.529500,-1.089387
40.862520,-1.431478
42.438610,-1.076258
43.590860,-0.984401
45.319490,-1.074784
46.433970,-0.963351
47.396610,-1.579457
49.194660,-1.109653
50.413650,-1.329756
51.527150,-1.208121
52.711130,-1.153253
53.863250,-1.165790
54.982000,-1.212256
56.261020,-1.290777
58.104110,-1.107856
59.222840,-1.052336
60.688410,-0.924289
61.916420,-1.180968
63.220180,-1.389691
64.744390,-1.073299
65.858410,-0.982966
66.964210,-1.154123
68.914120,-1.374187
70.006870,-1.128075
71.384140,-1.050110
72.889910,-0.898274
74.004290,-1.010764
75.184190,-1.139842
76.297780,-1.019546
78.101680,-1.247295
79.525520,-1.014875
80.683530,-1.108978
81.846070,-0.874177
82.922710,-1.183198
84.537150,-0.674370
86.217440,-1.163946
87.468480,-1.253926
88.672950,-1.016629
89.764130,-1.272448
91.254370,-0.849229
92.301310,-1.326431
93.788400,-1.098487
95.066380,-1.336278
96.522120,-0.775638
97.530750,-1.260279
99.493390,-0.948851
100.657200,-1.144989
101.774400,-1.224764
103.102200,-0.892857
104.158600,-1.483070
105.533000,-1.338162
106.727800,-1.162513
108.490200,-1.001545
109.626900,-1.240686
110.967600,-1.250384
112.314500,-1.054362
113.759900,-1.121377
114.864700,-0.937736
115.948000,-1.263427
117.755300,-1.060751
118.944700,-1.245612
120.168500,-1.155053
121.557100,-1.244524
122.687900,-1.490484
124.073600,-0.744048
125.451700,-1.194297
127.094600,-0.905392
128.245100,-1.443053
129.355300,-1.307626
130.471700,-1.378487
132.170300,-1.147678
133.388400,-1.254571
134.505400,-1.172031
136.242200,-0.840675
137.358900,-0.916417
138.771900,-1.108686
140.083500,-1.221048
141.306600,-1.213264
142.789100,-1.041117
143.907200,-1.114003
145.018800,-1.249003
146.608500,-1.249541
147.889700,-1.468737
149.567600,-1.055112
150.798600,-0.662212
151.684600,-1.345928
152.824800,-1.179508
154.706300,-1.487513
155.753500,-1.092836
157.237900,-0.966233
158.733300,-1.174018
159.824300,-0.895168
161.320800,-0.950778
162.413600,-1.310900
163.939000,-1.142893
165.031200,-0.894249
166.300200,-1.223271
167.684300,-1.134504
168.890200,-1.197976
170.245800,-1.089856
171.608500,-1.002357
173.462100,-1.063280
174.705600,-0.924918
175.951400,-1.133368
177.490000,-1.362520
178.731000,-1.194051
179.818100,-0.924985
180.899000,-1.218029
182.549700,-1.022744
183.654400,-1.206933
185.005600,-0.938309
186.272000,-1.046091
187.536800,-1.353090
189.258700,-1.421621
190.323600,-1.019443
191.773400,-1.203329
192.922700,-1.304507
194.468700,-1.176793
195.502400,-0.745685
196.855800,-0.786132
198.268400,-1.294228
199.625300,-1.195382
200.812900,-1.026485
202.096400,-1.214787
203.204300,-1.025768
205.228900,-1.324764
206.325300,-1.553617
207.698300,-1.401402
208.772300,-1.086462
209.885200,-0.965440
211.544300,-1.307828
213.155700,-1.173419
214.320400,-0.815514
215.670700,-1.073404
216.948300,-1.313401
218.066700,-1.349265
219.175300,-1.200214
221.024800,-1.240313
222.132200,-1.073039
223.623600,-0.960921
225.040500,-1.364119
226.105500,-0.887676
227.205300,-1.099592
228.522400,-1.021254
230.012900,-1.524903
231.468200,-1.080045
232.552300,-0.796395
233.794800,-1.288560
235.206100,-0.914545
236.333800,-1.142289
237.920300,-1.251533
239.261500,-1.212216
240.828200,-1.346118
241.946100,-1.397378
243.055300,-1.250639
244.758500,-0.983506
245.840500,-1.271803
246.976900,-1.034573
248.579200,-0.973435
250.097200,-1.076442
251.217300,-1.084698
252.390800,-1.170687
253.453700,-0.817543
255.446400,-0.900811
256.564600,-1.248085
257.799500,-1.125351
258.981400,-1.019681
260.095600,-0.908170
261.746700,-1.112256
263.296200,-0.909673
264.394000,-1.131215
265.935300,-1.148723
267.156800,-1.171383
268.412600,-1.258895
269.518000,-1.078757
271.134000,-1.173977
272.342900,-0.846605
273.393000,-1.235371
275.267200,-1.160177
276.386500,-1.168905
277.493000,-0.998937
279.366800,-0.997541
280.468400,-1.191398
281.548600,-0.898063
283.024500,-1.039526
284.565200,-1.448236
285.603500,-1.032910
286.720900,-0.977429
288.446500,-1.294140
289.815400,-1.257757
290.942300,-0.811616
291.950000,-1.300355
293.483200,-1.423572
294.648700,-1.138025
295.764700,-1.247135
297.502000,-1.166352
298.847200,-1.346859
299.992800,-1.136205
301.095200,-0.934923
302.734200,-1.185359
304.039600,-1.188625
305.111100,-0.864612
306.644800,-1.040223
308.339400,-1.305045
309.446900,-1.061548
310.734800,-1.525901
311.911900,-1.273670
313.592900,-1.350350
0.763422,-0.166878
1.882972,-0.119092
3.094020,-0.026852
4.642653,-0.013838
5.753483,-0.152816
7.124003,-0.403758
8.569823,0.307730
9.681417,0.194033
11.128690,-0.259635
12.467330,-0.176356
13.625510,-0.217346
15.157270,0.072808
16.821110,-0.107881
17.927650,-0.273886
18.961540,0.152347
20.021490,-0.205746
21.769060,-0.214000
22.877530,-0.053183
24.515550,0.272182
25.642580,0.019658
26.758630,-0.075846
28.311220,0.038557
29.782940,-0.230019
31.225970,-0.186405
32.223280,0.323218
33.754910,0.106550
34.930180,0.428250
35.968680,0.008685
37.797230,0.176886
39.374300,0.200451
40.433410,-0.165621
41.671890,-0.259751
42.966440,-0.054530
44.293310,-0.101716
45.787340,0.264581
46.955330,0.118393
48.208530,0.358967
49.516200,0.029567
50.686670,0.001807
51.945650,0.029359
53.509990,-0.103374
55.069180,0.030292
56.187670,-0.016667
57.305210,0.050758
58.508010,-0.027691
59.737050,-0.054535
61.568190,0.108190
62.778210,-0.045281
63.826480,-0.435920
65.116740,0.094005
66.534290,-0.090480
67.999520,0.001625
69.314620,-0.055924
70.706220,-0.159123
71.793180,0.154813
73.471890,0.278230
74.548230,-0.031771
75.667380,0.009340
77.392410,0.055069
78.479500,0.322572
80.138930,-0.078858
81.246620,0.074003
82.363350,0.128732
83.450670,-0.135135
85.175630,0.245759
86.673260,-0.141315
87.741310,0.254474
89.214590,-0.036164
90.316610,-0.236656
92.108490,-0.124550
93.208890,0.106692
94.383080,0.051460
95.570080,-0.187190
97.115000,0.392181
98.704890,-0.116658
99.754210,0.271809
101.188300,-0.000240
102.569700,0.092557
103.765500,0.022698
104.873300,-0.221335
105.990600,-0.317073
107.542800,0.170224
108.975600,0.357906
110.297100,-0.344011
111.529900,-0.148933
113.059900,-0.218813
114.168400,-0.060470
115.684300,-0.174378
116.831600,0.085585
117.962500,0.186870
119.656900,-0.020560
121.032100,-0.255099
122.061600,0.184825
123.180100,0.235008
124.867600,0.047918
126.220200,0.105826
127.532600,0.125462
128.671800,0.149696
130.253700,0.321517
131.720100,0.013602
132.837800,0.081926
133.998400,-0.141313
135.245300,-0.331643
136.864000,0.133786
138.029300,-0.020206
139.697400,-0.108160
140.812100,0.001997
142.260100,-0.052839
143.411700,-0.110175
144.530600,-0.159329
145.679900,0.113736
147.032500,-0.166524
148.540700,0.043922
150.201700,0.284545
151.312600,0.425972
152.711900,0.033635
153.976400,-0.054420
155.463000,0.122995
156.677200,0.316297
157.903100,0.008900
159.605300,0.202854
160.702300,-0.017707
161.882500,0.027067
163.478400,0.134617
164.677400,0.288908
165.784000,0.118801
167.036800,0.251781
168.222500,-0.152221
169.871300,0.022614
171.058500,-0.028534
172.170700,0.119970
173.754400,0.265875
175.451100,-0.091226
176.632800,-0.246138
177.690900,0.117960
178.794100,-0.072126
180.297000,0.087181
181.993600,-0.050754
183.041000,0.341436
184.347300,0.021663
185.671000,-0.037271
187.069400,-0.035323
188.278700,-0.032721
189.398100,-0.069906
190.967300,0.021991
192.077600,-0.125381
193.874700,-0.227201
194.859600,0.306151
196.205700,0.126080
197.778100,-0.150548
198.880300,-0.356018
200.192000,-0.094299
201.583200,0.039861
202.744900,-0.004211
204.241100,-0.004366
205.797400,-0.139953
207.082600,0.000489
208.199400,-0.056210
209.301900,0.134274
210.907100,-0.387196
212.233700,-0.027731
213.614900,0.077164
215.265200,0.057851
216.478000,-0.297036
217.597200,-0.259671
218.662500,0.085272
219.838300,-0.142200
221.442500,-0.190824
222.617800,-0.063957
223.824200,0.137051
225.561900,0.091578
226.993800,0.202802
228.178800,0.051147
229.272800,-0.189347
230.566100,-0.192684
231.742400,0.003908
233.515800,-0.203837
234.642000,0.053072
236.127400,-0.021922
237.279700,-0.086690
238.390000,-0.234624
240.007300,-0.140952
241.266400,0.056334
242.679500,0.073101
244.048200,-0.117818
245.146300,0.105279
246.592700,0.035810
248.155400,0.063059
249.307800,-0.028103
250.707400,-0.078687
251.961400,-0.136166
253.239400,0.284438
254.630100,-0.030197
255.725700,0.200169
256.812700,-0.067635
258.239800,0.082388
259.733600,0.355050
260.985100,-0.227881
262.478300,0.171120
263.960900,0.311158
265.382800,-0.175090
266.652300,-0.171384
267.700800,0.222182
269.054600,0.252824
270.513600,0.065764
271.632400,0.018571
273.048600,0.469424
273.939600,-0.205114
275.350500,-0.042170
277.039000,0.024701
278.442000,-0.367169
279.841900,0.253209
280.975800,0.064626
282.483900,-0.058984
283.602300,0.006795
284.710700,0.167905
286.185500,0.024063
287.595300,-0.278517
288.703000,0.130784
290.506500,0.220075
291.631200,0.081318
292.757900,0.063636
293.893800,-0.251396
295.366200,-0.200390
296.816200,0.432694
297.939500,0.284622
299.420700,0.003500
300.528500,0.168941
302.408400,0.219303
303.421100,-0.256432
304.783400,0.206332
306.342300,0.243911
307.422500,-0.063094
308.584100,-0.120149
310.202500,0.201672
311.684900,-0.099987
312.784500,0.110617
0.897075,0.944910
2.298248,1.206694
3.907500,1.081424
5.439157,1.330729
6.544266,1.161336
7.632834,0.913587
9.236451,1.430770
10.594210,0.841136
11.801640,1.124387
13.162790,1.172302
14.502890,1.319720
15.601960,1.104233
16.943930,1.328605
18.323180,1.257832
19.491530,1.215337
21.010010,1.365759
22.310600,0.937673
23.775540,1.129938
25.264800,1.102676
26.380660,1.041530
27.475760,0.813652
28.928150,1.178183
30.376560,1.378656
31.503840,1.192340
33.076430,1.048759
34.144840,1.384815
35.627570,1.387086
37.208970,1.259383
38.325140,1.165560
39.817840,1.247807
41.003240,1.065191
42.219990,1.131623
43.814770,0.911053
44.825030,1.394190
46.496440,1.139881
47.756530,1.383631
49.087410,1.449959
50.176740,1.189149
51.555220,1.223964
52.837250,1.001863
54.147240,1.122748
55.408130,1.162791
56.860450,1.110221
57.979350,1.155229
59.365310,1.251882
60.442680,0.946621
62.285340,0.990332
63.334120,1.379652
64.759780,1.155722
65.897600,1.021308
67.147110,1.270839
68.618320,0.935287
69.736120,1.194594
71.451480,1.221233
72.557340,0.999519
74.081460,1.217093
75.198390,1.143028
76.542490,1.006675
77.780040,1.225017
79.250610,1.133693
80.607700,1.138945
81.912610,1.153905
83.272670,1.079627
84.526510,1.158458
86.031630,1.169827
87.468460,1.338662
88.583160,1.137576
89.681300,1.358375
90.901790,0.718453
92.689410,1.098446
93.959840,1.189275
95.121410,1.095223
96.420880,1.271286
97.638530,1.408041
99.077450,1.196424
100.439500,1.155532
101.808000,1.471224
102.961900,1.281605
104.357400,1.046978
105.672400,1.151893
106.790700,1.087935
108.180900,1.146888
109.964700,0.881196
111.035300,1.207558
112.274300,1.022552
113.707600,0.960457
114.910700,1.314691
116.037300,0.909408
117.307200,1.099547
119.064100,0.929837
120.187600,0.974494
121.500800,1.246098
123.233500,1.364109
124.324100,1.108741
125.504800,0.969129
126.669300,1.131934
128.100500,1.303904
129.336600,1.101010
130.921200,1.419501
132.223700,1.118672
133.379500,1.062021
134.813400,1.259620
136.179900,1.104213
137.830500,1.081897
138.902300,0.680759
140.028900,0.963019
141.440900,1.310876
142.902300,0.886533
144.102000,1.369780
145.332600,1.178409
146.873100,0.942162
148.301300,1.138131
149.511700,1.220667
150.629000,1.319565
152.230000,1.067156
153.346100,0.985400
154.463900,1.046239
155.938800,1.157812
157.384100,1.185763
158.673200,0.822105
159.889900,1.286191
161.117400,1.022146
162.561500,1.236709
164.065900,1.226303
165.338000,1.235194
166.462500,1.214437
167.637100,1.197196
169.210500,1.108345
170.735900,1.042141
171.949300,1.238789
173.065600,1.148912
174.415000,1.169888
176.136000,0.792076
177.022700,1.472988
178.528900,1.023115
179.649000,1.022531
181.204500,0.743238
182.327600,1.230019
183.794000,1.167232
184.927000,1.042969
186.356900,1.160335
187.941100,1.118301
189.223700,1.036582
190.342800,1.082259
191.922100,1.445591
192.815800,0.770370
194.477400,1.359028
195.661100,1.104923
197.105700,1.440733
198.394900,0.784482
199.602700,1.122108
200.986400,1.243211
202.100100,1.339483
203.458700,0.858992
204.917900,1.192281
206.355700,0.851183
207.623100,1.051466
209.062100,1.228795
210.233800,1.171123
211.455300,0.946709
212.545700,1.202165
214.319700,1.206889
215.387300,1.555731
216.343400,0.899160
217.780000,0.865764
219.342600,1.427384
220.449400,1.210294
221.978200,1.044830
223.633600,1.236972
224.711400,0.820173
226.450300,1.182158
227.571500,1.407693
228.779100,1.077942
229.884300,1.259281
231.189500,1.030758
232.497500,0.828979
233.563800,1.168828
235.609600,0.971272
236.733100,1.101597
237.954600,0.945387
239.318500,1.352507
240.772700,1.218149
241.913100,1.099155
243.062500,1.125620
244.301800,1.447866
245.857300,1.007307
247.408300,1.290331
248.517200,1.122681
249.759800,0.996805
251.143200,1.293134
252.577300,1.337860
253.771400,1.270195
255.096400,1.126247
256.558700,1.038699
258.195000,1.201622
259.299500,1.387480
260.515700,1.163043
261.834700,1.252225
262.951100,1.338157
264.590100,1.236125
265.707000,1.148937
266.807000,0.937966
268.135600,1.253974
269.923400,1.021936
271.036100,1.126334
272.152500,1.134053
273.772200,1.324314
275.018900,1.147081
276.486100,0.998512
277.545200,1.365732
278.990900,0.981199
280.627600,1.129243
281.747700,1.173948
282.971500,1.508500
284.188500,1.159692
285.562900,1.098329
287.030600,0.759151
288.229600,1.145901
289.506000,1.169041
291.056200,1.195769
292.291500,1.189669
293.437400,1.115097
294.966700,0.853727
295.943100,1.402372
297.444900,1.358545
298.891400,1.300682
300.148900,1.328889
301.710900,1.093977
302.816700,1.272705
303.826100,0.787548
305.547500,1.207599
307.101400,1.067328
308.213700,0.936829
309.374600,1.127301
310.512800,1.277961
311.920900,1.528955
313.431300,1.024615
0.421820,2.294356
1.649198,2.294420
2.950444,2.269233
4.328893,2.119162
5.877367,2.366598
7.178804,2.297582
8.471948,2.292456
9.572810,2.499230
11.142930,2.291120
12.679270,2.463797
13.837270,2.220333
15.060170,2.313152
16.222830,2.185619
17.763280,2.286931
19.069090,2.312572
20.170020,2.106621
21.656230,2.280566
23.030010,2.351868
24.667860,2.048767
25.865470,2.545353
26.869620,2.048975
28.478870,2.549496
29.702110,2.460491
30.835190,2.399564
32.442810,2.623027
33.561490,2.489401
34.916730,2.623970
36.276460,2.300095
37.605150,2.307106
38.871460,2.331726
40.103210,2.572578
41.241040,2.621102
42.989570,2.184143
44.122580,2.265845
45.771120,1.992986
46.862120,2.246313
48.221980,2.402189
49.352420,2.538223
50.852630,2.118884
52.075700,2.335209
53.506100,2.041193
54.644960,2.345850
56.137980,2.371657
57.256430,2.311678
58.611350,2.079777
60.125020,2.271397
61.654600,2.307170
62.761170,2.488959
64.146050,2.148738
65.214910,2.480005
66.351040,2.058794
67.934890,2.495134
69.274170,2.616142
70.622990,2.016019
71.707790,2.311379
73.461400,2.148759
74.869190,2.330055
75.962870,2.088124
77.705650,2.344883
78.818660,2.221224
79.921840,2.029400
81.028850,2.195660
82.641040,2.004633
83.749430,2.316296
85.363820,2.189013
86.487980,2.192731
87.602330,2.447640
88.912460,2.212152
90.715000,2.416978
92.127730,2.514190
93.184740,2.101666
94.512020,2.361277
95.632000,2.377862
97.123180,2.509607
98.242280,2.465675
99.652770,2.487935
100.926800,2.162325
102.137900,2.541781
103.244300,2.365074
104.829500,2.370754
105.942100,2.241097
107.727800,2.327284
109.134800,2.341367
110.303700,2.292912
111.475100,2.291639
112.934800,2.422694
114.778300,2.425909
115.852900,2.098664
117.072700,2.194709
118.374300,2.275789
119.686900,2.011788
121.209400,2.386671
122.323000,2.016645
123.701900,2.381285
124.907400,2.065034
126.196100,2.222331
127.316400,2.387984
129.029600,2.178540
130.148200,2.234536
131.493900,2.381341
132.604100,2.172219
134.442000,2.412459
135.596600,2.060414
136.925100,2.048356
138.005100,2.344758
139.416200,2.046054
140.533400,1.967163
141.990500,2.318769
143.062700,1.994693
144.814300,2.234126
146.224200,1.855327
147.303400,2.153377
148.676200,2.289459
150.031600,2.575273
151.460600,2.381535
152.892400,2.091479
154.012300,2.071548
155.300900,2.077933
156.504700,2.493989
157.991300,2.164524
159.064600,2.545012
160.647800,2.353435
161.907700,2.298618
163.269600,2.151847
164.514700,2.251769
166.260400,2.335586
167.379400,2.287058
168.582100,2.298375
169.700100,2.230645
171.169300,2.073880
172.449800,2.273787
173.823500,2.314888
175.116200,2.042759
176.590600,2.506354
177.794500,2.283184
179.252500,2.454103
180.334600,1.908355
181.597700,2.563889
182.780700,2.347606
184.177700,2.216942
185.282000,2.400716
187.097400,2.333127
188.210100,2.206728
189.705800,2.311540
190.806100,2.101925
192.313500,2.494911
193.793400,2.312205
195.025600,2.335857
196.144900,2.376778
197.787700,2.350987
199.118600,2.153262
200.235100,2.072183
201.679600,2.407270
203.061600,1.908451
204.121600,2.263628
205.539400,2.234362
206.952000,1.948259
208.001600,2.368369
209.554700,2.350306
211.139400,2.019249
212.167300,2.566727
213.317800,2.013508
214.552200,2.302567
216.169700,2.511408
217.364600,2.330792
218.609000,2.411530
220.120500,2.280608
221.323400,2.355338
222.720600,1.883504
224.103300,2.252041
225.298100,2.277004
226.887700,2.294866
228.381600,2.534066
229.521400,2.482044
230.585300,2.132895
231.883000,2.264766
233.022300,2.255629
234.956100,2.560291
236.067100,2.425651
237.166200,2.212763
238.482700,2.096312
240.122700,2.132079
241.271100,2.328955
242.842400,2.700050
243.973800,2.517981
245.394300,2.152654
246.493300,1.936305
248.137400,2.176149
249.272400,2.498885
250.274300,1.999134
251.867300,2.295001
253.153700,2.297999
254.397900,2.329795
255.810800,2.286564
257.066900,2.183548
258.171300,2.527322
259.446000,2.497742
261.233200,2.196709
262.476300,2.407032
263.788600,2.318336
265.203500,2.170564
266.288100,2.438880
267.325900,2.025227
268.881500,2.500258
270.438500,2.223322
271.847800,2.209879
272.970700,2.194031
274.495100,2.381989
275.969800,2.016281
277.034900,2.362860
278.250400,2.438108
279.302600,2.056816
280.948500,2.287954
282.391500,2.466761
283.914100,2.347041
285.032300,2.284087
286.240800,2.296501
287.279200,1.876598
288.923200,2.508047
290.347100,2.073921
291.458900,2.240886
292.693000,2.235066
293.811500,2.179199
295.610600,2.471518
297.126600,2.430575
298.245800,2.217564
299.365600,2.315267
301.112700,2.039958
302.206800,2.308330
303.376000,2.243182
304.495700,2.270659
306.142500,2.222448
307.458800,2.200212
308.877100,2.217942
309.994600,2.271838
311.113000,2.304071
312.722400,2.317821
1.024149,3.672517
2.319851,3.290475
3.979947,3.471055
5.498073,3.511965
6.614541,3.422358
7.780087,3.421215
8.903951,3.602666
10.459300,3.216028
11.989850,3.762894
13.106330,3.499294
14.241980,3.264293
15.857640,3.518497
17.000000,3.181968
18.594130,3.620602
19.699220,3.437886
21.420000,3.375408
22.540100,3.387594
23.857780,3.194457
25.227940,3.629500
26.451250,3.500077
27.474650,3.045267
28.897720,3.588719
30.232120,3.447248
31.452800,3.333091
33.121890,3.519613
34.252880,3.526183
35.843680,3.552523
37.191590,3.737691
38.271570,3.445276
39.389900,3.434822
41.252500,3.741050
42.236590,3.207252
43.596500,3.254115
44.949660,3.282290
46.061820,3.525180
47.596610,3.331292
49.128040,3.671209
50.248130,3.419572
51.366440,3.490711
52.940990,3.391930
54.135150,3.449921
55.649170,3.455219
56.765050,3.358294
57.949330,3.582850
59.511580,3.331414
60.901050,3.453561
62.509290,3.579015
63.632140,3.269330
64.792790,3.517814
66.050380,3.268241
67.169590,3.312974
68.361790,3.537515
69.960920,3.500879
71.263810,3.465849
72.767240,3.276757
73.898830,3.179461
75.651090,3.166523
76.742310,3.413120
77.836810,3.643154
79.058090,3.638269
80.575070,3.226583
81.830260,3.436091
82.926890,3.087537
84.240460,3.369145
85.942510,3.171027
87.194450,3.487681
88.494480,3.452591
89.831100,3.425773
91.348890,3.340490
92.440360,3.592187
93.488460,3.178365
95.058120,3.349634
96.440190,3.397180
97.727170,3.463986
99.108100,3.466733
100.521900,3.205720
101.880300,3.631891
103.385700,3.475582
104.467100,3.765491
105.503600,3.342129
106.934000,3.376519
108.204000,3.547127
109.855700,3.570486
111.132400,3.358007
112.251400,3.309768
113.551600,3.398317
115.052000,3.511013
116.280500,3.428719
117.574400,3.479144
118.708100,3.368993
120.281900,3.386668
121.579000,3.444062
122.873600,3.353931
124.535600,3.128768
125.649900,3.236795
126.762700,3.361579
128.151500,3.831685
129.661400,3.474374
130.893900,3.340644
132.217600,3.235523
133.634400,3.188565
134.764700,3.604158
136.300200,2.977716
137.589400,3.836612
139.031400,3.097633
139.976600,3.695541
141.434200,3.686537
142.772100,3.195151
143.719900,3.792121
145.749100,3.313460
146.866100,3.396399
148.053800,3.299941
149.173800,3.295521
150.792900,3.399067
152.044800,3.416527
153.351500,3.421783
154.618600,3.317359
156.003800,3.540755
157.122400,3.524696
158.210200,3.267399
159.581700,3.581344
160.944000,3.451797
162.923300,3.217321
164.042100,3.266816
165.449700,3.363208
166.568500,3.417213
167.812200,3.468680
169.207200,3.449220
170.540200,3.342040
171.651900,3.205514
173.562300,3.532393
174.615200,3.150195
175.983100,3.466966
177.098000,3.562291
178.410400,3.384184
179.574100,3.628496
180.964500,3.487635
182.406800,3.403447
184.069200,3.330516
185.188200,3.603407
186.491900,3.275171
187.860700,3.291372
188.977300,3.377865
190.095400,3.442304
191.864700,3.520797
192.965700,3.716644
194.679500,3.453850
195.799500,3.442484
196.942700,3.619752
198.488300,3.417322
199.719600,3.413610
201.119900,3.616168
202.444900,3.224592
203.989600,3.460324
205.243400,3.644985
206.263600,3.182963
207.479900,3.474087
208.597500,3.546957
210.129200,3.527231
211.201900,3.134996
213.023200,3.289330
214.295400,3.646396
215.402600,3.433812
216.532500,3.570781
217.927400,3.300276
219.587800,3.265592
220.710600,3.404304
222.013500,3.237511
223.233000,3.554296
224.772200,3.265951
226.267000,3.614445
227.346800,3.316575
228.995400,3.470296
230.115600,3.473030
231.409800,3.283406
232.529000,3.260586
233.953000,3.056815
235.098400,3.678022
236.806500,3.588650
238.091200,3.144011
239.319400,3.455528
240.609800,3.445964
242.037200,3.478686
243.104200,3.819541
244.620200,3.430972
246.040700,3.395793
247.325900,3.357126
248.585900,3.764395
249.901000,3.572864
251.020100,3.618958
252.623500,3.320714
253.745600,3.248676
255.116700,3.188747
256.203400,3.460263
257.451400,3.384611
258.893900,3.472133
260.645900,3.361796
261.765400,3.398156
263.449400,3.707225
264.737000,3.291422
265.843300,3.466136
267.164400,3.135073
268.389000,3.506191
269.875600,3.191699
270.892000,3.662296
272.413000,3.270498
273.747300,3.380298
275.186100,3.700790
276.305500,3.276119
277.691600,3.407336
278.930300,3.460433
280.046800,3.549723
281.589000,3.446290
283.211200,3.229977
284.312000,3.434859
285.407400,3.667822
286.744100,3.448100
288.260900,3.442398
289.947800,3.174559
291.061700,3.289000
292.179700,3.230080
293.166500,3.761383
294.933400,3.384655
296.128800,3.464132
297.301600,3.535174
299.217300,3.425418
300.370800,3.599489
301.490500,3.617101
302.581300,3.363963
303.700200,3.315399
305.431200,3.461391
306.561900,3.260999
307.651100,3.522015
309.168800,3.314367
310.425000,3.726570
311.910800,3.089669
313.391100,3.554076
0.787361,4.766924
2.039899,4.387898
3.159497,4.525112
4.505513,4.799724
5.927255,4.729309
7.301559,4.717134
8.416394,4.610802
9.849941,4.526610
11.062390,4.390868
12.736740,4.597557
13.905640,4.332035
14.960810,4.727629
16.075500,4.617489
17.711630,4.518764
19.041140,4.799955
20.487500,4.714404
21.916010,4.809003
23.045800,4.633212
24.282860,4.230783
25.684900,4.652144
27.020300,4.635356
28.368050,4.723125
29.780450,4.942748
30.930340,4.650308
32.312170,4.730022
33.424450,4.598073
34.899720,4.862357
36.278840,4.584589
37.690220,4.835375
38.878210,4.673967
40.345220,4.396686
41.342660,4.929869
42.498650,4.306865
44.163830,4.545675
45.474330,4.478606
46.731730,4.755268
48.452690,4.715140
49.572670,4.698732
50.673160,4.455836
52.321340,4.577757
53.447240,4.474696
54.935310,4.638150
56.179120,4.560425
57.849820,4.828769
59.107910,4.599911
60.195430,4.864068
61.306270,4.497838
62.410790,4.693152
64.155340,4.438878
65.600490,4.294038
66.835500,4.382054
67.961650,4.583746
69.220600,4.681754
70.636780,4.394016
72.193770,4.608310
73.265140,4.283639
74.634000,4.542475
75.976070,4.582619
77.239980,4.595931
78.448280,4.579863
80.016940,4.506937
81.429830,4.482210
82.499340,4.824281
84.216840,4.488820
85.287580,4.818041
86.509620,4.371891
87.729310,4.803751
88.997880,4.486741
90.721700,4.665257
91.847600,4.543252
93.379630,4.292363
94.403280,4.816402
95.791580,4.673895
96.986980,4.539186
98.384850,4.629910
99.966100,4.442188
101.167500,4.522819
102.284300,4.748020
103.852500,4.701632
105.321300,4.644767
106.435300,4.529973
107.657500,4.524865
108.771300,4.644686
110.645500,4.366707
111.859200,4.358408
112.813300,4.941158
114.240000,4.281927
115.862700,4.806333
116.984800,4.855931
118.385900,4.830777
119.664900,4.321490
120.759700,4.562533
122.236900,4.355797
123.414800,4.334492
124.940000,4.911107
126.104300,4.267875
127.211700,4.440972
128.966400,4.599867
130.149100,4.482622
131.267300,4.419785
133.044400,4.296663
134.404700,4.770825
135.523800,4.718980
136.822300,4.652739
137.932600,4.973256
139.508800,4.995159
140.709200,4.540155
142.087400,4.596453
143.163700,4.906594
144.863500,4.667887
146.061900,4.630076
147.384800,4.389210
148.503400,4.332110
149.884000,4.161656
151.404900,4.337219
152.638000,4.642491
153.960300,4.935549
154.960800,4.431978
156.743400,4.726741
157.836500,4.482323
159.141700,4.609776
160.274400,4.653885
162.150600,4.398243
163.218900,4.734821
164.430600,4.708724
165.854000,4.530519
167.142700,4.597637
168.299500,4.475641
169.903400,4.648285
171.013400,4.792890
172.552900,4.509883
174.132100,4.709150
175.108900,4.164077
176.578600,4.609706
177.694100,4.509959
178.812200,4.449288
180.420800,4.668101
181.603900,4.406824
182.701100,4.630964
184.151300,4.687551
185.901400,4.794986
186.913200,4.312863
188.368700,4.318186
189.486100,4.404732
190.950200,4.165714
192.324600,4.648753
193.924800,4.290679
194.975800,4.672026
196.593300,4.756018
197.830400,4.516789
198.914100,4.808791
200.263900,4.730718
201.636800,4.781749
202.658900,4.323701
204.188800,4.562550
205.417200,4.751382
206.782400,4.350318
207.886200,4.969816
209.492900,4.449090
211.028900,4.239969
212.169600,4.547836
213.246500,4.855202
215.034500,4.491524
216.158100,4.626140
217.341300,4.496834
218.789300,4.581613
220.097800,4.640016
221.545800,4.678419
222.686600,4.532049
224.137100,4.459449
225.249900,4.582849
226.358800,4.737695
228.014600,4.507285
229.317800,4.541916
230.676800,4.544602
232.043400,4.563781
233.127100,4.206800
234.761500,4.746960
235.888100,4.472396
237.206700,4.634795
238.438800,4.207519
239.501000,4.561103
241.252400,4.394634
242.529500,4.780866
243.884800,4.654566
245.350800,4.278659
246.866400,4.751132
247.986500,4.742486
249.259300,4.767265
250.373900,4.660131
251.905200,4.930318
253.236800,4.399593
254.500900,4.332145
255.745800,4.503779
257.194300,4.474316
258.549600,4.538054
259.654100,4.719698
261.363000,4.561593
262.447400,4.841945
263.567200,4.821379
264.679700,4.410115
266.317100,4.493524
267.509700,4.393426
268.993500,4.471348
270.288100,5.006498
271.813200,4.831427
273.005000,4.221250
274.339600,4.538554
275.431300,4.793342
276.917000,4.215148
278.256000,4.522421
279.828200,4.648335
281.372500,4.559388
282.492100,4.527856
283.586100,4.287735
284.851400,4.677972
285.976900,4.632206
287.488400,4.849153
289.258300,4.895238
290.317300,4.532926
291.538700,4.706028
292.982300,4.866275
294.197600,4.695631
295.581100,4.631330
296.749600,4.525764
298.173200,4.237322
299.480100,4.620166
300.758100,4.652035
301.873400,4.753644
303.394800,4.442479
304.941200,4.469206
306.044700,4.660783
307.302800,4.637004
308.610000,4.572009
309.885200,4.707237
311.004000,4.751801
313.030900,4.706309
1.168971,5.819690
2.282445,5.698812
3.851177,5.803982
5.072552,5.765611
6.486789,5.699218
7.875035,5.679540
9.215387,5.978259
10.455540,5.786373
11.639190,5.829328
12.922950,5.948508
14.092910,5.435736
15.822700,5.810782
17.094760,5.717063
18.336770,5.977187
19.656230,5.797485
21.088810,5.802488
22.204530,5.894954
23.319970,5.987078
25.202990,5.986556
26.365240,6.116718
27.908010,6.110224
28.943350,5.685760
30.648110,5.790105
31.765140,5.707404
32.971390,5.770270
34.093430,5.639822
35.670910,5.797086
37.033200,5.741834
38.492070,5.876636
39.594460,5.679076
40.943590,5.976334
42.065040,5.786012
43.567020,5.939982
44.622940,5.569145
45.896930,5.515741
47.204170,5.882084
48.891950,5.868798
50.035760,5.718122
51.207330,5.637512
52.809370,5.733669
54.016490,5.871802
55.133020,5.740086
56.704500,5.693673
58.264800,5.898769
59.394010,5.991744
61.005780,5.634889
62.115570,5.772756
63.198310,5.489842
64.874420,5.675420
65.983180,5.517687
67.506550,5.922780
68.711110,5.950040
70.020840,5.641636
71.324030,5.313337
72.380580,5.731082
74.040310,5.748683
75.648550,5.689998
76.765790,5.610640
78.285190,5.874292
79.269450,5.340520
80.371660,5.709198
81.706400,5.613386
83.162480,5.727364
84.276100,5.607133
86.081670,5.853714
87.199750,5.790437
88.406940,5.736402
89.867760,5.593141
91.383060,5.569236
92.484790,5.771091
93.848320,5.789415
95.187420,5.616121
96.573520,5.580139
97.657900,5.862471
99.035110,5.926672
100.495400,5.429208
101.571500,5.739525
102.921200,6.190575
104.376700,5.740602
105.890800,5.611733
107.005500,5.493816
108.440100,5.714666
109.731600,5.618360
110.954800,5.798725
112.477800,6.022311
113.568400,5.764251
114.621100,5.378804
116.462900,5.846755
117.702100,5.717998
119.000000,5.913692
120.034300,5.483811
121.777700,5.914354
122.987700,5.544380
124.377000,5.879523
125.497100,5.888175
126.797000,5.792492
128.016500,5.636488
129.143400,5.705595
130.840500,5.986165
131.951500,5.843580
133.902800,5.910035
135.107800,5.773446
136.225800,5.793598
137.335100,5.918755
138.952700,5.967010
140.070000,6.042288
141.197000,5.546972
142.417100,5.759965
144.056500,5.707139
145.423800,5.672565
146.997000,5.906781
148.167400,5.401102
149.256800,5.661499
150.371500,5.551867
151.612600,5.550333
153.109600,5.664185
154.621500,5.846512
155.918500,5.815050
157.354700,5.837185
158.404800,5.450890
159.502800,5.670260
161.241100,5.291148
162.522400,5.865230
163.865900,5.723520
165.229700,5.661264
166.601800,5.578397
167.812800,5.504076
168.948500,5.386375
170.278300,6.130949
171.927500,5.439135
173.072900,5.955482
174.303600,5.814608
175.798900,5.716143
177.259300,5.774294
178.457300,5.647920
179.667000,5.496668
180.741500,5.816733
182.303000,5.749670
183.396300,5.513682
184.716100,5.656509
186.593600,5.675519
187.710000,5.766209
189.033700,5.730123
190.348100,5.457267
191.469600,5.372406
193.209300,5.768864
194.328600,5.727105
195.743800,5.486034
197.033400,5.882215
198.459000,5.831365
199.765800,5.879310
200.903200,5.650410
202.218000,6.075129
203.228900,5.460873
204.484200,5.699675
206.061800,6.134814
207.128600,5.794607
208.626700,5.810332
210.329800,5.569132
211.609500,5.703756
213.117500,5.966178
214.182700,5.574072
215.444700,5.533621
217.198700,5.607766
218.327500,5.887636
219.430400,5.685951
220.675900,5.750763
222.100700,5.706602
223.550700,5.882791
224.601900,5.496256
225.972900,5.826377
227.326300,5.690064
228.541800,5.495479
230.139600,5.750685
231.419100,5.493681
232.546500,5.782868
233.810900,5.380555
235.614400,5.558557
236.885400,5.841296
237.998000,5.707055
239.328700,5.667135
240.607600,5.310498
241.570800,5.882020
243.158000,5.707901
244.538500,5.563755
245.650800,5.433324
247.241900,5.808163
248.605400,5.676414
249.962800,6.004253
251.000200,5.588035
252.711300,5.903988
253.793200,5.615005
255.228600,5.695675
256.408600,5.976184
257.909800,5.846177
259.053000,5.840723
260.574100,5.356788
261.619900,5.756179
263.020200,5.804480
264.108400,6.082942
265.901800,5.533731
267.007800,5.710009
268.127900,5.708946
269.444200,5.742918
271.209000,5.774379
272.409100,5.781379
273.674800,5.809911
274.964200,5.811063
276.553900,5.765613
277.648400,5.527826
279.105100,5.506092
280.070700,6.073362
281.564800,5.930547
283.096100,5.471130
284.154900,5.836336
285.476400,5.756133
286.824800,5.751558
288.356000,5.557078
289.366400,6.040777
290.758300,5.562484
292.101900,6.068446
293.362700,6.086735
294.479800,5.803197
296.196100,5.712088
297.614800,5.996947
298.675300,5.636735
300.203100,5.624850
301.318800,5.731134
302.770600,5.423694
303.890000,5.449129
304.999600,5.600584
306.701600,5.993841
307.769100,5.655469
309.151500,5.552461
311.096500,5.867834
312.151100,5.489838
313.450000,5.744792
0.359579,6.686008
2.023279,6.788512
3.146206,6.674418
4.676872,6.827455
5.966359,6.690720
7.131675,6.747375
8.503527,6.856346
9.914761,6.852963
11.229150,6.884712
12.342020,7.011532
13.885780,6.536144
15.501520,6.975306
16.618400,7.056154
17.737680,7.080175
19.153530,6.798461
20.685050,6.925963
21.805060,6.942823
22.999920,7.060436
24.213580,6.661709
25.680020,7.001300
27.047980,7.270030
28.185650,7.193029
29.598590,7.062136
31.249840,7.216144
32.258200,6.728549
33.659440,6.844264
35.037490,6.906046
36.389020,6.657582
37.754100,6.719021
38.928340,6.908695
40.204540,6.818120
41.646550,6.847686
42.757080,6.711493
44.448070,6.791227
45.662340,6.742021
46.769140,6.914284
48.428740,6.888582
49.686990,7.042957
50.850310,6.853747
52.400070,6.939303
53.518320,6.874999
54.712470,6.777725
56.121780,6.805922
57.629970,7.013940
58.745210,6.909826
60.179030,6.790764
61.421140,6.880730
62.783640,6.769041
64.206890,6.574629
65.355130,6.698148
66.576620,6.810428
67.942150,6.954635
69.201030,6.957297
70.478580,6.663949
71.980910,6.849744
73.266230,6.558629
74.352860,6.830430
76.286500,7.004096
77.606510,7.012781
78.726270,7.034819
80.091000,6.956917
81.145130,6.580862
82.450890,6.828812
83.535680,7.111304
85.217310,6.882421
86.514020,6.887159
87.873220,6.720560
89.095280,6.762350
90.212610,6.683976
92.018170,6.797695
93.197490,7.115849
94.667680,6.607206
95.629790,7.233551
97.115950,6.977294
98.892940,7.037674
99.975200,6.657666
101.071700,6.886231
102.247400,7.187320
103.782600,6.906469
105.221900,6.510199
106.403400,7.170639
107.535700,7.194608
108.849900,7.071640
109.942100,6.716983
111.598100,6.715737
112.704300,7.120255
114.376800,6.535583
115.482000,6.707383
117.020100,6.818100
118.139700,6.841135
119.687000,6.895748
120.808700,6.878647
121.878600,7.210260
123.656400,6.743381
124.711600,7.115577
126.124900,6.860810
127.505200,6.887662
128.930600,6.805092
130.030000,7.024026
131.526300,7.206350
132.646300,7.202311
133.841000,7.028395
135.239000,6.890138
136.775900,6.952078
138.119000,6.713716
139.168500,7.098166
140.775800,6.911858
142.160700,6.898887
143.228700,6.554001
144.671100,6.834935
146.240300,6.735648
147.478400,6.918160
148.747400,6.881334
149.909000,6.574943
151.292100,6.847382
152.702400,6.751273
153.857600,6.736650
155.184600,6.915522
156.653600,6.836798
157.775500,6.875286
158.931200,7.218201
160.650300,6.905135
161.984100,6.924410
163.262800,6.721284
164.479700,6.767881
165.683200,6.854487
167.223200,6.510277
168.798600,6.494974
169.723100,7.124783
170.966800,7.014304
172.759700,7.079220
173.853400,6.839620
174.966200,6.716619
176.081300,6.814136
177.672500,7.141733
179.294000,6.748401
180.405700,6.885327
181.557900,6.584663
183.056300,6.907240
184.229900,6.665619
186.085700,6.773711
187.205700,6.769242
188.331000,6.861043
189.555200,7.194891
190.958800,6.573495
192.311200,6.887304
193.474000,6.943575
194.704100,6.940014
196.267000,6.699040
197.778300,6.720122
199.071000,6.769404
200.588700,6.814535
201.681900,7.058523
202.962300,6.923586
204.171200,7.021572
205.579000,7.145127
206.904600,6.897503
208.541600,7.005725
209.675900,6.478535
210.866400,6.848571
212.629500,6.973516
213.817500,6.838655
214.937100,6.843832
216.188000,6.538086
217.275800,6.804797
218.906100,6.846703
220.235800,6.920959
221.680400,6.993653
222.797700,6.916501
224.009700,7.025334
225.123000,6.900674
226.435000,6.846645
227.969500,6.606998
229.349900,6.545051
230.718000,6.880221
231.970200,6.972713
233.419200,6.801728
234.642500,7.053691
235.761200,7.086124
237.190300,6.919142
238.981500,6.730996
240.084200,6.939729
241.233600,6.950171
242.339000,7.128593
244.188200,7.070213
245.266700,6.776318
246.352700,6.507695
247.720800,6.870786
249.507500,7.025911
250.690700,6.937865
251.727400,6.438513
253.195100,6.916411
254.532200,6.809531
255.761000,6.890051
256.929500,6.967882
258.570300,6.851223
259.708200,6.789359
260.797100,6.527285
262.482500,7.140386
263.601000,7.081343
265.148600,6.723201
266.248800,6.934326
267.803700,6.953311
268.909400,6.774507
270.519000,6.670752
271.631100,6.811723
272.816200,6.882114
274.289900,6.745775
275.548300,6.830809
277.011300,6.788176
278.358000,6.924915
279.463400,7.105050
280.582700,7.069301
282.386500,7.027966
283.643000,6.936643
284.797000,6.754165
286.123500,6.785357
287.243500,6.791933
288.997800,7.151481
290.394300,6.745090
291.463200,7.079812
292.677100,7.028838
294.450700,6.922917
295.569300,6.977777
296.725100,6.975799
298.480200,6.755567
299.747300,7.126580
301.022700,6.811644
302.132300,6.964426
303.552300,6.668597
304.653300,6.874115
306.033400,6.892588
307.393000,6.896596
308.703100,6.577366
310.315900,6.714730
311.416500,6.940977
312.738400,6.609564
1.355799,8.156989
2.697935,7.891435
3.919476,7.990912
5.285273,7.767397
6.670229,7.767998
7.921242,8.128979
9.336598,7.846827
10.462930,7.829597
11.934640,8.073156
13.166490,7.864993
14.719530,7.790988
16.095640,8.046772
17.202150,8.221009
18.612000,7.779295
19.704890,8.021808
20.824460,8.038067
22.648740,8.123801
23.743570,7.897915
24.851860,7.752501
26.257970,8.064119
27.687420,8.193002
28.825470,8.111891
30.252310,8.161874
31.568760,8.358650
32.874120,8.274381
34.186980,8.260077
35.710560,7.801321
37.206090,8.235191
38.316990,8.054132
39.582980,8.073774
40.780830,7.778586
41.882830,7.979099
43.725950,7.896115
45.100400,7.711839
46.132600,8.145260
47.876220,7.876561
48.994530,7.932749
50.104010,8.082300
51.453670,7.818305
52.946150,8.184833
54.063420,8.104917
55.186560,8.024822
56.293290,8.197011
58.110010,8.318376
59.309760,7.876537
60.416450,8.147775
62.199640,7.724880
63.402300,7.934867
64.493660,8.186750
66.036210,8.106544
67.297000,7.953656
68.725870,8.222022
69.845660,8.238206
71.178660,8.041902
72.908060,8.131509
74.161030,8.034262
75.598140,7.887517
76.815790,7.991393
77.931570,8.089696
79.311800,7.989318
80.430760,8.024226
81.545230,8.128973
83.039390,8.115272
84.726690,8.151091
85.963570,7.917137
87.089070,7.974081
88.194510,7.793115
89.671230,7.801383
91.330380,7.681674
92.354080,8.255776
93.535380,8.184772
94.679150,7.899476
96.375230,8.069428
97.538830,8.014503
98.854670,8.338957
99.952220,7.906518
101.694300,8.161329
103.002300,8.014565
104.118300,8.106956
105.590600,7.941308
106.991700,8.173699
108.667400,8.216689
109.862500,7.832828
110.819000,8.414702
112.300000,8.168684
113.419800,8.143570
114.534300,8.031666
116.025400,7.686190
117.299500,7.920311
118.660300,7.832762
120.368100,7.907866
121.431600,8.391100
122.537400,8.212037
124.226500,8.137196
125.569500,7.833186
126.758900,7.841783
128.211400,7.992849
129.525700,8.024177
130.898400,8.133834
132.251200,8.257662
133.379500,8.049020
134.497900,7.987931
136.133700,8.037213
137.637600,7.723492
138.735400,8.141867
139.893200,7.950514
141.474100,8.039663
142.918200,7.723355
144.037200,7.758119
145.324200,8.032201
146.427600,7.839972
147.528000,8.139726
149.352500,8.063108
150.616100,7.740495
151.696900,8.317101
153.394000,7.793607
154.458500,8.140996
155.578300,8.131483
157.018500,7.895752
158.730300,8.319309
159.837600,7.890671
161.129100,8.074511
162.260100,8.185245
163.913000,7.733965
165.371100,7.930580
166.547000,7.567446
168.039200,8.430678
169.134000,8.077548
170.426400,7.995058
171.619400,7.924642
173.438200,8.161084
174.695000,7.802987
175.809000,7.919165
176.910000,8.124558
178.436300,7.960882
180.170400,8.047073
181.278900,7.886436
182.582100,8.141605
183.708700,8.081624
185.199000,7.940466
186.317300,7.876610
187.681600,7.783204
189.277800,8.456841
190.310300,8.022216
191.921300,8.031737
193.123700,8.007470
194.259900,8.110693
195.915800,8.027881
197.034900,7.979533
198.259900,7.747141
199.539900,8.223141
200.622200,7.934893
202.406000,8.297306
203.475700,7.965244
205.242500,8.213232
206.362700,8.213573
207.581100,8.234737
208.872800,8.075228
209.984000,7.937656
211.554900,8.025002
213.010800,8.026326
214.125900,7.914553
215.474200,8.025290
216.553900,7.727062
218.428800,7.957724
219.536900,7.795766
220.916000,7.812149
222.254800,8.128240
223.377700,7.950369
224.508000,8.028200
225.928900,7.938370
227.388000,7.984468
228.697600,7.644985
230.255500,8.035238
231.674400,8.245905
232.769900,8.020732
233.877000,7.868390
235.170500,8.278539
236.787400,7.966000
237.906200,7.912609
239.024400,7.849368
240.804300,8.045770
241.967400,8.185744
243.284100,7.728466
244.673100,8.155554
245.895200,8.056526
247.265000,8.042692
248.444700,7.941481
249.898300,8.074781
251.024600,8.071155
252.495700,8.080821
253.974900,7.783496
255.041400,8.124713
256.152300,7.988570
257.848400,8.228436
258.922100,7.914461
260.208300,7.825788
261.682300,8.136835
263.143300,8.330605
264.496100,7.754107
265.611500,7.855288
267.016700,7.750291
268.363000,7.963436
270.089100,8.291039
271.165800,7.985690
272.277900,7.863595
273.925300,7.804710
275.010800,8.079591
276.097100,7.807431
277.818400,8.227562
278.932200,8.111422
280.575700,8.344921
281.499600,7.711880
283.127400,7.931037
284.211300,8.213137
285.704800,7.824194
286.889500,8.012683
288.134600,7.982543
289.690200,8.113316
290.845900,8.020258
292.332200,8.093387
293.448700,7.986336
295.037800,7.990078
296.153000,8.090590
297.636300,8.065382
298.971100,8.229000
300.534700,7.971757
301.654700,7.979486
303.016100,7.652268
303.899400,8.340933
305.621200,7.957908
306.732200,8.098092
308.044700,7.984724
309.304100,7.693893
310.948500,7.958439
312.450700,8.268867
313.638000,8.402484
0.562593,8.994128
1.901463,9.135165
3.152903,9.181226
4.676148,9.246987
5.786464,9.392899
7.065154,9.432477
8.176390,9.292483
9.937153,8.905098
11.396460,9.059823
12.513510,9.142453
13.955330,9.148490
15.071950,9.070471
16.169970,9.288587
17.881620,9.111527
19.145980,9.432528
20.793390,9.373718
21.730590,8.761924
23.012210,9.432515
24.395370,8.827976
25.956330,9.432775
27.021020,9.089923
28.447040,9.165860
29.756170,9.220437
30.875970,9.238563
32.240760,9.258521
33.514750,9.193155
34.744580,9.231523
36.352000,9.432516
37.998420,9.196163
39.275230,9.191425
40.498020,9.432386
41.618110,9.432505
42.850010,9.411039
43.998510,9.290334
45.756960,9.286227
46.853750,9.001669
48.311760,9.318106
49.711570,9.131719
50.946690,8.819331
52.193340,9.420407
53.646500,9.403307
54.704280,9.035505
56.323620,9.432501
57.424080,9.223963
58.549310,9.348712
60.175870,9.251979
61.294050,8.843765
62.635550,9.364125
63.748130,9.235193
65.370740,9.163980
66.918620,9.093973
68.038570,9.106209
69.259940,9.215766
70.518730,9.133422
72.165820,8.998270
73.312100,9.176014
74.428570,9.264337
76.124550,8.875632
77.095700,9.432666
78.857360,9.142532
79.938980,9.432603
81.101800,9.204416
82.299930,8.956314
83.982890,9.290466
85.196920,9.167693
86.436130,9.310467
87.547470,9.170997
88.953770,9.131095
90.277940,8.963343
91.346970,9.297577
93.197910,9.252830
94.446650,8.996325
95.555460,9.154873
97.094960,9.154639
98.625470,9.433512
99.756490,9.009370
101.083800,9.131651
102.304700,9.115363
103.736200,9.161650
105.432800,9.050183
106.578300,9.432493
107.902400,9.391671
109.068700,9.262383
110.314800,9.414924
111.857400,9.432437
112.943200,9.157211
114.300200,9.228150
115.540900,9.363178
116.977900,9.265506
118.085400,9.432505
119.374800,9.112901
120.491200,9.020743
122.138400,9.260147
123.624200,9.432475
124.962300,9.386568
125.961900,8.881128
127.705000,9.117672
129.073100,9.048744
130.125500,9.432432
131.499800,9.171637
132.935700,9.196813
134.030600,9.432551
135.247300,8.820400
136.593300,9.166305
138.066400,9.220009
139.494000,8.996687
141.010600,9.131597
142.127400,9.207791
143.243800,9.125170
144.689200,8.973637
146.108400,8.963249
147.236800,9.335227
148.526000,8.819051
150.264300,9.173568
151.353600,9.432593
152.440800,9.164607
153.995500,9.350831
155.286900,9.265195
156.530100,9.252336
157.699500,8.785028
159.267000,9.301667
160.355000,8.884090
161.840300,9.225128
162.947500,9.394195
164.704400,9.149596
165.864500,9.144929
167.138500,9.096651
168.893800,9.171524
170.016200,9.036468
171.460500,9.428185
172.570800,9.280450
173.835300,9.208423
175.025800,8.872961
176.479800,9.248592
177.748400,8.867258
179.069600,8.893882
180.450900,9.182316
181.837400,9.300652
183.127600,9.119555
184.202800,9.432536
185.534500,9.432528
186.976200,9.141913
188.057800,9.432549
189.826700,9.432753
190.905900,9.135589
192.025400,9.147378
193.893100,9.169298
195.013100,9.162984
196.204300,9.115704
197.494500,9.000988
198.985600,9.259031
200.390600,9.280251
201.596300,9.158031
202.993900,9.250705
204.442600,9.432505
205.554800,9.299831
206.924000,9.182877
208.339600,9.059679
209.540000,9.169066
210.671900,8.821475
211.887000,9.195392
213.592300,9.229514
214.959300,9.236881
216.050800,8.985627
217.470300,8.677591
218.870500,9.047213
220.274900,9.300727
221.413700,8.939568
222.486200,9.262556
224.320000,9.132160
225.399000,9.432494
226.579800,9.301542
228.111700,9.116177
229.266100,9.432532
230.585300,9.430190
232.264400,9.368422
233.382600,9.432460
234.610200,9.432511
235.831500,9.182302
236.951100,9.193781
238.880600,8.959716
240.144000,9.432511
241.472400,9.190551
242.741900,9.432508
243.979400,9.034903
245.565500,9.432533
246.681900,9.341748
247.891600,9.083117
249.095400,8.996853
250.287800,9.340425
251.567500,9.050837
252.942700,9.107882
254.271900,8.938416
255.816100,9.099336
256.900300,8.821879
258.617700,9.250678
259.776200,9.149937
261.071200,9.139820
262.191300,9.135312
263.351600,9.432447
265.396000,9.346259
266.498600,9.149974
268.152000,9.384809
269.202200,8.995522
270.369700,9.375419
271.755600,9.034665
272.871500,9.122132
273.975400,9.307854
275.265300,9.238754
276.981200,8.971288
278.033600,9.355468
279.751200,9.432432
280.875000,9.424271
282.194000,9.101914
283.621900,9.245528
284.989700,9.432471
286.088600,9.159015
287.648200,8.991417
288.751000,9.384449
290.325000,9.036199
291.611500,8.950164
292.897400,9.060073
294.376800,9.432493
295.504300,9.168116
296.748300,9.039112
298.225600,9.126326
299.331900,9.300850
300.703600,9.432505
302.234900,8.937630
303.374600,9.330503
304.657000,9.218266
306.067900,9.141513
307.413300,8.986982
308.676000,9.432517
310.013500,9.163777
311.543700,8.926044
312.624600,9.434356
