0.700380,-9.250014
2.093287,-9.870783
2.976353,-9.583828
4.080003,-8.947373
5.322185,-9.812771
6.680282,-9.456848
7.961108,-9.613896
9.657201,-9.603648
10.393460,-9.969012
11.825690,-9.332449
12.725890,-9.422975
14.161740,-9.275130
15.272770,-9.595408
16.359300,-9.613636
18.128460,-9.683885
18.948100,-9.507508
19.682830,-9.323032
21.390810,-9.261138
23.045760,-9.718079
23.769230,-9.639631
25.036820,-9.672243
26.001690,-9.480606
27.407130,-9.733474
28.396340,-9.158304
30.218710,-9.583017
31.172170,-9.508255
32.141050,-9.259014
33.661570,-9.105827
34.744730,-9.325522
35.735790,-9.486059
36.926600,-9.044004
38.138330,-9.734430
39.784300,-9.181545
40.941320,-9.365710
42.264370,-9.616177
43.474670,-9.213395
44.532920,-9.373150
45.702710,-9.601895
47.340600,-9.893938
48.057120,-9.336135
49.507960,-9.435800
50.150030,-9.467184
51.960880,-9.725360
52.738540,-9.152563
54.300010,-9.132879
55.782080,-9.345968
56.600950,-9.444089
57.995850,-9.470165
59.379430,-9.423862
60.401010,-9.456065
61.784440,-8.980895
62.614910,-9.022579
64.251520,-9.825116
65.476880,-9.468073
66.433440,-9.512163
67.822330,-9.286139
69.125840,-9.304227
70.305430,-9.546529
71.816610,-9.792244
72.742700,-9.445450
73.853310,-9.157319
75.213330,-9.411152
76.433430,-9.639260
77.631790,-9.452607
78.346290,-9.436460
80.395470,-9.428026
81.319450,-9.093518
82.880670,-9.403383
83.729520,-9.465901
85.230090,-9.733902
86.438060,-9.627914
87.409730,-9.340812
88.359470,-9.527032
89.814470,-9.413024
90.989600,-9.601379
92.270820,-9.437294
93.631200,-9.621327
94.612340,-9.593863
95.413320,-9.549575
96.837570,-9.665347
98.366840,-9.399762
99.633600,-9.508610
100.918800,-9.482197
102.070600,-9.439783
103.475300,-9.004022
104.561100,-9.245399
105.575000,-9.577332
107.097700,-9.143541
107.775300,-9.616784
109.172800,-9.298582
110.640500,-9.331694
112.085400,-8.992794
113.222200,-9.553411
114.029600,-9.270285
115.809000,-9.197810
116.984700,-9.235147
117.616800,-9.199978
119.170900,-9.449406
120.803100,-9.537036
121.787100,-9.908358
122.597600,-9.930153
124.085000,-9.647249
125.726800,-9.689566
126.348500,-9.098675
127.765400,-9.567227
129.227500,-9.746449
130.351000,-9.761930
131.555100,-9.606749
132.311400,-9.775930
133.932700,-9.337797
135.386000,-9.613601
136.087000,-9.520655
137.686900,-9.110490
139.044400,-9.259969
139.983400,-9.390608
141.488500,-9.235930
142.529000,-9.429781
143.767200,-9.532480
145.111500,-9.315084
146.185900,-9.061823
147.264100,-9.507022
148.957700,-9.472589
149.782100,-9.469563
150.985000,-8.941233
152.153900,-9.431087
153.407700,-9.090141
154.647400,-9.404945
155.684400,-9.937257
156.773200,-9.078822
158.507600,-9.117341
159.059300,-9.414667
160.741000,-9.433475
162.054700,-9.416237
163.174200,-9.451549
164.467700,-9.981053
165.784700,-9.363035
167.258000,-9.300843
167.589200,-9.226004
168.995600,-9.539983
170.872200,-9.731900
172.020800,-9.439136
173.053200,-9.317599
174.093900,-9.444639
175.364100,-9.152911
176.669500,-9.124588
177.864500,-9.436045
179.087900,-9.298687
180.540800,-9.312243
181.513900,-9.449441
183.256800,-9.404000
183.955500,-9.495210
185.246400,-9.628347
186.383500,-9.394132
187.648700,-9.444232
189.133400,-9.175855
189.665400,-9.495617
191.290500,-9.424439
192.774500,-9.802917
193.802700,-9.445727
194.966900,-9.285787
196.492100,-9.393684
197.484100,-9.341194
198.572500,-9.198738
199.609100,-9.876058
200.991300,-9.933873
202.217300,-9.578737
203.577900,-9.089740
204.934200,-9.589647
206.308100,-9.206363
206.791200,-9.633010
208.642100,-9.775373
210.034700,-9.776429
210.970200,-9.169325
211.839600,-9.311389
213.424700,-9.385036
214.539000,-9.387477
215.846100,-9.067226
216.983500,-9.426791
218.095100,-9.786343
219.174300,-9.184516
220.964700,-9.877089
221.927400,-9.276987
223.287000,-9.859352
224.358600,-9.218315
225.643200,-9.945005
226.843200,-9.715257
227.989800,-9.351375
229.088100,-9.102236
230.771200,-9.483484
231.660000,-9.191297
232.880400,-9.450983
233.758700,-9.227755
235.355800,-9.538683
236.737500,-9.522794
237.496300,-9.112761
238.905900,-9.643227
240.625300,-9.387317
241.269100,-9.124514
242.471500,-9.273812
244.039600,-9.786965
245.533300,-9.696039
245.953900,-9.579944
247.676300,-9.563196
248.888900,-9.561393
249.916000,-9.416412
251.009500,-9.869755
252.517700,-9.433227
253.575600,-9.560990
254.903400,-9.448864
256.511300,-9.157287
257.799300,-9.398851
258.112300,-9.351632
259.561600,-9.629127
261.014700,-9.438677
262.651800,-9.689514
263.170200,-8.958285
264.579200,-9.411201
266.122900,-9.017177
266.823900,-9.039701
268.659600,-9.559848
269.948700,-9.034509
270.802900,-9.437743
272.369800,-9.521237
273.575700,-9.790714
274.313200,-9.470104
275.503000,-9.417999
277.040200,-9.623163
278.247700,-9.313366
279.341000,-9.441808
280.581500,-9.410721
282.133500,-9.320539
282.702000,-9.216160
284.525400,-9.314138
285.514700,-9.515419
286.330300,-9.283621
288.029100,-9.406834
289.517000,-9.541785
290.415900,-9.441664
291.702900,-9.562796
292.858600,-9.504564
293.789200,-8.968722
294.871500,-9.440431
296.633000,-9.742224
297.608900,-9.219138
298.919100,-9.410705
300.462100,-9.019866
301.297400,-8.883470
302.393000,-9.498840
303.659400,-9.539411
304.991800,-9.452730
306.414900,-9.730366
307.464800,-9.331376
308.459600,-9.513668
310.428300,-9.326730
311.693900,-9.525311
312.246800,-9.060283
313.649400,-9.169268
0.849884,-8.474585
2.017440,-8.196542
2.775918,-7.675455
4.050437,-8.680217
5.362010,-8.486406
6.408821,-8.034859
7.946227,-8.333982
9.394406,-8.504424
10.746450,-8.316676
11.699440,-8.468766
12.730840,-8.032981
14.415470,-8.490349
15.491060,-8.276656
16.613470,-7.688762
17.649840,-8.021146
19.070410,-8.183780
20.179740,-8.696366
21.067760,-7.977966
22.195210,-8.340523
24.328960,-8.245218
25.194670,-8.423006
26.100910,-8.541451
27.399970,-8.208545
28.450170,-8.107709
29.943570,-8.195294
31.211430,-7.702197
32.318860,-8.608222
33.638250,-8.112342
34.800420,-8.178831
35.686990,-8.389133
36.985020,-7.788962
38.721050,-7.958166
39.578150,-8.046374
40.746720,-8.280780
42.623050,-8.461258
43.375080,-8.180241
45.070900,-8.092648
45.726240,-7.913582
47.099010,-8.137640
48.194670,-8.518242
49.727580,-8.319409
50.909310,-8.294794
51.602510,-8.171568
53.464930,-8.486980
54.486390,-8.009811
55.407730,-8.285578
56.713990,-8.172381
58.073370,-8.209546
59.343970,-8.057549
60.403400,-8.042427
61.740250,-8.323810
63.117970,-7.656913
64.299050,-7.638724
64.846670,-8.117146
66.601440,-8.456676
67.765910,-8.484626
69.123150,-8.633288
70.228360,-8.197787
71.490530,-7.957441
72.555240,-8.275229
73.932360,-8.180020
75.153720,-8.070641
76.468480,-8.201427
77.631790,-8.151404
79.040250,-8.619253
80.122220,-8.215006
81.291980,-7.765119
82.439770,-8.160550
83.824950,-8.541236
84.985150,-8.080439
86.524170,-8.254338
87.487050,-8.691021
88.678100,-8.006427
89.354400,-7.929039
90.744440,-8.623895
91.922130,-8.212454
93.878550,-8.257735
94.983460,-8.018934
96.072720,-7.799009
96.982700,-8.570480
98.185080,-8.228066
99.151050,-8.491895
100.825200,-8.111923
101.793800,-8.372853
102.953500,-8.605913
104.652100,-8.190991
105.799600,-7.992777
106.958100,-8.509489
107.913500,-8.513405
108.954500,-8.103204
110.780100,-8.187835
111.912000,-8.624911
113.147800,-7.917296
113.808500,-8.016530
115.504600,-8.218599
116.917000,-8.258228
117.426700,-8.306588
119.222300,-7.869213
119.988100,-8.313969
121.705200,-7.990082
123.045900,-8.238091
124.332300,-7.755065
125.662100,-7.792062
126.810300,-7.987447
128.086300,-8.560088
128.973000,-8.096330
130.024000,-7.638848
131.602600,-7.978377
132.419900,-8.175305
133.603700,-7.727184
135.377300,-8.194528
136.210900,-8.154660
137.528700,-8.622164
139.062100,-8.017961
139.750400,-8.468786
140.975000,-8.695738
142.655900,-8.421881
143.656800,-8.073741
144.768500,-7.685324
146.025700,-8.298785
146.973700,-8.062918
148.734300,-8.196344
149.747700,-8.194909
150.728600,-8.499697
151.770600,-7.914311
153.574700,-7.807782
154.902700,-7.758999
155.834000,-7.979339
156.894700,-8.149794
158.142800,-8.673404
159.517000,-8.161906
160.780200,-8.064493
161.972300,-8.180341
163.021000,-8.449850
164.438000,-8.672873
165.634600,-8.171092
166.992900,-7.931611
168.026000,-8.633269
169.229800,-8.279107
170.499100,-8.270247
171.690600,-8.226519
173.133900,-7.899890
174.583700,-7.877666
175.539900,-8.473271
176.448900,-7.986924
177.569700,-8.153895
179.182400,-8.145725
180.179500,-8.213724
181.609500,-8.313122
182.725000,-8.129882
184.107000,-7.794090
185.372300,-8.321729
186.407900,-7.971476
187.991300,-8.132870
189.128700,-8.378140
190.102900,-7.779329
191.645000,-8.191973
192.501300,-7.643161
193.720300,-8.058714
194.993500,-8.187508
196.311500,-7.870903
197.461600,-8.064844
198.775700,-7.987848
199.821900,-8.061875
201.178900,-8.241637
202.384400,-8.478238
203.585900,-7.645153
204.670900,-8.129090
205.687600,-8.167379
207.349900,-8.185829
208.366400,-8.214518
209.576900,-8.347883
210.887000,-8.051532
212.123100,-8.579499
213.288600,-8.150646
214.530100,-8.194783
215.568600,-8.184696
217.383200,-8.374236
218.443900,-8.094580
219.498500,-8.556471
220.739900,-8.462371
221.864800,-8.166625
223.052000,-7.983668
224.400900,-8.150680
225.989000,-8.462375
226.777800,-8.186522
227.690500,-8.372308
229.454600,-8.034661
230.323900,-8.483355
231.730500,-8.101348
232.908200,-8.211448
234.176100,-8.623869
235.317600,-8.230797
236.583000,-7.932732
237.786100,-8.189549
239.046100,-8.289908
240.012100,-7.903547
241.484000,-8.295455
242.924300,-8.614410
244.052700,-8.107659
245.622800,-8.409814
246.808600,-8.077498
247.126900,-8.154415
248.670900,-8.230226
250.452300,-8.205558
251.101100,-8.356258
252.295600,-7.921721
253.859400,-8.066649
254.535800,-8.428250
255.994200,-8.219170
257.078800,-7.857463
258.700000,-8.319657
259.532200,-8.251346
261.259400,-8.235465
262.551200,-8.196195
263.712400,-8.212977
264.689900,-8.173451
265.869900,-8.301392
267.002600,-8.108153
268.412500,-7.926683
269.575500,-8.177408
270.751700,-8.395332
271.828600,-8.236662
272.870000,-7.914937
274.537600,-8.665983
275.667800,-8.115452
276.576200,-7.747963
278.116100,-8.221897
279.335400,-8.134124
280.708100,-8.403679
281.788500,-8.295588
283.045300,-8.086221
284.314700,-8.461557
285.507000,-8.324570
286.403700,-8.552608
287.542800,-8.212903
289.116800,-8.279724
290.207300,-8.583929
291.477500,-8.537812
292.972300,-8.397209
293.913900,-8.209419
295.562900,-8.295252
296.257600,-8.394459
298.164800,-8.149771
298.831700,-7.811395
300.250300,-7.660486
301.873500,-8.218158
302.659200,-8.359818
303.965200,-8.402189
304.774300,-8.457788
306.700000,-8.031300
307.447900,-8.383486
308.636500,-8.091383
309.616500,-8.375693
311.150100,-8.154123
312.401500,-8.200693
313.848000,-8.636745
0.503729,-6.910006
1.493233,-7.122883
3.496800,-6.911838
4.424980,-7.145406
5.412910,-6.886340
6.703751,-7.372435
8.094191,-6.861022
9.418302,-6.885193
9.944912,-6.939890
12.061290,-6.673621
12.586570,-6.819454
14.030100,-6.894254
15.313030,-6.908481
16.086960,-6.944421
17.699360,-6.906350
18.936430,-7.057533
20.118900,-6.918242
21.238340,-6.421576
22.871510,-7.331316
23.667990,-6.824231
24.872430,-7.066598
26.084170,-7.124887
27.380330,-7.350383
28.654900,-6.979107
30.089000,-6.860724
30.694740,-6.925982
32.665060,-6.982831
33.326540,-6.939139
34.744020,-6.785951
36.054730,-6.739907
37.640830,-6.893075
38.577560,-6.861790
39.648390,-6.626318
40.947010,-7.060304
42.210460,-6.778228
43.435970,-6.892979
44.514190,-6.765701
45.970780,-7.019114
47.037470,-6.837154
47.874190,-7.124134
49.128660,-6.724941
50.724490,-6.599599
51.793410,-7.145544
53.614300,-7.111125
54.561430,-6.888546
55.255870,-6.633985
56.513350,-7.383240
57.970010,-6.818194
59.180470,-6.956949
59.952980,-7.105410
61.658100,-6.935282
63.085210,-6.992661
64.218320,-7.051876
65.254860,-7.235500
66.591730,-6.902808
67.712640,-6.950224
68.910450,-6.716012
70.261760,-6.914368
71.501560,-6.989581
72.784740,-7.293905
73.786220,-6.608934
75.094090,-7.088843
76.441220,-6.895134
77.164520,-6.705227
78.324850,-6.707629
80.593420,-6.847533
81.136340,-6.911746
82.005560,-6.793989
83.720270,-6.776005
85.005000,-6.985956
86.365880,-7.265846
87.791480,-7.028327
88.624940,-7.070950
89.791430,-6.917352
91.000820,-6.860847
92.378360,-6.599358
93.649230,-6.819911
94.696970,-7.161259
95.940450,-6.920708
97.400380,-7.054197
98.660840,-7.126164
99.876900,-7.156181
101.074900,-6.467145
102.114900,-6.511076
103.491700,-6.694469
104.111000,-7.045856
105.881400,-6.631778
106.930700,-6.918814
107.976100,-6.795489
109.323000,-7.158082
110.551200,-6.926949
111.807000,-7.321467
113.066000,-6.931115
114.323200,-6.935117
115.366000,-6.755225
116.972000,-7.107629
117.886800,-6.952035
119.205000,-7.144158
120.383200,-6.970926
121.512400,-6.604124
122.711900,-7.066532
123.588300,-6.849210
125.421700,-7.190564
126.677000,-6.562300
127.970900,-6.733596
128.975400,-6.992733
130.129800,-6.926088
131.373400,-6.890500
133.047600,-7.161518
133.841200,-6.918461
135.336000,-6.856179
136.451400,-6.757785
137.591500,-6.865605
138.772200,-7.022099
140.127300,-6.520191
141.084500,-6.588138
142.019400,-6.655705
143.372200,-7.313684
144.842400,-7.243422
146.263300,-7.084194
147.240000,-6.489027
148.313900,-7.181052
150.195900,-6.916917
150.965100,-6.917902
152.099900,-7.197230
153.645700,-7.190683
154.395900,-6.957061
155.405500,-6.934852
157.435700,-6.665299
158.278300,-6.934676
159.893100,-6.500574
160.802300,-6.817514
161.736300,-7.385968
163.364800,-6.890690
164.461200,-6.403830
165.682900,-6.880682
167.020900,-7.225904
167.659000,-7.198955
169.455800,-7.026795
170.528200,-6.919410
171.750400,-6.908042
172.793200,-6.722290
174.237300,-6.742590
175.734600,-6.773967
176.478800,-6.802855
177.868100,-6.919410
179.320600,-7.331099
180.318100,-7.270287
181.551500,-7.279381
182.401500,-6.782209
184.018100,-6.877365
185.278900,-6.462771
186.545300,-6.881512
187.642200,-7.375633
188.843100,-6.863821
190.176800,-6.773274
191.142500,-6.866735
192.772200,-7.208097
193.340900,-6.651174
195.035600,-6.954490
196.402100,-7.066885
197.464700,-6.937127
198.696100,-6.821642
200.064500,-6.726614
201.312400,-6.873806
202.632900,-6.830370
203.425800,-7.309152
204.456000,-6.837039
206.027500,-6.902475
207.013400,-6.426323
208.239400,-7.120597
209.141200,-6.923923
211.049800,-6.884545
212.418200,-6.606197
213.320600,-6.937109
214.594100,-7.089664
215.680900,-6.893985
216.781300,-6.931908
218.564700,-6.877823
219.666900,-6.809339
220.621200,-6.459377
221.998900,-6.826357
223.036100,-6.630476
224.464100,-6.927419
225.454800,-6.592869
227.075100,-6.739456
228.237500,-6.783641
229.370500,-7.120143
230.800100,-6.999919
231.973000,-6.866447
232.851500,-6.369112
234.213700,-6.859307
235.353000,-6.927386
236.716300,-6.879745
237.477900,-6.538643
238.985200,-7.128438
240.255700,-6.961254
241.400500,-7.138493
242.760700,-6.805086
244.075700,-6.438271
244.678700,-7.215443
246.262700,-6.825413
248.008000,-7.257473
248.839100,-6.873326
249.984600,-6.845700
251.224600,-7.001887
252.311500,-6.924010
253.645700,-6.906409
254.874800,-6.918961
256.174800,-6.637459
257.099200,-7.085333
258.562500,-6.883657
259.921200,-7.063771
260.733600,-6.619938
262.129300,-6.988204
263.456100,-6.900824
264.405000,-7.087982
265.910600,-6.917826
266.743200,-7.260706
268.215100,-6.586677
269.856200,-6.762940
270.915800,-6.849024
271.880400,-7.217283
273.429700,-6.594975
274.420900,-7.329139
275.373900,-7.016564
277.339300,-7.091760
278.132600,-6.902302
279.182700,-6.931989
280.330000,-6.525304
281.634300,-6.612405
283.211900,-6.410460
284.402000,-6.806186
285.431400,-6.579164
286.384700,-7.188947
287.593700,-6.829333
289.267200,-7.032452
290.292200,-7.154627
291.518200,-7.182901
292.998600,-6.565737
294.026200,-6.904048
295.440100,-6.958256
296.900900,-7.186348
297.598700,-7.051407
299.027100,-6.654262
299.907900,-7.421577
301.398000,-6.852870
302.440700,-7.436266
303.792400,-6.950356
305.158100,-6.687550
306.136400,-7.121809
307.217000,-7.149907
309.015100,-7.198854
309.874400,-6.866696
311.421600,-6.975218
312.812600,-6.923788
313.778400,-6.866775
0.776060,-5.598526
1.781895,-5.663042
3.000476,-5.648907
4.256517,-6.215942
5.463793,-5.767591
6.854060,-5.771558
7.888054,-5.696393
9.157470,-5.334671
10.178580,-5.602105
11.535020,-5.589289
12.828130,-6.048479
14.024290,-5.961195
15.735800,-5.901494
16.080880,-5.458308
17.588580,-6.121629
18.804340,-5.591592
19.972580,-5.371258
21.288740,-5.609772
22.263550,-5.540812
23.707110,-5.521976
24.996520,-5.112082
26.370880,-6.023241
26.977540,-5.470325
28.841610,-5.228794
29.954070,-5.797404
31.195240,-5.860022
32.630170,-5.459468
33.786000,-5.941619
34.755460,-5.552129
35.931110,-5.655248
37.181980,-5.368185
38.426300,-5.465088
39.459510,-5.289395
40.646010,-5.673353
42.138340,-5.429170
43.317970,-5.868213
44.626780,-5.467371
45.524240,-5.457753
47.019710,-5.649006
48.533790,-5.603882
49.869800,-5.790491
50.508420,-5.631364
51.852170,-5.692541
52.687630,-5.464904
54.156120,-5.266036
55.785030,-5.846379
56.713930,-6.183235
57.898640,-5.979636
59.095970,-5.526522
61.024670,-5.654256
61.961830,-5.879457
63.084610,-5.504950
63.996330,-5.412421
65.126040,-5.556686
66.583760,-5.819663
68.311040,-5.512038
69.119280,-5.806719
70.261640,-5.662459
71.374960,-5.456448
72.921620,-5.824039
74.101270,-5.401030
74.935580,-5.649006
76.418690,-5.651482
77.511410,-5.518684
78.636660,-5.358142
79.875930,-5.715807
81.642510,-5.708940
82.578400,-5.779622
83.771840,-5.771085
84.828830,-5.297095
86.137280,-5.725493
87.464800,-5.804971
88.559710,-5.941513
89.673020,-5.451853
91.061230,-5.659101
92.038600,-6.163729
93.485990,-5.632640
94.768280,-5.672845
96.420960,-5.595428
97.277600,-5.676086
98.787570,-5.456809
99.608760,-5.669866
100.573600,-5.606984
101.918500,-5.583942
103.452400,-5.435226
104.435900,-5.520123
105.653300,-5.645884
106.963100,-5.805552
107.889400,-5.298933
109.506700,-5.827616
111.070800,-5.474915
111.806100,-5.677750
112.694100,-5.314409
114.652800,-5.791625
115.302400,-6.122308
116.531200,-5.746563
117.874600,-5.660077
118.894300,-5.800995
120.829200,-6.013764
121.268600,-5.696349
122.464100,-5.370371
123.947500,-5.785807
124.830500,-5.894130
126.355400,-5.325140
127.621200,-5.770814
128.426000,-5.626475
129.971900,-5.600005
131.380300,-5.504300
133.090000,-5.973915
134.007200,-5.466339
134.858800,-5.809379
136.288400,-5.659462
137.467600,-5.637303
138.637000,-5.641770
139.658700,-5.520452
141.253600,-5.734545
141.969100,-5.826759
143.706300,-6.025754
145.023600,-5.236895
145.817500,-5.368043
147.207900,-5.936140
148.503500,-5.627973
149.775300,-5.476435
150.723900,-5.628889
152.177700,-5.657290
153.427900,-6.082907
154.619300,-5.637264
155.892800,-6.139177
157.209200,-5.585098
158.338700,-5.562229
159.332700,-5.157556
160.886900,-6.162937
161.796000,-5.598287
163.155200,-5.407453
164.318500,-5.924823
165.506600,-6.138334
167.123800,-5.406180
167.946900,-5.611708
169.355800,-5.430824
170.342100,-5.892147
171.547300,-5.592232
173.120600,-5.632755
174.609000,-5.984482
175.811900,-5.432219
176.677200,-5.562768
177.775300,-6.176284
178.780700,-5.796193
180.364000,-5.977813
181.171300,-5.958743
182.755500,-5.590548
184.216300,-5.410368
185.502200,-5.808034
186.146900,-5.511596
188.010700,-5.857130
189.062700,-5.531081
189.998600,-5.596191
191.793500,-5.781242
192.617200,-5.186436
193.827600,-5.976643
195.036300,-5.862275
196.439100,-5.587267
197.402500,-5.706972
198.712600,-5.338827
199.928700,-5.336704
200.763900,-6.087663
201.771800,-5.701229
203.894000,-5.960380
204.772400,-5.108994
206.330900,-5.309251
207.364700,-5.436059
208.443600,-5.934801
209.504300,-5.143460
210.761900,-5.469240
212.345300,-5.870899
213.323400,-5.665971
214.903700,-5.721365
215.366300,-5.466284
217.239400,-5.527474
218.181100,-5.443451
219.655700,-5.700392
220.916100,-5.502509
221.808600,-5.910191
223.525800,-5.519412
224.383500,-5.702581
225.561400,-5.804734
226.603000,-5.624231
227.441500,-5.699083
229.256600,-5.569787
230.177000,-5.237251
231.765600,-5.524785
232.775700,-5.952613
234.314300,-5.227539
235.753600,-5.387636
236.468500,-5.473719
237.769200,-5.679270
238.979400,-5.698427
240.051000,-6.193444
241.134900,-5.970350
242.917300,-5.477268
243.497300,-5.323419
245.594400,-5.928776
246.387300,-5.709289
247.425400,-5.564875
249.293700,-5.764282
250.161700,-5.312683
251.382900,-5.370251
252.153600,-5.552258
253.357800,-5.696764
255.065200,-5.461279
255.822600,-5.261356
257.047600,-5.738026
258.519000,-5.663743
260.243700,-5.679942
261.567600,-5.707178
262.545200,-5.729950
263.743700,-6.067338
264.688900,-5.680470
265.708900,-5.756125
267.260900,-5.707219
268.424500,-5.747913
270.039900,-5.467338
270.893900,-5.594233
271.982500,-5.671513
273.229800,-6.176894
274.393600,-5.650562
275.816700,-5.775415
277.076800,-5.866385
278.391300,-5.770145
278.966600,-5.701334
280.391400,-5.614511
281.763000,-5.692782
283.257700,-6.055605
284.329900,-5.664923
285.459200,-5.720112
286.929500,-5.687936
288.162000,-5.568082
288.774500,-6.065892
290.129200,-5.827747
291.471100,-5.985595
292.717300,-5.207500
294.034000,-5.607516
295.198500,-5.710757
296.382600,-5.719946
297.794000,-5.743505
298.598800,-5.543404
300.097100,-5.449254
301.171600,-6.009195
302.296700,-5.702678
303.960400,-5.610855
304.974400,-5.194814
306.475600,-6.068307
307.531800,-5.584252
308.404100,-5.227526
310.232100,-5.503345
311.047900,-5.847338
312.294200,-5.942210
313.607300,-5.185861
0.194331,-4.239461
1.798251,-4.583034
2.828611,-4.077033
4.404679,-4.879508
5.304513,-4.278948
6.850621,-4.209674
7.892998,-4.371677
9.270840,-4.678191
10.341590,-4.365008
11.204470,-4.213684
12.715790,-4.412412
13.603800,-4.717164
15.308010,-4.638526
16.534680,-3.898524
17.875160,-4.761190
18.902890,-4.366289
20.088300,-4.434556
21.040350,-4.827001
22.170720,-4.350738
23.668840,-4.281694
25.021130,-4.408794
26.337580,-4.348154
27.510360,-4.278758
28.405780,-4.246630
29.678060,-4.675416
31.416730,-4.482635
32.352100,-4.397804
33.721130,-4.840801
34.400470,-4.347231
36.116060,-4.384458
37.088280,-4.365455
38.577140,-4.149739
39.752440,-4.429279
41.173180,-4.387820
42.090130,-4.179384
43.351760,-4.307933
44.662800,-4.464462
45.862210,-4.232999
46.559520,-4.619103
48.233370,-4.407688
49.844720,-4.536139
50.697970,-4.423089
52.018350,-4.096590
53.584950,-4.667212
54.907500,-4.339227
55.540240,-4.477205
56.628570,-4.498700
58.245050,-4.696319
59.286280,-4.207663
59.996980,-4.282340
61.513910,-4.476258
62.917650,-3.958880
64.311600,-4.506361
65.474560,-4.446570
66.865570,-4.412413
67.689090,-4.278329
69.073060,-4.393824
70.138130,-4.105783
71.084690,-4.365853
72.980010,-4.247009
73.726120,-4.362832
74.724660,-4.242205
76.138370,-4.014359
77.969270,-4.294329
78.773470,-4.871060
79.883150,-4.573062
81.450880,-4.818144
82.384580,-4.736671
83.717190,-4.459472
85.372840,-4.081719
86.437790,-4.778823
87.450580,-4.490072
88.806010,-4.350249
89.324580,-4.345245
91.022770,-4.499072
92.243140,-4.387218
93.183830,-4.653277
94.816890,-4.348222
95.598110,-4.283556
97.075550,-4.301033
98.583270,-4.554518
99.696360,-4.340044
100.676600,-4.320621
102.565200,-4.513076
103.042600,-4.444656
104.642400,-4.594398
105.668900,-4.036084
106.856200,-4.561001
108.029600,-4.280271
108.920900,-4.632615
110.637500,-4.062738
111.767900,-4.380895
113.036700,-4.414070
114.841500,-4.411872
115.346200,-4.155431
116.798000,-4.512308
117.619900,-4.732104
119.141200,-4.135489
120.376400,-4.369195
121.688200,-4.904174
122.845600,-4.372459
124.390000,-4.526882
125.285900,-4.022807
126.435200,-4.315515
127.636500,-4.400568
129.056500,-4.426087
129.700100,-4.318462
131.359300,-4.412072
132.476900,-3.895286
133.728100,-4.464960
134.997800,-4.423645
136.324300,-4.362173
137.236800,-4.207627
138.749900,-4.492302
139.723600,-4.310032
141.101900,-4.513737
142.765500,-4.748002
143.986600,-4.314825
145.102800,-4.442836
146.015000,-4.694917
147.694900,-4.737679
149.014800,-4.231750
150.089100,-4.488262
150.444900,-4.311363
152.403500,-4.813740
153.034500,-4.647103
154.507600,-4.582719
155.867200,-4.317326
157.139600,-4.553422
157.819200,-4.196518
159.538400,-4.379700
160.449600,-4.043952
161.687000,-4.420366
162.781100,-4.235359
164.256100,-4.350499
165.637200,-4.425701
167.218100,-4.474801
168.067700,-4.415471
169.300100,-4.234860
170.613700,-4.562643
172.256100,-4.443274
173.346100,-4.546476
174.345300,-3.895316
175.372900,-4.603385
177.188600,-4.497029
177.635900,-4.762495
178.912300,-4.719803
180.261300,-4.401660
181.034500,-4.301732
182.455400,-4.694924
184.013600,-4.392523
185.287700,-4.161839
186.382900,-4.385259
187.181600,-4.594198
189.009300,-4.478091
190.148700,-4.333123
191.048600,-4.508652
192.376300,-3.907198
193.768600,-4.683439
194.856600,-4.014287
196.160100,-4.227743
197.355100,-4.197603
198.705400,-4.881713
199.627600,-4.385874
201.116800,-4.644766
202.300000,-4.096480
203.771600,-4.641305
204.848300,-4.648396
205.497700,-4.443351
207.175200,-4.541372
208.520300,-4.534015
209.453700,-4.114699
210.693300,-4.690357
211.965300,-4.255670
213.341800,-4.392458
214.566500,-4.282984
215.937500,-4.402232
217.082600,-4.189425
217.956200,-4.652937
219.150000,-3.963154
220.519300,-4.304182
221.971700,-4.057223
223.202300,-4.343297
224.324600,-4.700700
225.493000,-4.565112
226.723800,-4.805625
227.999000,-4.408925
229.269700,-4.233813
230.642300,-3.971055
231.846000,-4.038158
232.850400,-4.442286
234.371600,-4.408123
235.291700,-4.464375
236.454800,-4.321799
237.850400,-4.520228
239.268800,-3.923097
240.245800,-4.547725
241.764200,-4.226480
242.310800,-4.041320
243.882700,-4.204212
245.094300,-4.331871
246.147100,-4.406818
247.686200,-4.479476
248.790100,-4.390934
249.782100,-4.111844
250.778500,-4.160275
252.145800,-4.342497
253.349300,-4.817495
254.900300,-4.478720
255.879100,-4.675029
257.355700,-4.381827
258.294500,-4.513427
259.910300,-4.637040
261.328700,-4.662061
262.301900,-4.350087
263.190000,-4.529519
264.647200,-4.868487
265.619500,-4.550045
267.266400,-4.280582
268.369800,-4.375759
269.711800,-4.169612
270.585700,-4.207042
272.059900,-4.416711
273.518300,-4.696249
274.247100,-4.688113
276.058100,-4.320058
276.873000,-4.158682
277.893800,-3.989028
279.355100,-4.239809
280.500500,-4.280500
281.458300,-4.751966
282.780400,-4.128702
284.402200,-4.857366
285.512500,-4.395602
287.195400,-4.601511
287.915700,-4.401673
289.356200,-4.289999
290.186500,-4.746657
291.615900,-4.077446
292.639700,-4.899188
294.080800,-4.468216
295.155400,-4.465193
296.255700,-4.254327
297.752300,-4.437303
298.600400,-4.709434
299.980600,-4.281486
301.130700,-4.837912
302.588000,-4.816041
303.585500,-4.747841
305.022000,-4.386569
306.711200,-4.468651
307.591600,-3.865967
308.433700,-4.471406
310.181500,-4.536540
311.397700,-4.717843
311.912800,-4.421527
313.654800,-4.348341
0.602765,-3.102711
2.107939,-2.732476
3.120477,-3.227655
3.908575,-3.490806
5.662019,-2.898072
6.567668,-3.335894
7.688792,-2.972362
9.116491,-3.148715
10.502650,-3.646930
11.507280,-3.301720
12.538990,-3.043383
14.157070,-3.165203
15.008300,-3.046922
16.129250,-3.278824
17.607650,-2.861119
18.688350,-3.092466
20.285480,-3.075420
21.427290,-2.865999
22.346740,-3.391641
23.534780,-3.545533
25.524970,-2.943493
25.868270,-3.103027
27.497150,-3.151118
28.688640,-3.149414
29.874460,-3.152937
31.280170,-3.481302
32.260630,-3.249243
33.376290,-3.296025
34.325580,-3.281976
35.809090,-3.613264
37.090450,-2.920304
38.280280,-3.422281
39.798650,-2.689453
40.774390,-3.538548
42.142440,-3.154845
43.280730,-3.306467
44.893710,-3.276765
45.642350,-2.616066
47.439040,-3.270485
48.339580,-3.026142
50.036440,-3.163247
50.843890,-3.321388
52.119090,-3.543135
53.481500,-3.199005
54.531700,-3.155396
55.482930,-2.823260
56.879020,-2.880502
57.623850,-3.366670
59.353680,-3.045891
60.585670,-3.036380
61.805770,-3.160664
62.512040,-2.909940
64.146770,-3.142263
65.060240,-3.005792
66.558340,-3.199800
67.312440,-3.265805
69.043330,-3.142944
70.641000,-2.777333
72.028820,-3.168815
72.369510,-2.901365
73.830310,-3.423130
75.557780,-3.056581
76.553850,-2.920166
77.270990,-2.980253
78.320530,-3.160480
79.951810,-2.700853
81.541310,-3.286068
82.435420,-2.831336
83.767800,-3.346790
84.614810,-2.776045
86.211770,-3.375115
86.925000,-3.226760
88.603290,-3.144188
89.933250,-3.197678
90.896470,-3.102361
91.958670,-3.039121
93.696720,-3.588858
94.694110,-2.697946
95.540730,-3.251204
97.501280,-3.068853
98.513850,-3.002952
99.884120,-3.284684
100.971800,-3.229024
101.959000,-3.259718
103.792700,-2.944473
104.017800,-3.020093
105.678400,-3.124084
107.184600,-2.977304
108.117300,-3.124086
109.173700,-3.512981
110.437200,-2.702469
112.149700,-3.241151
113.014400,-3.106077
114.085500,-2.945313
115.791400,-2.844053
116.884600,-2.793447
117.746200,-3.650820
119.107200,-3.134990
120.436700,-3.276856
121.728600,-3.162504
122.825800,-3.419700
124.098300,-2.740610
125.302700,-2.978075
126.494500,-3.279621
127.578200,-2.620111
128.720800,-2.990223
129.913500,-3.314494
131.673600,-3.287981
132.606000,-3.076999
133.695700,-3.149701
135.499200,-3.253533
135.865900,-3.261225
137.490300,-3.091942
138.639200,-3.126405
139.879500,-3.454906
141.728200,-3.232564
142.686400,-3.201278
143.721200,-2.685666
144.684500,-3.408733
146.187500,-3.504679
147.217700,-3.090528
148.641800,-3.309946
149.743000,-2.638149
150.745100,-3.407521
151.954400,-3.409372
153.379600,-3.117897
154.635100,-3.153275
155.875400,-3.140617
157.294100,-3.146943
158.840500,-3.080846
159.471700,-3.280412
160.921300,-2.926231
162.333100,-3.401468
162.882100,-3.084974
163.896300,-3.292975
165.519200,-3.471071
166.769900,-2.846812
168.074300,-3.164115
169.116300,-2.918137
170.224700,-3.235104
171.782300,-2.872188
172.975500,-3.146046
173.865600,-3.469025
175.383400,-3.215387
176.763800,-3.033261
177.883800,-3.496335
179.084200,-2.685471
180.008100,-3.240884
181.748700,-2.797907
182.618600,-3.284785
184.069600,-3.066577
185.088100,-3.022738
186.378100,-3.167893
187.653900,-3.154083
188.759900,-2.870750
190.155300,-3.261980
191.341200,-3.158997
192.590700,-3.156455
193.807700,-3.037189
194.484100,-3.312097
196.622800,-3.315153
196.898200,-3.126735
198.473200,-2.792048
200.012300,-3.284857
201.136400,-2.792055
202.090700,-3.093327
203.161200,-3.318409
204.724800,-3.209486
206.477300,-3.174963
207.216000,-3.073825
208.227300,-3.339330
209.685500,-3.134874
210.888300,-2.961831
211.764500,-2.929919
213.522400,-3.012581
214.392900,-2.867507
215.715100,-3.225244
217.303500,-3.253153
218.214300,-3.130230
219.718000,-2.991929
220.679400,-3.152930
222.041500,-3.328453
223.303600,-3.106506
224.208900,-3.210397
225.737700,-3.099447
227.071300,-3.030798
228.098600,-3.612487
229.025000,-3.490845
230.479700,-3.280722
231.997500,-3.174119
232.832200,-2.735348
234.000600,-2.973289
235.444100,-3.472277
236.442100,-3.257634
237.670100,-3.632369
239.032200,-2.661270
240.090100,-2.729330
241.162400,-3.001695
242.982800,-2.777500
243.897300,-2.973497
244.814600,-3.001815
246.793500,-3.126491
247.589400,-3.273515
248.840400,-3.053725
249.587600,-2.940812
251.506500,-3.496819
252.154400,-3.307043
253.738200,-3.152827
254.695000,-3.094999
256.242600,-3.385217
256.906800,-3.279001
258.607000,-3.169649
260.035000,-3.354662
261.063200,-3.222916
261.913700,-2.917051
263.489000,-3.106927
264.507200,-3.032449
266.045800,-3.223845
267.116100,-2.732049
267.907600,-3.100701
269.553300,-3.115451
271.106100,-3.215831
271.716300,-3.461401
273.153100,-3.346893
274.623400,-3.403927
275.859500,-3.045704
276.950600,-3.519882
278.022600,-2.933749
279.572100,-3.283769
280.571700,-3.147199
281.837900,-3.630827
282.533500,-3.130540
284.258900,-3.156836
285.316500,-3.289883
286.762600,-3.387958
287.454600,-3.332484
289.297800,-3.312500
290.489700,-3.172434
291.580900,-3.163673
292.776300,-3.087032
293.885600,-2.720934
295.337800,-3.095621
296.323700,-3.183180
297.850900,-2.627263
298.915800,-3.121164
300.101900,-3.021436
301.306900,-2.931777
302.464400,-3.064774
303.923500,-2.814798
305.159900,-3.049989
306.436900,-3.044530
307.528800,-3.095251
308.787500,-2.881171
309.676300,-3.131318
311.190500,-3.217504
312.177800,-3.631238
313.679500,-3.120151
1.021221,-2.044821
1.652301,-2.144170
3.168729,-2.345922
4.241691,-1.923055
5.318488,-1.859182
6.826570,-1.918142
7.567001,-1.585893
9.062632,-1.759533
10.446170,-1.985746
11.559530,-2.385257
12.659600,-1.658291
14.055230,-1.964108
14.945220,-1.886671
16.219730,-2.225297
17.501550,-2.031921
18.638030,-1.466804
19.719350,-2.251011
21.727300,-2.081980
22.398390,-2.219022
23.806080,-1.895575
24.886350,-1.946541
26.670290,-2.171484
27.077630,-2.004669
28.663360,-1.649614
29.649050,-1.821420
31.069720,-1.822732
32.295100,-1.827563
33.662750,-2.054362
34.853150,-1.845044
36.360930,-2.309556
37.108250,-2.398595
38.719530,-2.170065
40.071750,-1.596342
40.795570,-1.827430
41.830040,-2.147290
42.922800,-1.800555
44.491790,-1.894907
45.774000,-1.348683
46.690910,-1.614854
47.878090,-1.880824
49.638350,-1.888136
51.087680,-1.806156
52.150380,-1.476509
52.891950,-1.930725
54.410850,-2.040318
55.513250,-1.934738
56.850140,-1.885923
58.556680,-1.765692
59.399630,-1.666827
60.189480,-2.036368
61.374980,-1.783648
62.829040,-1.831178
64.061470,-1.983245
65.892930,-1.839349
66.282180,-2.333896
67.755740,-1.988913
69.036830,-1.891138
69.999960,-2.078023
71.736310,-1.535162
72.426120,-1.907526
73.923810,-2.193423
75.130740,-1.902454
76.422010,-1.563811
77.701520,-1.585617
78.752340,-1.840339
80.203770,-2.093926
81.309420,-1.907336
82.207290,-1.568621
83.722900,-1.709567
85.230300,-1.959592
85.900830,-1.751372
87.375820,-1.886128
88.768520,-1.884367
90.193240,-2.212340
91.202800,-2.086670
92.175080,-2.331264
93.291180,-2.356618
94.948840,-1.447427
95.908650,-1.771194
97.104570,-2.076568
98.355760,-2.228029
100.052000,-1.910387
101.104100,-1.408360
102.240000,-1.727607
103.527500,-1.782455
104.465000,-1.771261
105.880600,-1.843614
106.797800,-1.840057
107.727100,-1.630033
108.986000,-1.504714
110.589400,-1.801081
112.312300,-1.719501
112.819500,-1.820167
114.501900,-2.210167
115.970500,-1.951898
116.500600,-2.145519
118.343200,-1.834654
119.444600,-1.975824
120.436000,-2.171889
121.651600,-1.878765
122.832600,-1.978407
124.093000,-1.576559
124.967000,-2.011837
126.665600,-1.442352
127.859200,-1.777019
128.543800,-1.919341
130.483100,-2.241630
131.295100,-1.871575
132.317800,-1.849240
134.286400,-1.923475
135.028900,-1.903731
136.610100,-1.823711
137.656500,-2.317127
138.671100,-1.415480
140.332600,-2.205391
141.055200,-1.818341
142.483300,-1.858446
143.721000,-1.816075
144.668000,-1.685847
146.154000,-1.569374
147.158000,-2.051725
148.614800,-2.134327
149.811100,-1.762496
150.853600,-2.142245
151.977800,-2.207971
153.387800,-1.876986
154.347000,-1.768785
155.855300,-1.896605
157.046600,-1.850362
158.525300,-2.148774
159.936700,-1.634903
160.910900,-1.729182
162.012300,-1.960579
163.134900,-1.605272
164.503900,-2.143209
165.486800,-1.865416
167.250900,-2.129608
168.314900,-1.921316
169.291400,-1.830822
170.715500,-1.560300
171.796200,-1.820588
173.384000,-1.850979
173.759100,-1.779933
175.523800,-2.110371
176.644700,-1.759579
177.947000,-1.798438
179.366300,-2.098516
180.223600,-1.899094
181.619100,-1.839812
182.724600,-1.637062
183.563900,-1.875580
185.080200,-1.692250
186.810200,-1.782131
187.732100,-1.900477
188.742000,-2.028418
190.291400,-1.362822
191.023900,-1.977120
192.417300,-1.840926
193.866100,-2.054955
195.014600,-1.656255
196.063800,-1.560576
197.425400,-2.261286
198.495100,-1.551893
199.787000,-1.398536
201.127100,-1.866547
202.187300,-1.797484
203.531800,-1.872920
205.272600,-1.775398
206.154300,-1.580260
207.208900,-1.879436
208.807300,-2.254706
209.541600,-1.824470
210.861600,-1.805731
212.239600,-1.706748
213.381900,-1.920334
214.572000,-1.634449
215.783700,-1.870034
217.033500,-1.848856
218.169700,-2.213350
219.437600,-1.989057
220.940600,-2.008102
221.819500,-1.454735
223.131000,-2.007259
224.308900,-1.691014
225.790400,-1.591573
226.932600,-1.849307
227.935000,-1.865613
229.122500,-2.049057
230.343500,-2.098477
231.648000,-1.954266
232.540000,-1.616358
234.579300,-2.092324
235.825800,-1.875205
236.492000,-1.990114
237.310700,-2.132735
239.061000,-2.444205
240.155700,-2.373627
241.444500,-1.814652
243.056900,-1.871210
243.810500,-1.530561
245.222100,-1.601874
246.080300,-1.819983
247.158600,-1.547153
248.836200,-2.300659
249.951300,-1.797331
251.359200,-1.345618
252.398900,-1.809875
253.638600,-1.888596
254.542400,-1.648018
256.391200,-2.022442
257.515600,-1.683233
258.865100,-1.588497
260.172500,-2.148824
261.012100,-1.921614
262.259300,-1.500629
263.624000,-1.747865
264.840300,-2.248476
266.343200,-1.558606
266.956100,-1.839383
268.188800,-1.690916
269.786000,-2.058867
270.569800,-2.092482
272.068100,-2.369283
273.392900,-1.867479
274.448000,-1.882764
276.032000,-1.719519
276.532300,-2.046168
278.557100,-1.518323
279.355700,-1.875169
280.812800,-1.749991
281.719500,-1.858310
283.117000,-1.775592
284.228800,-1.818115
285.743300,-1.455240
286.795600,-1.965458
287.667800,-2.148130
289.197400,-1.887268
290.478900,-2.088131
291.435300,-2.304365
292.498700,-1.890514
294.189100,-1.946725
295.468400,-1.426828
296.085100,-1.573342
297.530600,-1.695197
298.773400,-1.921244
299.985100,-1.651670
301.249900,-1.844562
302.514600,-1.586338
304.195300,-2.046454
304.992400,-1.943068
306.651100,-2.046522
307.678600,-1.874235
308.502700,-1.582165
309.548500,-1.754348
311.136800,-1.861542
312.034400,-1.439678
313.575400,-1.762094
0.525926,-0.838810
1.334890,-0.787273
3.055559,-0.207018
4.557389,-0.663295
5.527690,-0.654597
6.719383,-0.665130
7.483676,-0.399441
8.968174,-0.670370
10.248150,-0.254178
11.367010,-0.808640
12.811240,-0.733042
14.379380,-0.754574
15.327650,-1.102783
16.803300,-0.191353
17.687900,-0.399860
19.113150,-0.877837
20.473910,-0.797031
20.955200,-0.473076
23.098580,-0.574717
24.099150,-0.732671
24.967110,-0.421025
26.364360,-0.526385
27.876090,-0.450952
28.837950,-0.469514
29.443850,-0.849085
30.859030,-0.466889
32.297760,-1.013078
33.654040,-0.928972
34.793240,-0.599609
35.947700,-0.349974
37.380470,-1.065234
38.640900,-0.461111
39.683490,-0.702639
40.663100,-0.238414
42.398280,-0.561055
43.309080,-1.058062
44.727580,-0.515171
45.862130,-0.670104
46.935850,-0.241669
48.273850,-0.728455
49.096410,-0.241496
50.616390,-0.783159
51.626980,-0.781780
52.712750,-0.807018
54.074020,-0.595940
56.084640,-0.521772
56.609740,-0.485575
57.534220,-0.538314
59.309680,-0.576568
60.513330,-0.820004
61.828940,-0.721504
62.990720,-0.595498
63.987260,-0.862461
65.549190,-1.155192
66.705510,-0.660006
67.991830,-0.934449
68.830930,-0.770217
70.478900,-0.844176
71.514500,-0.813149
72.673260,-0.433672
73.865030,-0.090750
75.061740,-0.145671
76.359790,-0.650029
77.139920,-0.497968
79.111720,-0.554515
80.017810,-0.611899
81.603490,-0.476498
82.708630,-0.811491
83.709250,-0.623991
84.913530,-0.601013
86.123160,-0.335271
87.475480,-0.670448
88.309250,-0.618161
89.814540,-0.602065
91.079920,-0.632340
92.472060,-0.390354
93.074220,-0.918762
94.745010,-0.496049
95.985270,-0.319864
96.686240,-0.348217
98.453500,-0.713517
99.683870,-0.491401
101.103200,-0.676979
102.070000,-0.643372
103.324900,-0.382748
104.042700,-0.744933
105.780600,-0.996049
107.033500,-0.856801
108.067700,-0.886392
109.282600,-0.749716
110.789800,-0.870895
111.829900,-0.144781
113.176300,-0.518396
114.282400,-0.630053
115.678800,-0.886441
116.770700,-0.998400
117.598400,-0.903403
118.860800,-0.834234
120.392200,-0.632365
121.947200,-0.525152
122.534100,-0.208612
123.971200,-1.095180
125.300900,-0.819123
126.652500,-0.641989
127.828400,-0.624635
128.997200,-0.394246
129.825600,-0.950846
131.404400,-0.624761
132.520100,-0.932562
134.185900,-0.784984
134.739800,-0.705674
136.485600,-1.092905
137.801000,-1.035932
138.887400,-0.721154
139.955200,-0.626447
140.878200,-0.284567
142.691900,-0.492941
143.514200,-0.374720
144.640900,-1.130306
146.315000,-0.885711
147.217100,-0.626629
148.512800,-0.652870
149.880800,-0.600893
151.087800,-0.826212
152.209200,-0.656196
153.411200,-0.464332
154.848300,-0.361036
155.771700,-0.478174
156.977500,-0.706111
158.082300,-0.539731
159.567200,-0.692847
160.896200,-0.663749
162.344800,-0.411462
163.085100,-0.601357
164.391300,-0.629264
165.209400,-0.988838
166.935800,-0.134660
168.093700,-0.285555
169.237600,-0.726415
170.726300,-0.661624
171.850600,-0.526656
173.053300,-0.917676
173.667500,-0.605287
174.941700,-0.743206
176.756900,-0.419642
177.935000,-0.638617
179.288500,-0.278285
180.529500,-0.673414
181.584100,-0.983100
182.212700,-0.694786
183.603600,-0.824678
185.401900,-0.760281
186.376100,-0.699656
187.713600,-0.814720
188.732700,-0.739153
190.204200,-0.664732
191.147300,-0.669467
192.536000,-0.638988
193.323400,-0.840473
194.954200,-0.449735
196.243700,-0.339729
197.299200,-0.448898
198.681000,-0.631962
200.161500,-0.845210
201.045700,-0.663229
202.602700,-0.860447
203.537500,-0.628287
204.789200,-1.040084
206.277500,-1.010279
207.158600,-0.714490
208.522700,-0.493025
209.621100,-0.726032
211.090100,-0.706397
212.020300,-0.187643
213.646500,-0.480073
214.614900,-0.587768
215.675900,-0.500268
217.157300,-0.783715
218.400500,-0.465995
219.394200,-0.326401
220.817000,-0.286422
221.909100,-0.577212
223.197800,-0.327011
224.291300,-0.656782
225.824900,-0.894395
226.942800,-0.501433
227.632000,-0.314803
229.256000,-0.803292
230.180700,-0.173372
231.688200,-0.900326
233.381400,-0.500923
233.946400,-0.957505
235.388800,-0.649353
236.205800,-0.302024
237.982700,-0.795728
239.088900,-0.612361
240.477200,-0.973553
241.457000,-0.613478
242.695900,-0.395670
244.067500,-0.572513
245.003500,-0.638524
245.994800,-0.844453
247.758700,-0.909321
248.841600,-0.300519
250.059000,-0.361345
251.321900,-0.510158
252.423300,-0.510484
253.315800,-0.523658
255.157400,-1.085209
256.148300,-0.623456
257.318200,-1.061675
258.391000,-0.919618
259.793800,-0.628778
260.959800,-0.876293
262.333200,-0.600670
263.220000,-0.814301
264.298200,-0.759704
266.111900,-0.376383
267.039300,-0.731256
268.472600,-0.683941
269.489900,-0.442757
270.739800,-0.754783
272.087900,-0.668964
272.739000,-0.662349
274.104100,-0.573586
275.485200,-0.761078
277.221200,-0.434630
278.460900,-0.949750
279.313900,-0.649682
280.818400,-0.729363
282.177700,-0.340834
283.058200,-0.602288
284.103400,-0.136706
285.774100,-0.159791
287.235000,-0.587521
288.164800,-0.609737
288.951700,-0.428703
290.555300,-0.598041
291.991800,-0.460128
292.805500,-0.639723
293.998600,-0.735734
295.140300,-0.481157
296.318100,-0.722340
297.459200,-0.491825
298.613600,-0.779587
300.196600,-0.624007
301.476800,-0.710295
302.268600,-0.393904
304.064800,-0.614462
305.269700,-0.912109
306.061100,-0.538269
307.572300,-0.385570
309.174600,-0.447546
309.912500,-0.381937
311.113800,-0.864870
312.462800,-0.139450
313.882700,-0.831358
0.883553,0.974526
1.867075,0.549629
2.631585,0.601422
4.370521,0.493646
5.661622,0.664135
6.537218,0.426512
7.900693,0.647842
9.162017,0.481505
10.638340,0.482641
11.565670,0.740785
12.739750,1.163142
13.970620,0.082542
14.921230,0.426254
16.444610,0.630666
17.788070,0.567806
18.828030,0.549472
19.910840,0.553148
21.850850,0.509138
22.072560,0.640551
23.463550,0.911776
25.052460,0.632557
26.289890,0.588885
27.364320,0.348786
28.745570,0.219279
29.824890,0.086758
30.888720,0.724910
32.255130,0.605008
33.659530,1.073895
34.907990,0.708134
36.463340,0.360413
37.304080,0.456358
38.320260,0.555737
39.414630,0.293016
41.117690,0.228384
42.076860,0.685260
43.590840,0.955429
44.232230,0.796987
46.119140,0.901450
47.154930,0.521856
48.282480,0.512164
49.029990,0.363237
50.626830,0.925743
51.626070,0.481623
53.249790,0.738982
54.413770,0.613133
55.640550,0.783299
56.775620,0.668124
58.041260,0.525833
59.475750,0.888781
60.426380,0.598084
61.478000,0.559855
62.602500,0.488890
64.244730,0.534925
65.226390,0.942160
66.571870,0.622810
67.653810,0.764292
69.128870,0.950553
70.718220,0.538893
71.808550,0.231263
72.567260,0.518246
73.775090,0.729035
75.264610,0.875115
76.341400,0.657531
77.317120,0.967410
78.818650,0.177539
79.798250,0.166122
81.138300,0.201929
82.792770,0.277079
83.708810,0.629363
85.140030,0.406530
86.472400,0.188319
87.173840,0.864589
88.659990,0.427895
89.681620,0.858695
90.572210,0.751769
92.582440,0.657799
93.700690,0.561767
94.708270,0.607724
95.986250,0.802905
97.493510,0.676871
98.410710,0.717539
99.535150,0.820108
101.331800,0.603201
102.079100,0.608781
103.803100,0.729029
104.552900,1.113564
105.469000,0.223600
107.042100,0.386912
108.101400,0.594876
109.471000,0.650107
110.657000,0.277948
111.400200,0.730893
113.024300,0.861755
114.088300,0.639379
115.611300,0.754746
116.778700,0.629157
118.063900,0.586709
119.218700,0.620128
120.478700,1.068197
121.518600,0.455328
122.639200,0.216777
124.098800,0.722393
125.062800,0.315637
126.641300,0.644353
127.480400,0.852716
129.084800,0.548606
130.505100,0.585432
131.643700,0.124813
132.124000,0.553778
133.870800,0.601505
135.109900,0.715345
136.636900,0.432257
137.936900,0.314984
138.761700,0.917557
140.247900,0.227796
140.802100,0.788272
142.346900,0.380959
143.670200,0.588256
145.112800,0.248177
146.046400,0.650185
147.589300,0.577272
148.727100,0.562566
149.836600,0.671424
151.377500,0.750828
152.616800,0.540615
153.421900,0.646606
154.115700,0.751531
156.015000,0.759702
157.247900,0.566041
158.384700,1.006790
159.376700,0.714053
160.718900,0.339509
162.289200,0.722903
162.961400,0.993016
164.331000,0.713296
165.735900,0.842464
166.897300,0.164374
168.378500,0.726388
169.699500,0.372847
170.385600,0.333214
171.959500,0.357351
173.266100,0.204354
174.234700,0.344764
175.538900,0.233553
176.815700,0.694963
177.817900,1.058990
178.875900,0.708184
180.196700,0.709619
181.454100,0.689558
182.626600,0.356745
184.001100,0.697122
185.191400,0.638322
186.538300,0.590722
187.705000,0.629562
188.668300,0.459594
190.290300,0.848995
191.131300,0.747793
192.381900,0.446173
193.693200,0.730961
194.574300,0.490733
196.304200,0.176953
197.131600,0.731829
198.496600,0.467020
199.641800,0.475020
201.035200,0.628956
202.318700,0.734816
203.141000,0.874706
204.733500,0.477166
206.004600,0.527674
207.142500,0.866772
208.367400,0.982677
209.864400,0.684908
210.924000,0.628479
212.444500,0.605979
213.488200,0.407926
214.786000,0.576110
215.710300,0.482971
217.283300,0.785503
218.207700,0.528877
219.447700,0.517188
220.653400,0.982198
221.481100,0.296909
222.846500,0.426506
224.073900,0.751930
225.524600,0.078035
226.954400,0.627686
228.013700,0.526944
229.225700,0.630085
230.247100,0.732125
231.737900,0.535357
232.772000,0.807070
234.074500,0.627458
234.976900,0.659368
236.598200,0.633864
237.585600,0.628543
238.863400,0.793706
240.023300,0.721589
241.483600,0.592273
242.601300,0.217841
243.835700,0.615471
245.215500,0.872931
246.411800,0.546150
247.118000,0.365922
248.584000,0.362857
250.008200,0.638797
251.061800,0.376564
252.222900,0.984571
253.799900,0.115114
255.120900,0.981409
256.422400,0.529609
256.892800,0.616804
258.707600,0.839666
260.043600,0.432207
260.630100,0.480639
262.269500,0.771814
263.271600,0.755276
264.933300,1.133170
266.259400,0.428864
267.364300,0.648961
267.913800,0.288772
269.732200,0.562430
270.638900,0.473667
271.975900,0.637306
273.289000,0.657202
274.183900,0.443699
275.754100,0.631540
276.857100,0.677993
278.573500,0.517328
279.578100,0.486889
280.587400,0.614627
281.911000,0.623300
283.169100,0.878565
284.084900,0.740025
285.831500,0.612979
286.760700,0.761306
287.892200,0.554105
289.241200,0.432900
290.221400,0.348884
291.381800,0.162522
293.140800,0.555364
293.991600,0.557576
294.976500,0.217525
296.386000,0.809909
297.761300,0.793958
298.920700,0.627354
300.295600,0.407257
301.844300,0.417391
302.855000,0.645382
303.649500,0.701668
304.934600,0.483200
306.059500,0.452228
307.991000,0.719376
308.633000,0.592406
309.927300,0.698156
311.296400,0.915712
311.965500,0.961482
313.379500,0.252514
0.604724,1.869973
1.715067,1.822512
3.018906,1.675306
4.739164,1.998123
5.366807,1.637133
6.416971,1.642562
7.830142,1.985313
9.123546,1.847576
10.252230,1.778742
11.388890,1.752381
12.590650,1.522047
13.686860,2.183635
15.121610,2.138353
16.518380,1.759344
17.654670,2.021023
18.915760,1.871969
20.075390,2.391138
21.756700,1.675542
22.610610,1.887761
24.072060,2.108210
24.955210,2.023722
25.856050,1.904787
27.261120,2.287029
28.599700,2.073383
29.702300,1.835418
31.128740,2.335399
32.345980,1.437900
33.594330,2.022749
34.552010,1.959364
36.229860,2.054992
37.252770,1.875155
38.838810,1.740865
39.715270,1.603693
40.920220,1.906694
42.175250,1.867961
42.873070,2.112158
44.637570,2.058859
45.764550,1.837456
47.187300,1.718945
48.310580,2.164356
49.583550,1.538811
50.316880,2.112629
51.464330,1.695358
52.770930,2.146036
54.298180,2.221642
55.848300,2.138217
56.349390,2.096564
57.688190,1.818684
59.455160,2.208761
60.603040,1.882500
61.393790,1.768205
62.935710,2.070255
64.137870,1.749670
65.798090,1.860944
66.612850,2.073443
67.607510,1.961829
68.985050,2.231697
70.241170,1.962250
71.484440,2.275305
72.504460,1.741775
74.099370,1.875216
75.204330,1.846248
76.084980,1.685027
77.594090,1.871016
78.689570,1.869104
80.046570,1.927055
81.448780,1.823268
82.487560,1.979902
83.785690,1.980863
85.189420,1.966555
85.907100,1.480653
87.857250,2.039498
88.391580,2.376433
89.471930,1.724749
91.038210,1.961468
92.701660,1.553448
93.572930,1.806642
95.062250,1.789063
96.096260,1.724441
97.629860,1.655367
98.337310,2.024246
99.590230,1.894732
100.890100,1.886962
102.400400,1.814031
103.215700,1.693767
104.856800,1.915015
105.848400,1.972022
107.031100,1.856135
108.438600,2.313756
109.364200,1.795282
110.620200,2.444228
111.926200,1.618858
112.825800,1.755512
114.759300,2.023576
115.759200,1.872264
116.737000,1.961330
117.905900,2.208001
119.181700,1.959838
120.686400,1.701764
121.321600,2.165489
123.059400,1.727734
124.083800,1.924065
125.312800,1.870712
126.731400,1.805131
127.621100,2.182257
128.939800,1.830524
130.407600,1.507944
131.590700,2.153318
132.679900,2.048715
134.141400,2.246910
134.812400,1.888642
136.444000,1.671967
137.628800,1.841573
138.791500,1.602348
140.000400,1.618325
141.367900,2.025664
142.369200,2.092004
143.643300,1.896700
145.250800,2.055183
146.499500,2.105756
147.307100,1.686836
148.676500,2.213477
149.744500,1.843969
150.966900,1.934658
152.361300,1.870595
153.465900,1.656688
154.557300,2.165872
155.434500,2.085057
157.347500,1.956385
158.463800,1.755014
159.381700,2.349931
160.346600,2.067704
161.864400,2.408372
163.250700,1.723587
164.032400,1.671749
165.382800,2.040711
166.904000,2.195140
168.043100,1.795128
169.474100,1.826326
170.545800,1.839457
171.230900,2.087268
173.315000,1.543404
174.170600,1.891981
175.717500,2.026422
176.349900,2.045229
177.456700,2.255428
178.947900,1.679272
179.863100,1.552573
181.339100,2.278415
182.904000,1.573359
184.318400,1.809761
184.738900,1.789098
186.385000,1.869294
187.278800,2.001530
188.944500,1.564902
189.885800,2.218703
191.512700,1.723995
192.158000,1.722494
193.854900,1.619929
195.264200,2.198247
196.217400,1.979606
197.581300,1.655966
199.179200,1.888566
200.324400,1.660537
201.115100,1.822183
202.637400,2.351310
203.485900,2.241412
204.639300,1.900634
206.190800,1.659809
206.966600,1.623039
207.898700,1.847842
209.579100,1.502382
210.696400,1.825207
212.250300,2.365657
213.173900,1.975559
214.272700,2.210044
215.924100,1.954841
216.877300,1.870213
218.397000,1.935363
219.748900,1.430019
220.694000,1.856240
221.733100,1.554103
223.379600,1.980794
224.346200,1.905207
225.708700,2.130435
226.815600,1.928903
228.059500,1.535010
229.262300,1.352459
230.184000,1.895946
231.864300,1.735666
232.975100,2.301516
234.134500,1.784387
235.242600,1.487872
236.515400,1.866975
237.343100,2.130201
238.566300,1.538804
240.118100,2.184585
241.607300,1.807264
242.637800,1.786381
243.936700,1.702632
244.783200,2.070086
246.652800,2.022172
247.398300,1.800176
248.987000,1.468921
250.169800,2.090926
251.320000,2.376660
252.467900,1.835563
253.490700,1.707886
254.692500,1.827161
256.411100,1.733700
257.492500,1.975789
258.487600,1.631348
259.941300,1.856329
260.992500,2.001029
262.282200,1.390888
263.035900,2.195311
265.036800,2.187141
266.137000,1.765272
267.037300,2.170166
268.666400,1.881993
269.557500,1.889181
270.682600,2.022800
271.757900,1.830047
273.779400,2.054530
274.566500,1.531289
275.233700,1.599521
276.645100,2.183187
277.968700,1.768560
279.781700,2.212699
280.511300,1.831882
281.747000,2.124745
283.131500,1.717564
284.474100,1.893375
285.539000,1.794902
286.758400,1.559046
287.729200,1.719145
288.952200,2.079791
290.080100,1.918569
291.351000,2.130776
292.856300,2.342371
294.179900,1.376183
295.268800,1.906037
296.725100,2.333165
297.570200,1.921092
299.382400,2.182114
300.034500,2.116323
301.554300,2.355117
302.758300,1.808539
304.083400,2.157103
305.310500,1.809854
306.078700,1.812161
307.464400,1.696823
308.704700,2.038408
310.151200,1.634438
310.990300,1.830961
311.953100,2.001550
313.285500,1.909646
0.929185,2.830629
1.799965,2.836745
2.673622,3.264815
4.174503,2.932442
5.403009,3.286781
6.328133,2.727906
8.205828,2.998411
8.897859,2.988010
10.463580,3.567857
11.912050,3.406811
12.923540,3.315293
14.014080,3.133405
15.285300,3.193702
16.312120,2.846902
18.108660,3.045619
18.932630,3.431667
20.274480,3.089087
21.328240,3.138694
22.254470,3.022131
23.796930,3.178370
25.010580,2.980840
25.989430,3.184522
27.533890,3.168341
28.504100,3.260620
29.972880,3.147350
31.506990,3.549530
32.535900,3.209158
33.456340,3.062074
34.849300,3.183776
36.024180,3.157440
37.222990,3.281899
38.824760,3.017296
39.429620,2.926924
40.674970,3.219250
42.157960,3.141077
43.335320,3.164781
44.724460,3.466729
45.701300,3.368055
46.844380,3.280276
48.172970,3.200012
49.192140,2.824880
50.529980,3.118060
52.159960,2.876943
53.125570,3.067556
54.705820,3.089429
55.494100,3.636688
57.073710,2.919772
58.306610,2.703334
59.391540,2.870551
60.311460,3.412603
61.639000,3.136333
63.043910,2.994890
64.395390,2.859929
64.961400,3.142757
66.621730,2.819948
68.351800,3.292523
69.260450,3.193136
70.298270,3.174295
71.470350,3.147916
72.986920,3.512868
73.638520,2.829739
75.028980,2.688763
76.020710,2.855806
77.765360,3.288946
78.830400,3.108892
79.922710,3.344359
81.263490,2.619010
82.889270,2.790866
84.147600,3.462556
84.934290,3.394183
86.007870,3.196114
87.103970,3.257895
88.390580,3.003519
89.640440,3.457762
91.285790,2.887249
91.945990,3.244835
94.006530,3.309091
94.334450,3.294134
95.738240,3.473545
97.199050,2.905811
98.414100,3.550682
99.492020,2.979002
100.678200,3.080446
102.084600,3.080059
103.148600,3.125539
104.498900,3.147777
105.710500,3.449934
107.473500,3.120071
108.571000,2.970073
109.425000,3.164625
110.758500,3.196689
111.959600,3.378556
112.936200,3.246127
113.997400,3.579755
115.512700,3.144951
116.718800,3.442695
118.248900,3.293775
119.159500,3.103563
120.388400,3.146484
121.868600,2.891304
122.622700,3.591296
123.652400,3.519082
124.934100,3.078489
126.562200,2.879350
127.612000,3.175148
128.915700,3.320065
130.174700,2.897279
131.427400,3.320070
132.732700,3.037272
133.806800,3.154200
135.050000,3.636245
135.919100,3.212014
137.553900,3.461734
138.751000,3.239893
140.156200,3.325310
140.814000,3.514529
142.804800,3.196500
143.554100,3.128005
145.030000,3.579266
145.961800,3.224247
146.990100,3.126842
148.637900,2.632165
149.744000,3.144243
150.647100,2.823014
152.142100,3.103230
153.161700,3.076452
154.273800,2.878757
155.615300,3.180093
157.148500,3.258561
158.098600,3.614186
159.607900,3.436559
160.785300,3.584360
161.758300,3.173804
162.970600,3.628298
164.750300,3.480073
165.583100,2.740350
167.058000,2.985072
167.794900,3.045455
169.308900,3.105508
170.394800,3.260706
171.530600,3.244571
173.363900,2.990609
174.087900,3.636825
175.628400,3.292567
176.689700,3.142053
177.925900,3.058704
178.959600,2.737560
180.735200,3.197005
181.696300,3.085571
182.676300,3.504855
184.474300,3.309652
185.029200,2.781953
186.378900,2.725219
188.018400,3.232147
188.509600,3.106529
190.043300,3.158478
191.274100,2.663001
192.695600,3.422064
193.916900,3.074375
195.053500,3.003300
195.936000,3.451580
197.211300,2.663514
198.956100,2.994453
199.966700,3.518922
201.000000,2.942641
202.513100,3.311471
203.423200,3.114075
204.747200,3.151957
205.939400,3.158144
206.771700,3.291508
208.599800,2.740769
209.637200,3.136224
210.598700,3.046467
212.188900,3.146758
213.466800,2.618704
214.364000,3.123101
216.132100,3.000257
216.707900,3.472143
218.404000,3.000454
219.352600,2.755617
220.583900,2.816384
221.858100,2.751301
222.964700,2.670282
224.244600,3.572188
225.426800,2.776114
226.854800,3.650682
227.800600,2.895006
228.982900,3.633152
230.440900,3.034455
232.078200,3.139366
232.895500,3.462701
234.110600,3.127728
235.638800,2.802751
236.583200,3.064137
237.481700,3.226904
239.510400,3.060663
239.818900,3.195695
241.060300,3.026008
242.793100,2.658648
244.024900,3.033889
245.633100,3.346412
246.246400,3.477961
247.756400,3.142884
248.635600,3.024286
249.936800,3.190698
251.506700,3.590053
252.383700,3.175068
253.578400,2.948639
254.631400,3.182901
255.689900,3.109893
256.995200,3.094855
258.335900,3.233059
259.923600,2.906807
261.096000,2.798896
262.312700,3.059151
263.403700,3.112376
264.317700,3.497496
265.387200,3.073762
267.073900,3.170670
268.409900,3.402777
269.493700,3.133915
270.824500,2.813596
271.689500,3.379978
273.168300,3.423276
274.490000,3.149774
275.601200,3.173225
276.863900,3.169177
278.640800,3.131330
279.267100,3.014149
280.933300,3.037637
281.620500,3.022985
282.687800,3.016733
284.197800,3.233171
285.386800,2.993863
286.712300,3.061578
287.691400,2.825813
289.401400,3.458227
290.413500,3.116645
291.300700,2.920911
292.854600,3.107907
294.113700,3.188718
295.218600,3.429863
296.576700,3.202605
298.177000,3.420802
298.978700,3.100350
300.497200,2.725900
301.509600,3.270729
302.757300,3.255631
303.776300,3.229831
305.008900,2.917404
306.514600,2.790981
307.164700,2.844919
308.913800,2.641028
309.634400,3.442937
311.049200,2.867709
312.387200,3.149707
313.861100,2.665222
0.879129,4.328464
1.340138,4.577306
3.122121,4.276456
4.147547,4.123546
5.453888,4.398386
6.621087,4.445168
7.944970,3.943739
9.149035,4.500370
10.354110,4.642001
11.951950,4.698279
12.790200,4.359225
14.046270,4.392385
15.222060,4.380472
16.375200,4.180624
17.818730,4.608722
18.909590,4.453701
20.175990,4.836403
21.354430,4.396379
22.219300,4.502429
23.816740,4.965066
25.437550,4.321353
25.688960,4.377183
27.280050,3.951760
28.545200,4.118797
29.959810,4.123760
31.299030,4.616061
32.227520,4.218052
34.063190,4.504853
34.649360,4.582620
35.687420,4.668130
36.961110,4.288672
38.440400,4.556511
39.466320,4.230738
41.315440,4.354235
42.635720,4.221884
43.082670,4.372404
44.567040,4.393088
46.270840,4.103725
47.145140,4.319649
48.187590,4.434715
49.751910,4.795222
50.473900,4.261782
52.242940,4.333247
53.143480,3.963543
53.893300,4.634984
55.755780,4.189620
57.040240,4.368281
57.850830,4.227788
58.983840,3.918481
60.625190,4.387150
62.099800,4.419210
62.903290,3.950992
63.889920,3.914925
65.463550,4.446889
67.030530,4.181376
67.566350,4.555209
68.980420,4.428770
70.118350,4.365105
71.897550,4.340246
72.320820,4.384907
73.971870,4.394914
75.120500,4.824468
76.099090,4.871274
77.582860,4.930681
79.300620,4.231684
80.444430,4.527374
80.896110,3.989985
82.559370,4.483314
83.679890,4.458825
84.900190,3.931137
86.468670,4.783433
87.281380,4.398460
88.616750,4.569221
89.519840,4.314500
90.897000,4.545140
92.091500,4.457080
93.651910,4.387104
94.624190,4.570719
95.657970,4.777860
97.222930,4.896897
98.191780,4.404451
99.270420,4.747091
100.679300,4.266408
101.662500,4.178359
103.192000,3.858494
104.441000,4.851834
105.728000,4.367377
106.733400,3.980098
108.316300,4.924915
109.380400,3.882045
110.481200,4.046535
112.221700,4.447915
113.446200,4.428272
114.421200,4.372668
115.474400,4.404180
117.046700,3.998906
117.976800,4.404181
118.905800,4.737315
120.768600,4.654646
121.578000,4.511636
122.940600,4.419915
123.725200,4.529462
125.183500,4.933317
126.986600,4.641205
128.008900,4.441863
128.837100,4.149256
130.139600,4.256455
131.374300,4.427522
132.356300,4.371771
134.376800,4.561033
135.079300,4.267670
136.482400,4.307190
137.653900,4.458307
138.837700,3.900694
140.171100,4.478294
141.084700,4.454146
142.280800,4.581567
144.021100,4.654050
145.014600,4.646513
145.659600,4.144572
147.195200,4.350611
148.514700,3.986269
149.633400,4.540313
150.792900,4.556073
152.044600,4.115798
153.512400,3.871711
155.069700,4.152849
155.902500,4.504839
156.935100,4.490474
158.146100,4.240775
159.499100,4.391695
160.946500,4.340853
161.988200,4.506060
163.265800,3.915450
164.417200,4.140987
165.743200,4.323029
166.406100,4.537660
167.841200,4.061510
168.945000,4.440658
170.519800,4.103780
172.089600,4.838672
173.224700,4.800014
174.174000,4.418634
175.321400,4.359591
176.718900,4.389140
177.468500,4.675875
179.231000,4.306353
180.579400,4.503391
181.480100,4.467695
182.784600,4.389909
184.415500,4.530511
185.306100,4.355454
186.307300,4.449507
188.085200,4.322723
188.905600,4.344397
190.047700,4.479922
191.569400,4.350775
192.433600,4.236478
194.088200,4.305315
194.545600,4.125517
195.874800,4.557578
197.101700,4.054348
198.578100,4.522551
199.981400,4.752551
201.012500,4.376564
201.779500,4.462966
203.533300,4.393693
204.666400,4.384132
205.751300,4.768024
207.620700,4.469820
208.841100,4.444913
209.714300,4.386211
210.665500,4.896469
212.497000,4.371364
213.375500,4.328753
214.427600,4.521259
215.746300,4.279527
216.463100,4.411625
218.219300,4.404544
219.583400,4.571228
220.743500,4.395251
222.045800,4.480415
223.114300,4.425450
224.726500,4.561818
225.350900,4.244889
226.778000,4.382283
228.363300,4.699275
229.168700,4.217123
230.700000,4.051774
231.473300,4.505769
232.887600,4.404375
233.625900,4.306784
235.246500,4.439531
236.360300,4.875741
237.362600,4.031854
239.088000,4.301389
240.390700,4.064895
241.691200,4.355708
242.344000,4.640933
244.231000,3.986542
245.053700,4.360822
246.084500,4.407410
247.549600,4.504792
248.706200,4.185767
249.968700,4.686529
251.443100,4.067041
252.341000,4.146505
253.449600,4.201167
254.825200,4.319368
256.317400,4.063722
257.558100,4.672905
258.499000,4.243911
259.578100,4.378876
260.998400,4.422659
262.410700,4.305555
263.425700,4.240212
265.212200,4.280878
265.938200,4.381113
267.267500,4.764979
268.405900,3.934288
269.609500,3.890121
270.589800,4.558858
272.138700,4.296543
272.881200,4.360110
274.521200,4.900021
275.690500,4.939157
276.721200,4.404324
278.121900,4.156090
279.604400,4.174187
280.438100,4.209718
282.100500,4.523206
283.298800,4.396972
284.293200,4.554045
285.634900,4.029547
286.714200,4.327337
288.272600,4.425081
289.157500,3.945888
290.468700,4.085182
291.422500,4.644665
293.289100,4.479439
294.137100,4.543650
295.610000,4.412795
296.053300,4.485584
297.288700,4.666936
299.091100,4.689372
300.268500,4.342826
301.373100,4.478673
302.612300,4.445773
303.988200,4.184057
304.672400,4.331675
306.502500,4.193396
307.608100,4.634465
308.714900,4.277640
309.885400,4.687595
311.126400,4.637551
312.316700,4.430538
313.600000,4.404622
0.352705,5.208132
1.643233,5.694852
2.963146,5.786256
4.191284,5.724606
5.433540,5.657788
6.682371,5.455262
7.793548,5.880358
9.120839,5.707567
10.192760,5.121480
11.565970,5.635090
12.514950,5.544961
14.147100,5.848696
15.315920,5.650900
16.054550,5.660883
17.499670,5.826050
18.702020,5.567297
19.963000,5.460422
21.290130,5.505950
22.518970,5.843284
23.466320,5.353846
25.180770,5.497712
26.236670,5.352967
26.971720,5.528009
28.654010,5.668076
29.790720,5.675715
30.908360,5.710831
32.018180,5.380634
33.637140,5.851650
34.704790,5.872205
35.754060,5.832107
37.233540,5.672361
38.428880,5.740018
39.919320,6.077118
41.405930,5.858303
41.893880,5.793943
43.379830,5.418451
45.009110,5.681525
45.973010,5.136192
47.001500,6.169675
47.892780,5.980823
49.184320,5.283556
50.730290,5.683494
51.647630,6.029718
52.858890,5.374975
54.269400,5.389717
55.361540,5.852112
56.847020,5.712550
58.144170,5.478178
59.588420,5.600318
60.669560,5.250157
61.653370,5.703793
62.825700,5.506317
64.307400,5.641593
65.901310,5.526587
66.541520,5.317145
67.677130,6.119317
69.017250,5.619326
70.323270,5.239189
71.438390,5.597620
73.214350,5.562889
73.940830,5.652318
75.478420,5.266526
76.699970,5.764437
77.387950,5.600345
78.946640,5.718613
80.062150,5.557738
81.241380,5.751801
82.554290,5.735656
84.071500,5.286783
84.910150,5.671554
85.868350,5.300368
87.458830,5.271807
88.489610,5.568022
89.917800,5.558691
91.085010,5.674988
92.554420,5.207189
93.070240,5.623749
94.827080,5.735443
95.862790,5.416021
97.460240,5.542909
98.194820,5.822297
99.665980,5.804705
100.553000,5.697817
102.083900,5.624641
103.014100,5.339362
104.459700,5.700205
105.612300,5.699676
106.776400,6.019427
108.077100,6.121001
109.537000,5.400440
110.839900,5.611158
112.114500,5.451382
112.781000,5.245440
114.523600,5.296966
115.599700,5.515386
116.550500,6.033637
117.994700,5.639424
119.430500,5.957357
120.411100,5.640164
121.757500,5.534024
123.338600,5.741180
123.646800,5.735530
125.581300,5.758508
126.887200,5.788412
127.695000,5.740221
128.616100,5.932489
130.118400,5.571669
131.320400,5.132194
132.712100,5.245142
133.609600,5.820150
134.844100,5.328371
136.120100,5.131165
137.151200,5.659966
138.949600,5.229783
139.860900,5.505181
140.765600,5.734561
142.665700,5.840725
143.626100,5.671236
144.862300,5.578095
146.534700,5.567917
147.351300,5.784098
148.552900,5.740625
149.623700,5.502455
151.365800,5.466058
152.600200,5.361376
153.026200,5.458034
154.842700,5.625060
155.860100,5.658399
157.205900,5.851067
158.456600,5.985765
159.598900,5.666567
160.760800,5.994649
162.264600,5.921848
163.194200,5.469493
164.536900,5.631950
165.633900,5.666614
166.962800,5.672534
167.924100,5.173588
169.550400,5.421196
170.410200,5.279033
172.286500,5.691850
173.025600,5.734429
174.711400,5.663960
175.489400,5.666117
176.655200,5.254825
177.969100,5.888757
179.148900,5.536484
180.314800,5.661872
181.323600,6.032204
182.756900,5.662775
183.622100,5.903733
185.095700,5.938097
186.461000,5.153512
187.586600,5.537520
188.611600,5.718697
190.614800,5.549268
191.146100,5.506335
192.700300,5.329456
193.672900,5.563019
195.428500,5.467360
196.699800,5.769599
197.442100,5.848955
198.794100,5.390273
200.057600,5.472889
201.103900,5.697041
202.465600,5.777872
203.788800,5.912006
204.771000,5.352284
206.045700,6.084106
206.698000,5.694365
208.226600,5.795640
209.504700,5.757120
210.845700,5.655343
212.171900,5.757942
213.244100,5.877783
214.519200,5.566458
215.657400,5.875415
217.069000,6.007239
217.991500,5.743670
219.655500,5.516685
220.849500,5.708775
221.880100,5.860927
223.211900,5.674268
224.580300,5.361148
225.360900,5.323549
226.715400,5.554694
227.857000,5.709208
229.495300,5.897070
230.102600,5.520638
231.612800,5.784261
232.783800,5.674791
234.597600,5.407014
235.719300,5.338605
236.461700,6.209619
237.956900,5.423062
239.036500,5.562768
240.339100,5.418110
241.571600,6.006227
242.739800,6.108844
243.408900,5.568398
245.062000,5.479250
246.245400,5.709930
247.871000,5.637644
248.437300,6.087818
250.245200,6.051392
250.865700,5.503799
252.349800,5.759311
253.757000,6.189602
254.790400,5.662011
256.455000,5.351578
257.464800,5.327793
258.104300,5.568451
259.846400,5.581422
260.952400,5.573265
262.271800,5.227822
263.071900,5.864658
264.739000,5.739735
266.018400,6.047833
267.159100,5.662413
268.392500,5.788423
269.947400,5.831168
270.765600,5.639829
271.923900,5.745021
273.282000,5.644932
274.360200,5.600501
276.036100,5.717930
277.025200,5.481597
278.188600,5.623139
279.384700,6.120229
280.676800,5.516618
281.857600,5.592189
283.032400,5.663031
283.946400,5.793996
285.688200,5.662370
286.645000,5.680987
287.971000,5.714157
289.115500,6.030373
289.934700,5.401797
291.720400,5.201926
292.534900,5.723428
294.145400,5.664651
294.794100,5.543455
296.906000,5.816680
297.540300,5.304421
298.925100,5.664787
300.484400,5.929173
301.254400,5.598539
302.727600,5.149618
303.669600,6.018222
305.398600,5.837306
306.322300,5.425304
307.614500,5.592131
308.627900,5.611281
309.821200,5.515510
311.078200,5.751593
312.358300,5.537970
313.546100,6.157362
0.067520,6.709957
1.677744,7.159488
3.503799,7.127091
4.150196,6.927917
5.618610,7.020085
6.763133,6.826530
7.879778,6.963409
9.097260,6.914236
10.338000,6.794115
11.728990,7.260019
12.999110,6.631242
13.952380,6.573999
15.350290,7.047428
16.226430,6.964614
17.172130,7.021659
18.969390,6.614486
20.380610,6.991868
20.903820,6.846109
22.480510,6.961709
24.184240,7.009385
24.781050,6.446666
26.741810,6.763199
27.640530,6.970968
28.632380,6.510949
29.592920,7.177159
31.175350,7.134943
32.191620,6.721101
33.901370,6.548654
35.052510,6.953547
36.000580,6.684579
36.954750,7.132659
38.220380,7.396030
39.426380,6.737450
40.916010,6.921790
42.086040,6.926387
42.960240,6.841519
44.661230,6.680914
46.175400,6.913449
46.833360,7.160353
48.472260,6.901136
49.230730,6.818472
50.494220,7.069905
51.790500,7.208310
53.033500,6.960295
54.071820,6.756088
55.761420,7.078793
57.197750,7.066663
57.993050,7.031172
58.998760,6.992214
60.099690,6.820309
61.947310,7.297104
62.788760,7.006324
63.739100,7.259594
64.986230,6.790285
66.999300,6.849267
67.655910,6.854688
68.821880,6.725073
70.238240,6.796710
71.074420,7.034897
72.209710,6.711701
73.899100,7.155133
75.092200,6.965195
76.521730,7.354395
77.809990,6.693528
78.979120,6.919523
79.981990,7.092435
81.613780,6.670658
82.679550,7.195441
83.642740,6.878687
84.977700,6.823421
86.076850,7.397892
87.354450,6.878505
88.864150,6.810879
89.762150,6.942027
91.021930,6.930303
91.819330,6.729455
93.507550,6.669723
94.683750,6.994725
95.920040,6.905179
96.768930,7.188627
98.070650,7.323586
99.655900,6.905918
100.857200,6.945672
101.945400,6.970562
103.395100,6.947433
104.662800,6.801445
106.207000,6.934646
106.698600,7.286836
108.241000,7.066999
109.475000,6.850581
110.864300,7.002966
111.838200,6.940248
113.191100,6.755186
113.852300,7.282555
115.501700,6.927752
116.785600,7.464453
117.947500,6.811585
119.186500,6.923141
120.606100,6.820761
121.666200,6.961961
122.798500,6.716251
124.084000,6.896025
125.831400,6.805833
126.273200,6.569736
127.737900,7.302168
129.056300,6.726412
129.696000,6.905913
131.401500,6.920230
132.750500,6.969333
133.739300,6.406259
134.695100,7.261331
136.319700,7.062199
137.127100,7.128510
138.915300,6.915186
140.140300,6.446307
141.504700,6.967562
142.518800,6.873645
143.811300,6.535960
144.343500,7.045558
146.076800,6.906066
147.140100,6.709165
148.658800,7.289418
149.811400,7.067760
151.168500,6.602542
152.157300,6.990968
153.563800,6.983509
154.246000,6.905526
156.079900,7.413910
157.031400,6.743320
157.934900,6.775928
159.568100,6.953159
160.671500,7.274404
161.890300,6.909939
162.902200,7.181509
164.503700,6.568303
165.701500,7.163946
166.787800,6.835790
167.566500,6.931733
169.184900,6.760514
170.298100,6.906762
171.740000,7.110805
173.000600,7.345113
174.237300,6.716312
175.404600,6.970385
176.946400,7.107358
178.112600,6.639355
178.929000,6.878763
180.536000,6.620356
181.959900,6.566555
182.940500,6.801869
184.411500,6.956627
185.054200,7.389884
186.096800,7.284206
187.358900,6.453190
188.902200,6.955863
189.968400,7.171051
191.253700,6.846319
192.576700,6.890539
193.631700,6.965560
194.978500,6.931166
196.151600,6.923741
197.313200,6.506098
198.826100,6.918483
199.603900,6.878910
201.009700,7.075766
202.243600,7.210539
203.635500,7.091753
204.740300,7.478473
205.807800,6.676155
207.094000,7.205500
208.853500,7.119128
209.769800,6.951371
211.128300,7.226898
211.935200,6.832032
213.545200,6.749758
214.098900,7.089669
215.782200,6.805879
216.987500,6.905792
218.020700,7.359478
219.445900,6.942755
220.534200,6.983147
222.081200,7.439098
223.086200,6.836930
224.331000,6.850962
225.438700,6.689610
226.876200,6.897160
228.141700,7.442958
229.656300,6.793249
230.415300,6.926339
231.647200,6.958650
232.950300,6.872121
233.796100,7.032073
235.308600,6.985801
236.201700,7.265024
237.598300,6.827732
239.057400,6.804224
240.535700,6.749575
241.508400,6.849758
242.705000,6.925596
243.949500,6.372103
244.638700,6.875426
246.413800,7.066315
247.598500,7.165363
248.973900,7.261215
249.758500,6.488443
251.206900,6.860385
252.303200,6.792407
253.649300,6.796996
254.981200,6.988157
256.494200,6.867057
257.430200,6.480429
258.834500,7.238067
259.499200,6.920053
260.890900,7.396552
262.198800,7.260629
263.673400,7.171464
264.582900,6.958479
265.916300,6.380448
267.474700,7.154082
268.538500,7.124594
269.529800,6.845422
270.769000,6.680610
272.029000,6.953737
273.315600,7.062124
274.247300,6.815121
276.045800,6.745927
276.886700,7.080776
278.025800,6.845473
279.380000,6.801722
280.665800,6.656478
281.338600,6.657777
283.331800,6.747588
284.239300,6.863244
285.897400,6.901669
286.724700,6.953900
287.978000,6.905159
288.684600,6.792910
290.818100,6.890263
291.824500,6.996372
292.341300,7.093166
294.071300,7.055186
295.455600,7.405938
296.148400,6.688891
297.671600,6.898515
298.786500,7.155272
300.205000,6.861896
301.384500,6.946377
302.746000,6.799882
303.584200,6.959797
304.708300,6.500114
306.273300,7.165532
307.327200,6.461517
309.177400,6.974612
309.950800,6.772717
311.043300,6.756137
312.129300,6.761819
313.552900,6.947316
0.633723,8.174807
1.630877,8.551007
3.124757,7.836398
4.168723,8.627475
5.135488,7.911339
6.679683,8.163630
8.103626,8.212626
9.568170,8.047414
9.992835,8.004982
11.240940,7.959295
13.118040,7.937573
13.952880,7.954006
15.511850,8.486017
16.419190,7.901106
17.700300,8.535166
18.794480,7.980248
20.173110,8.179288
21.290040,8.263404
22.038720,8.213653
23.801580,8.182846
24.758130,7.947158
25.984860,7.755323
27.117190,8.192032
28.742290,8.167786
30.079360,7.835234
31.078860,8.094795
32.350520,8.187944
33.554370,8.405975
34.640010,8.387973
36.026570,8.155063
37.328020,8.004355
38.480710,8.139556
39.791590,8.091752
40.854050,8.646978
42.496720,8.175385
43.124240,8.680343
44.284540,8.411011
46.004350,8.345658
46.745350,8.248120
48.812980,8.187395
49.414470,8.223419
50.275050,8.073274
51.900280,8.129364
52.712470,8.490608
54.100950,8.015800
55.655940,8.414706
56.760680,8.600715
58.028930,8.206258
59.220380,8.094405
60.219780,8.187906
61.735540,8.310926
62.813390,8.111211
64.691020,8.212294
65.331230,8.107041
66.803910,7.959201
67.466130,8.525126
68.608060,7.983027
70.314880,8.049404
71.559980,7.808899
72.621910,8.158412
74.189290,8.373976
74.958660,8.239259
76.112680,7.841763
77.493180,8.210521
78.820580,8.158221
80.047380,8.162443
81.486710,8.468025
82.452590,8.120914
83.833340,8.279463
84.889180,8.385665
86.156440,8.178788
87.442580,7.624377
88.428330,8.400678
89.859310,7.915372
91.196640,8.250812
92.734950,8.441549
93.450360,8.091832
94.873660,8.281546
95.712140,8.303380
97.230740,8.693324
98.121730,8.418800
99.500590,7.637311
101.085100,8.186442
102.414300,7.755865
103.609400,7.992751
104.297700,8.576879
105.926300,8.045943
107.278100,8.461337
108.182100,8.159645
109.477300,7.970479
110.230200,7.916793
111.988700,8.326974
112.958300,8.359972
114.656700,7.928842
115.391400,7.849855
116.863700,8.166993
117.875200,8.512634
119.190800,8.296161
120.532500,8.474112
121.448800,8.338836
122.661600,8.315221
124.092300,8.250548
125.536000,8.325027
126.269600,8.121544
127.908000,8.500609
129.139400,7.872829
130.268200,8.582550
131.825300,8.211626
132.213200,8.016074
133.469300,8.467259
134.914600,8.186847
136.090200,8.378332
137.519400,8.697886
138.465200,7.853310
139.746600,8.369748
141.183600,8.524118
142.232000,8.066438
144.083100,8.083597
145.210100,8.487434
146.087100,8.304518
146.921300,7.819051
148.340000,7.757513
149.890300,8.276136
150.976400,8.082413
152.163500,8.406077
153.929900,8.346475
154.644300,8.411548
156.178300,7.785859
157.079300,8.279655
158.302700,8.391104
159.028300,8.006688
160.561100,7.931314
161.919500,7.946239
163.449200,7.816670
164.916200,8.292459
166.004500,7.984843
166.544000,8.452870
168.353700,8.010277
169.292600,8.191346
170.284800,8.544866
171.861400,7.910782
173.354100,7.868720
173.755700,8.322793
174.960600,8.346982
176.693000,8.235788
177.894600,8.140456
179.191400,8.125515
180.794800,8.145766
181.564700,8.231239
182.266000,8.422591
184.024200,8.242003
185.103900,8.263778
186.491000,8.204615
187.650600,8.176311
188.866000,8.594958
189.799800,7.822022
191.104700,8.303703
192.455200,7.871522
194.301400,8.167746
194.529300,8.300519
195.880800,8.001950
197.882800,8.264768
198.813100,8.517630
199.966000,8.245826
201.195300,8.297610
202.271300,8.683687
203.452000,8.203943
204.825000,8.225137
205.803400,8.674686
207.343600,8.647838
207.897800,8.147116
209.783200,8.355219
211.019700,8.223475
212.213900,8.657035
213.492800,7.963203
214.426700,8.082189
215.854600,8.240142
217.073000,8.217811
218.154100,8.100106
219.595600,8.578108
220.667400,8.146568
221.544400,7.823819
223.279900,8.520334
224.309600,7.752980
226.101100,8.086708
226.759600,8.039474
227.842700,8.606143
229.275300,8.088373
230.538300,8.169327
231.345600,8.092484
232.895100,8.452806
234.087300,7.998917
235.819400,7.989786
236.548900,8.652085
237.965800,8.257067
238.932600,7.948810
240.462400,8.396181
241.278700,7.953120
242.930800,8.197299
244.437000,8.310040
244.899400,8.402266
246.313300,8.205867
247.725800,8.588382
248.798300,7.923812
249.924600,7.791045
251.283500,8.002133
252.063600,8.121142
253.789500,8.362005
254.976300,8.333952
256.110700,8.134718
257.459000,8.201865
258.354200,8.036921
260.244000,8.163610
261.456100,8.481378
262.215400,8.224175
262.986800,8.188079
264.699500,8.214303
265.948700,8.176625
267.576800,8.407712
268.272100,8.317234
269.509600,7.944145
270.535900,7.688690
272.062000,7.724529
273.510400,8.045014
274.796200,8.493987
275.629400,8.129255
276.874000,8.115172
278.350900,8.119882
279.213300,8.148176
280.574900,8.191991
281.544300,8.420807
282.798300,8.322876
284.024400,8.549701
285.457900,8.185904
286.678900,8.148950
288.196600,8.180925
289.157000,8.206710
290.068800,8.229054
291.447100,8.437779
292.692900,7.684467
294.409100,8.329331
295.405500,7.976278
296.502000,7.665763
297.525900,8.344528
299.126100,8.663804
300.064300,8.179358
301.230900,8.028071
302.737200,8.560871
304.062300,8.483069
305.178000,7.689164
306.216500,7.881383
307.421500,8.494929
308.929700,8.352813
310.140000,8.232854
310.800200,8.222864
312.468900,8.263466
313.873600,7.779177
0.443919,9.603564
1.254357,9.501112
2.627124,9.121285
4.200788,9.374743
5.091690,9.125510
6.600367,9.416982
7.699764,9.287768
9.246132,9.630743
10.497310,9.360903
11.584760,9.395671
13.038850,9.724417
14.137230,9.464480
15.577580,9.575702
16.628810,9.769930
18.022720,9.446939
18.727500,9.245617
20.167610,9.978729
21.092640,9.396529
22.414330,9.499741
23.503440,9.377913
25.245520,9.138570
26.090190,9.222669
27.950130,9.246301
28.619420,9.386984
29.622140,9.784966
31.363160,9.347466
32.690200,9.176284
33.666770,9.180181
35.021550,9.805538
36.203490,9.518694
36.829760,9.329398
38.462520,9.548339
39.960770,9.902177
41.133250,9.158304
42.096500,9.378899
43.408910,9.721686
44.851290,9.356244
45.850280,9.731443
46.886280,9.062872
48.206300,9.972073
49.472410,9.324889
50.452110,9.610501
51.780720,9.858323
53.603710,9.364171
54.697440,9.046023
55.672310,9.387918
57.243370,9.651237
57.785970,9.772464
58.925470,9.464732
60.437540,9.509519
61.511890,9.397896
63.381400,9.241700
64.185970,9.409239
65.356650,9.980976
66.129340,9.431956
68.313090,9.455262
69.118980,9.813538
70.193570,9.535608
71.467610,9.386868
72.782370,9.180010
73.571480,9.607355
75.467160,9.847274
76.166750,9.545006
77.596600,9.079493
78.818840,9.461714
80.041210,9.489650
81.553540,9.450718
82.705280,9.256425
83.221820,9.273084
85.044330,8.954067
86.051910,9.465012
87.623120,9.871446
88.251480,9.177836
89.589030,9.638151
91.152880,9.829982
92.250110,9.376858
93.570270,9.411014
94.787990,9.607735
95.839640,9.584090
97.629330,9.509057
98.323150,9.291411
99.632000,9.369776
100.995400,9.807859
102.004100,9.418921
103.036600,9.650095
104.364100,9.803769
106.106500,9.539462
106.575100,9.766917
108.253900,9.292486
109.440700,9.431402
110.547000,9.398329
111.655600,9.499594
113.135300,9.341802
114.362200,9.389403
115.888200,9.536777
116.783200,9.474280
118.022800,9.781990
119.238300,9.402593
120.188400,9.946243
121.572100,9.335415
122.982300,9.477329
124.119200,9.430831
125.270300,9.448061
126.349500,9.877954
127.740800,9.430459
128.725300,9.668827
129.978700,9.153947
130.983000,9.790709
132.740800,9.405807
133.437400,9.144217
135.324900,9.552795
136.322700,8.971167
137.088900,9.206828
138.456900,9.866244
140.052100,9.721299
141.171200,9.458987
142.348200,9.575028
143.661000,9.407997
144.672300,9.395792
145.982300,9.404952
147.534400,9.390203
148.657600,9.403390
150.113700,9.801763
151.031300,9.504741
152.237900,9.396365
153.381900,9.237606
154.370500,9.828447
155.838600,9.819201
156.964800,9.165117
158.310300,9.428209
159.361900,9.314532
160.751400,9.438406
162.012900,9.315509
163.081100,9.593311
164.740800,9.396276
165.864400,9.348248
166.742800,9.254960
168.077900,9.439141
169.309700,9.439960
170.591400,9.431474
171.425400,9.634089
173.132800,9.964198
174.309400,9.260845
175.177600,9.621984
176.773500,9.274422
177.745800,9.702158
179.082400,9.438020
180.246300,9.761216
181.632800,9.472291
182.701200,9.717374
184.135400,9.515335
185.001800,9.171233
186.402900,9.435372
187.647200,9.401518
188.963300,9.668543
190.001500,9.381445
191.453800,9.261208
192.683700,9.178031
193.632900,9.623549
194.561700,9.666011
195.915700,9.521483
197.365600,9.105011
198.619700,9.434240
200.058500,9.213471
201.359200,9.048832
202.011600,9.020955
203.685200,9.510002
205.143700,9.804616
206.367900,9.140814
207.206100,9.639449
208.568000,9.536490
209.581200,9.887527
211.186300,9.557458
212.283300,9.156133
213.508500,9.153846
214.519900,9.349149
215.674000,9.725593
216.834100,9.559638
218.377600,9.392746
219.844900,9.505327
220.829100,9.374346
222.048300,9.942142
223.124000,9.448279
223.806300,9.613763
225.473600,9.959660
226.758000,9.433343
227.801200,9.721827
229.234300,9.393635
230.393700,9.420662
232.008200,9.553666
232.936400,9.487452
234.122200,9.516367
235.293200,9.457374
236.591200,9.434941
237.638000,9.700066
238.987300,9.811850
240.018300,9.342344
241.497100,9.449076
243.107800,9.330325
244.033900,9.114263
245.200900,9.166997
246.218000,9.248167
247.648500,9.303096
248.710600,9.684355
250.026600,9.261165
251.280000,9.343187
252.287700,9.012523
253.701000,9.234609
254.834500,9.274638
256.120600,9.410485
257.472100,9.533580
258.712200,9.911518
260.140900,9.864393
260.937600,9.454076
262.011700,9.272894
263.517800,9.450751
264.216300,9.208831
266.066600,9.587248
267.053800,9.000753
268.290100,9.492268
269.493000,9.362330
271.055600,9.235311
272.223600,9.606436
273.582000,9.262177
274.416700,9.571472
275.787700,9.410979
277.011400,9.386230
278.180300,9.519739
279.045400,9.526598
280.701600,9.393858
281.573500,9.586601
282.838700,9.274788
284.440200,9.530756
285.516400,9.153402
286.670700,9.679713
287.666300,9.602205
289.301400,9.864982
290.331500,9.098887
291.547900,9.415934
293.199300,9.436060
293.914500,9.032262
295.128600,9.735585
296.517000,9.193121
297.669300,9.371787
298.894200,9.423419
300.095800,9.433462
301.361700,9.426658
302.544900,9.752120
304.054000,9.241122
304.975600,9.516233
306.188800,9.377955
307.149000,9.464615
309.116800,9.501505
309.947700,9.216684
311.309600,9.620641
312.403500,9.405805
313.470500,9.115893
