0.231095,-9.377466
2.303764,-8.959512
3.324975,-8.879114
4.496056,-8.876793
5.855526,-9.120307
7.303670,-9.172647
8.905557,-9.074080
9.979301,-9.129913
11.343960,-9.268495
12.319320,-9.355816
14.050050,-9.261518
14.929890,-9.203501
16.632180,-9.002088
17.578500,-9.663813
18.676950,-9.350688
20.242380,-9.004300
21.944210,-8.793558
23.251270,-9.180482
24.072530,-9.464662
25.695340,-9.439464
27.052120,-9.184748
28.387810,-9.251175
29.614980,-8.988434
31.059590,-9.488330
32.369130,-9.208432
33.638450,-9.450729
34.672350,-9.036036
36.289050,-9.264672
37.835270,-9.158065
38.961640,-9.035571
40.428090,-9.664830
41.388080,-9.172913
42.831650,-9.214223
43.980010,-8.999903
45.497780,-9.054962
46.667820,-9.673915
48.190630,-9.720718
49.506560,-9.174912
50.556590,-8.894747
52.192670,-8.889272
53.386500,-9.300977
54.819680,-9.654284
56.377740,-8.693202
57.431960,-9.099446
58.358140,-9.548735
59.958530,-8.989934
61.821890,-9.032355
62.441850,-9.057632
64.106060,-9.481597
65.467130,-8.959018
66.480370,-8.953995
67.812260,-9.487800
69.619090,-8.935670
70.817220,-9.408896
72.092610,-9.161077
73.624490,-9.122295
74.842730,-9.337867
76.152460,-8.920779
77.432280,-9.472945
78.574510,-9.219086
79.764430,-9.028071
81.317980,-9.073971
82.568470,-9.262444
83.730900,-9.354300
85.289060,-9.126758
86.823480,-9.543837
87.365090,-9.002089
88.730780,-9.042324
90.047040,-9.260567
92.005770,-9.183319
93.475720,-8.980803
94.194650,-9.287472
96.030290,-8.892426
97.217040,-9.672776
98.309970,-8.795243
99.891810,-8.970154
101.113400,-9.404638
102.133500,-9.412045
103.734600,-8.981917
105.019100,-9.155554
105.840700,-9.294868
107.602100,-9.472151
109.025600,-9.149084
110.494700,-9.610277
111.637700,-9.147627
113.024100,-9.025284
114.399000,-9.477468
115.595200,-8.969310
116.846000,-9.643716
118.126600,-9.341838
119.428600,-9.028536
120.964100,-9.032582
122.177300,-9.476413
123.524400,-9.197800
125.379700,-9.149232
126.562300,-8.998596
127.611700,-9.242347
128.791100,-9.168371
130.100700,-9.222507
131.503100,-9.163221
132.519000,-9.073602
134.008000,-9.096744
135.666500,-9.164796
136.816900,-9.189293
138.525500,-9.270846
139.399900,-9.176537
141.003000,-9.591315
142.492900,-9.213192
143.403400,-9.240462
144.395300,-9.554310
146.055900,-9.199521
147.697300,-9.476216
148.230700,-9.463151
150.240500,-9.391035
150.909900,-9.173623
152.931800,-8.796598
153.984500,-9.158257
155.334500,-9.224449
156.464100,-9.192526
158.359400,-8.832465
159.387200,-9.131409
160.521200,-9.364154
162.129900,-9.144598
162.704400,-9.039245
164.760300,-9.570248
165.777400,-9.049210
167.071400,-8.767049
168.083500,-9.122208
170.167700,-8.863527
171.358000,-8.663181
172.527500,-9.135904
173.718700,-8.637194
174.919400,-9.531206
176.316200,-8.840364
177.262900,-9.060981
179.072200,-9.045270
180.238100,-8.652526
181.914900,-8.907926
183.064000,-9.409343
184.430800,-9.255526
186.040700,-9.213749
186.906900,-9.382791
188.309400,-9.276998
189.847200,-9.122272
191.081000,-9.003302
192.399000,-9.445445
193.504000,-8.917190
194.876700,-9.675944
196.313300,-9.131916
197.549300,-9.359516
198.973600,-9.388847
200.688200,-9.248032
201.566600,-9.051076
203.082900,-8.818555
204.230500,-9.115292
205.046900,-9.098833
206.591700,-9.357851
208.161300,-8.798089
209.665000,-9.187231
210.739200,-9.283788
212.539400,-9.278557
213.672400,-9.168482
214.573900,-9.009852
216.223200,-9.312028
217.380500,-8.804652
218.828600,-9.249108
219.925600,-8.741388
221.360000,-9.362925
222.388600,-9.390910
224.004500,-9.060113
225.367300,-9.385899
226.919500,-8.697356
227.984900,-8.726832
229.330500,-9.203484
230.994500,-9.332686
231.654300,-9.189863
233.411700,-8.968981
234.704700,-8.623748
236.037000,-9.562675
237.309400,-9.065173
238.575800,-9.224461
240.247600,-9.596907
241.263100,-9.398140
242.473700,-9.185169
243.573100,-9.028245
245.276600,-8.637094
246.408000,-8.898614
247.941100,-8.984851
249.672500,-9.414527
250.465200,-9.154684
251.834000,-9.592890
253.235000,-8.871902
254.415100,-9.313160
255.626800,-8.981977
257.011600,-8.794612
258.698100,-9.459424
259.989600,-9.038245
260.553400,-9.228883
262.083400,-9.151952
263.830900,-9.161659
265.019200,-9.633522
266.195600,-9.123679
267.719500,-9.600491
268.963100,-8.934228
270.384800,-9.158829
271.688100,-9.162269
273.505600,-9.063120
274.314100,-9.282801
275.139300,-9.042039
277.022900,-9.141274
278.368400,-9.307047
279.459500,-9.178984
280.961400,-9.063063
281.988100,-9.042860
283.397300,-9.431227
285.230200,-8.994898
285.796500,-9.452350
287.633700,-9.113333
288.879700,-9.677687
290.091900,-9.314769
291.371900,-9.359900
292.357300,-8.993875
293.957100,-9.319194
295.823500,-9.615429
297.026900,-9.240859
297.989500,-9.008086
299.108600,-8.779787
300.448200,-9.192264
302.503300,-9.284212
303.030400,-9.346766
304.900200,-9.293797
306.139900,-8.943516
307.532500,-8.916746
308.600600,-9.038518
309.966200,-9.193612
311.127100,-9.177959
312.282800,-9.311916
1.108389,-7.893345
2.538702,-8.061478
3.831146,-8.022752
5.145760,-8.170029
6.294760,-8.074134
7.351265,-8.218684
9.142790,-8.028575
10.270610,-8.330664
11.673410,-7.555754
12.998060,-8.055875
14.804760,-7.885300
16.167340,-7.914335
17.036680,-8.143651
18.578840,-8.328764
20.077570,-8.212098
21.165680,-7.749866
22.525630,-8.177644
23.705880,-8.016322
25.074140,-7.942098
26.443600,-8.005148
27.797480,-8.081043
29.255660,-8.019578
30.175130,-8.516729
31.574770,-8.275669
32.735120,-8.265624
34.122510,-8.265465
35.751070,-7.794189
36.833600,-8.108478
38.139710,-7.904708
39.579330,-7.956038
40.585750,-8.270614
42.221150,-7.730016
43.636880,-7.839116
45.364820,-8.054398
46.110980,-7.886019
47.748930,-8.429904
48.584850,-7.868917
49.931200,-8.289120
51.294490,-8.263016
53.141840,-7.978161
54.208130,-8.044820
55.377320,-7.864055
56.735020,-8.037634
58.209200,-7.765936
59.424950,-8.058732
60.567730,-7.987021
62.176670,-7.599503
63.181420,-7.691670
64.716460,-7.987966
65.943330,-8.158688
67.106320,-7.995024
68.837640,-7.866479
69.709800,-7.756385
71.510670,-7.839424
72.657810,-8.005964
73.850230,-7.877662
75.232280,-8.374910
76.424120,-8.359361
77.938840,-7.991466
78.974750,-8.202079
80.572850,-7.908599
81.470420,-7.918608
83.722140,-7.970194
85.048840,-8.024675
85.922840,-8.063807
87.328810,-8.262881
88.817840,-8.362341
89.427080,-7.731676
90.956910,-7.859510
92.515390,-8.056991
93.648880,-7.998847
95.502080,-8.071802
96.265480,-7.852927
97.795350,-7.498880
99.062390,-8.316346
100.349600,-7.548485
101.990200,-7.641302
102.697600,-8.323469
103.992400,-8.321467
105.785400,-8.057513
107.070400,-8.206858
108.570600,-8.135853
109.676200,-7.978714
110.793400,-8.272916
111.785300,-7.968924
113.528900,-7.527152
114.817400,-8.141129
115.947300,-8.236019
117.162800,-8.125537
119.250100,-8.080761
120.255700,-8.017829
121.528900,-8.046901
122.907200,-8.009922
124.171200,-8.058158
125.594200,-7.534546
126.893400,-7.995912
128.328800,-7.729438
129.676300,-7.971219
130.610800,-7.987283
132.598600,-8.361565
133.317000,-8.043384
134.266000,-7.969699
135.761500,-8.108181
137.476900,-8.383596
139.091100,-7.993293
140.370800,-8.124152
141.852700,-7.696205
142.357700,-8.294380
144.556100,-8.166784
145.888200,-7.853670
146.386200,-7.590800
148.249100,-8.054370
149.208000,-7.986113
150.403900,-7.802668
152.103100,-8.380554
153.543800,-8.262444
154.871600,-7.729551
155.981900,-8.567611
157.205900,-7.541615
158.748500,-7.929115
159.800500,-8.089725
160.976000,-7.877115
162.394500,-8.539930
163.881700,-8.147907
165.051100,-7.764060
166.894200,-8.370440
167.692300,-7.994750
169.644700,-8.305905
170.562500,-7.577154
171.464400,-7.855703
173.379400,-7.844076
174.740300,-8.010847
175.650200,-8.068073
177.198700,-8.035414
178.291700,-8.232246
179.449200,-7.566689
180.925900,-7.974041
182.133500,-7.970526
183.760400,-8.010579
185.235700,-7.865902
186.176300,-8.040516
187.673200,-7.844110
189.205500,-8.237224
190.239000,-7.997809
191.648700,-8.048844
192.925100,-7.949828
193.983400,-7.921003
195.688000,-7.673507
196.658800,-8.250213
198.168000,-8.062380
199.726700,-7.793487
200.951400,-8.274637
201.835100,-8.330400
203.806700,-7.612855
204.656100,-8.367237
206.252800,-7.969302
207.362000,-7.933631
208.704400,-8.003078
210.186200,-8.007830
211.378200,-7.613317
213.120300,-8.223061
214.427100,-7.613049
215.055700,-8.222211
217.183400,-7.950352
218.382300,-7.782756
219.402500,-7.982129
220.629800,-8.058455
222.106000,-8.031798
223.547600,-8.118759
224.841600,-8.486321
225.748500,-7.973039
227.091300,-8.301870
228.921300,-8.005349
229.964700,-8.303513
231.330900,-8.363212
232.947400,-8.373547
234.041200,-8.050358
235.550700,-8.242830
236.999900,-8.395202
237.456400,-7.931050
239.353700,-8.376138
240.971400,-7.735720
241.906500,-8.485020
243.239500,-8.493548
244.273800,-7.846647
246.003600,-8.128502
247.228500,-8.021652
248.097800,-8.354539
249.900800,-8.217641
251.518500,-8.221222
252.616200,-8.407207
253.860000,-8.047950
255.154000,-7.980218
256.702900,-7.875857
257.536200,-7.603087
259.497300,-8.089979
260.399100,-8.126245
262.086700,-7.927807
263.076200,-7.977479
264.959000,-8.102784
265.825200,-8.014453
266.865800,-7.813175
268.028500,-8.043409
269.532200,-8.005202
271.016800,-8.132710
272.631100,-7.745548
273.728300,-8.061811
275.528500,-7.919300
276.483100,-7.950908
277.728200,-8.046208
278.957700,-7.992095
280.590300,-7.622941
281.617800,-7.724744
282.833800,-7.802595
284.477300,-7.955739
285.122000,-8.319980
286.690200,-7.901611
288.222700,-8.009607
289.993800,-7.959794
290.771700,-8.025192
291.788400,-7.678471
293.190400,-7.995039
294.931800,-8.034036
295.862800,-8.201852
297.103900,-8.286719
298.878200,-8.061481
300.144000,-8.037278
301.445800,-8.072024
302.565300,-7.769799
304.345400,-7.842916
305.567700,-7.607046
306.375600,-7.889955
308.048200,-7.989801
309.308500,-8.100625
310.758100,-7.975042
312.222700,-7.649194
313.336100,-8.020905
0.641336,-7.236875
2.178883,-6.980297
2.836663,-6.876222
4.997438,-6.979074
5.635323,-7.204065
7.127162,-7.231617
8.519651,-6.603330
9.701522,-6.525513
11.062940,-6.989097
12.917980,-6.840514
13.786730,-7.269983
15.253140,-6.952640
16.411090,-6.978254
17.716030,-6.930863
18.938350,-7.213852
20.582210,-6.632996
21.334550,-6.981375
22.750390,-7.063448
23.946490,-7.135292
25.472300,-7.242159
26.935470,-6.777460
28.376410,-7.309344
29.661670,-6.831795
31.007850,-6.840629
32.056470,-6.965609
33.326650,-6.843956
34.980480,-6.906845
36.260730,-6.868883
37.477870,-7.125050
38.838450,-6.929825
40.059260,-6.842891
41.320860,-6.892878
42.834460,-7.408483
43.983740,-6.654144
45.530800,-6.874018
46.801030,-7.077600
48.461820,-6.601447
49.601270,-6.724370
51.144580,-7.133293
52.144910,-6.861621
53.274980,-6.531895
54.632830,-7.137075
55.979640,-6.785749
57.451060,-6.866287
59.264020,-6.910297
60.195580,-6.322648
61.382300,-7.238484
62.734120,-6.874722
63.767810,-6.879726
65.340420,-6.901167
66.812000,-6.362569
67.474620,-6.839361
69.454220,-6.764328
70.550050,-7.406041
71.793930,-6.789996
73.604610,-6.796195
74.512760,-6.847154
75.932660,-6.915731
77.162150,-6.697251
78.753610,-6.613214
80.337610,-6.819748
80.888710,-7.250842
82.529150,-7.395633
83.944070,-7.161811
84.869350,-6.562515
86.180440,-6.950163
88.054350,-6.835061
89.289430,-6.716341
90.591520,-6.553907
92.360690,-6.974495
92.987780,-6.962847
94.838360,-6.690679
95.743100,-6.908531
97.079440,-7.061010
98.490010,-7.014235
99.371290,-6.690059
100.826100,-6.555499
102.158500,-7.071281
103.797900,-6.869709
105.372200,-6.893474
106.558500,-6.865698
107.758800,-6.971554
108.970300,-7.427549
110.367900,-6.819903
111.465000,-7.018286
112.561800,-7.139249
114.718100,-7.139779
115.712000,-6.922657
116.635100,-6.451775
117.904200,-6.920927
119.396500,-6.821890
120.707200,-6.753380
122.499000,-7.045796
123.572700,-6.867194
124.691900,-7.131028
125.926000,-7.168602
127.715000,-6.673349
128.835800,-7.028230
130.456100,-7.073328
131.769200,-7.232838
133.226400,-6.675333
134.143700,-6.869484
135.614500,-6.597861
136.297100,-6.678214
138.132300,-6.757270
139.301200,-7.143513
140.315500,-6.940942
142.156700,-6.902285
143.473100,-6.806511
144.223800,-7.008189
146.001300,-6.905629
147.078900,-6.544543
148.797300,-6.908729
150.252200,-6.677273
151.105800,-7.112010
152.870800,-7.209290
153.866100,-7.018579
155.300200,-6.864322
157.054600,-7.051712
157.911900,-7.078517
159.400700,-7.101329
160.547900,-6.869080
161.856800,-6.918760
163.088900,-6.783545
164.237400,-6.850907
165.958100,-7.258367
166.758900,-6.587094
168.477700,-6.782798
169.988600,-6.806826
171.327000,-7.010481
172.174100,-7.158340
173.911400,-6.680954
175.207700,-7.009205
176.237600,-7.142945
178.008900,-6.487030
179.469500,-6.884640
180.570500,-7.186484
181.752900,-6.919511
183.430600,-6.985830
184.227100,-6.690381
185.603800,-6.578174
187.345600,-7.295283
187.985700,-7.048913
189.536500,-7.097978
191.235600,-6.834145
192.711100,-6.948948
193.716000,-6.722809
195.148800,-6.629819
196.284300,-6.722023
197.685700,-6.969037
198.535600,-6.975192
200.195600,-6.789798
201.694300,-6.679629
202.920500,-6.586845
204.070900,-6.874840
205.484200,-6.670715
206.484000,-7.042021
208.152200,-6.851655
209.522600,-6.639678
210.821000,-6.675998
212.367800,-6.862641
213.395400,-7.069587
214.713700,-6.825718
216.142800,-6.868123
217.928700,-6.838895
218.360600,-6.859079
219.996700,-7.015340
221.800000,-7.180645
222.280200,-6.787210
224.068700,-6.872451
225.744000,-6.864645
226.524200,-6.698526
227.576000,-6.642565
229.152200,-6.490645
230.496000,-7.102021
231.787800,-6.700473
232.925700,-6.876674
234.504200,-6.440493
236.063800,-6.958271
237.241200,-6.934097
238.931100,-7.063334
240.052900,-6.886725
241.216600,-7.158512
242.289000,-7.245630
243.952300,-6.858314
244.870500,-7.247300
246.425700,-6.899587
248.103500,-6.552404
249.188100,-6.882718
250.016900,-7.098560
251.853500,-6.875910
253.123500,-6.927288
254.510900,-6.882953
256.259900,-6.848658
257.564500,-6.710062
258.488400,-6.951573
259.621100,-6.359258
261.094100,-6.564658
262.253700,-7.352753
263.731500,-7.254496
265.101700,-7.073787
266.737100,-6.521057
267.267200,-6.975096
269.129400,-6.888961
269.822900,-6.766953
271.894800,-7.347773
272.989300,-6.763413
274.178700,-7.040617
275.116800,-6.743719
277.164500,-6.975645
278.487900,-6.766966
279.740800,-6.940001
281.278800,-7.064743
282.294800,-6.702713
283.738800,-7.071784
285.066700,-7.399075
285.982500,-6.507794
287.795100,-6.996202
288.685000,-6.859323
290.332900,-6.330645
291.924200,-7.166780
293.296600,-6.532410
293.623400,-6.777589
295.394500,-6.826027
297.361300,-7.010767
297.755000,-6.992375
299.393500,-7.077400
300.348600,-6.560863
302.290700,-6.827223
303.488500,-6.826242
304.592400,-6.965026
305.739700,-6.928134
307.423100,-6.870684
308.768200,-6.901864
309.951100,-6.429721
311.266800,-6.958317
312.938200,-6.851613
1.193343,-5.808524
2.374211,-5.645546
4.149460,-6.204356
5.148206,-5.497358
6.285311,-5.674105
7.931062,-5.692166
9.450332,-5.312494
10.378580,-5.675816
12.072760,-5.876636
13.141020,-5.744958
14.706820,-5.751377
15.783770,-5.725704
17.154230,-5.865175
18.329650,-5.755753
19.703820,-5.410844
21.025040,-5.466968
22.274270,-5.578665
23.610800,-6.246639
24.916610,-5.447954
26.271610,-5.788497
27.479640,-5.683888
29.126700,-5.773220
29.924640,-5.601190
31.472050,-5.651536
32.683530,-5.838581
34.316350,-5.781093
35.410620,-5.377034
36.817210,-5.649192
38.407820,-5.790437
39.445120,-5.858267
40.851620,-5.813341
42.633740,-6.106984
43.479840,-5.666532
44.969890,-5.667797
45.880140,-5.511670
47.135190,-5.827300
49.084700,-6.210628
50.381750,-5.447162
51.665630,-5.704115
52.438850,-5.916946
54.189920,-5.802725
55.222500,-5.424189
57.030200,-5.979457
57.994160,-5.787990
59.185430,-5.257789
60.524280,-5.485801
61.910530,-5.623500
63.422550,-5.694891
64.547750,-5.679071
66.027780,-5.508152
67.300610,-6.017817
68.750880,-5.187689
69.607500,-5.664608
71.135510,-5.332811
72.579960,-5.792220
73.674840,-5.692396
75.298670,-5.727750
76.777380,-5.710074
77.833820,-5.577266
79.229450,-5.917551
80.726290,-5.587451
82.181790,-5.931008
83.297750,-6.215014
84.935390,-5.379784
85.839560,-5.797625
87.648190,-6.005154
88.598430,-5.679482
89.991000,-5.826341
91.168570,-5.766309
92.268790,-6.022748
93.544200,-6.094522
95.118870,-5.864932
96.309000,-5.223640
97.758930,-5.752511
99.611920,-5.729952
100.723900,-5.341942
101.717100,-5.724310
102.901800,-5.688579
104.460900,-5.776181
105.797900,-5.681320
107.136000,-5.947486
108.353400,-5.727653
109.945900,-5.774889
110.797200,-6.138978
112.410000,-5.698974
113.590600,-5.528778
114.808200,-5.388907
116.186200,-5.645709
117.453400,-5.374673
118.963800,-5.811243
120.783800,-5.628810
121.665900,-5.731590
122.908800,-5.731367
124.006900,-5.878049
125.363000,-5.645553
126.616400,-6.088522
128.239600,-5.824985
129.513200,-5.723026
131.057500,-5.968183
132.159700,-5.726807
133.491100,-5.767365
134.845800,-5.753692
136.203900,-5.679307
137.552600,-5.531264
138.565500,-5.460444
139.853100,-5.635151
140.932300,-5.687845
142.677100,-5.495307
143.593200,-5.827650
145.725500,-5.341622
146.787200,-5.254977
148.067300,-5.690010
149.007100,-5.509987
150.491600,-5.595323
152.019000,-6.092013
152.841000,-5.934580
154.643600,-5.503006
156.038200,-5.672425
157.431700,-5.956424
158.780100,-5.822848
159.816100,-5.688660
161.319700,-5.768214
162.399100,-6.119939
163.844500,-5.686199
165.090200,-5.989450
166.470500,-5.954855
168.236000,-5.563663
169.130400,-5.244582
170.506900,-5.674444
171.512400,-5.934883
172.945300,-5.420744
174.953900,-5.446592
175.828500,-5.838727
177.506200,-5.629500
178.456600,-6.067590
179.577200,-5.649529
181.056200,-5.685376
182.426800,-5.740440
183.848200,-5.209329
184.966100,-5.832242
186.611300,-5.479757
187.757800,-5.662520
189.336100,-5.258295
190.548600,-5.746616
192.082300,-5.884040
192.693600,-5.845521
194.459000,-5.450585
195.681500,-5.694084
197.413200,-6.056903
198.311100,-5.603335
199.403500,-5.702331
200.850800,-6.046234
202.395600,-5.583488
203.961000,-5.666517
204.934700,-5.826311
206.170500,-5.595423
207.381100,-5.889997
209.028000,-5.568939
210.472600,-6.142407
211.791300,-5.814374
213.009000,-5.661226
214.433500,-5.730766
215.738800,-5.332759
216.648600,-5.626818
218.146100,-5.733096
219.425700,-5.691887
220.749600,-5.837317
222.058200,-5.726360
223.661100,-5.832939
224.975200,-6.227583
226.145200,-5.599893
227.888800,-5.752413
228.723000,-5.912078
229.894100,-5.410605
230.915700,-5.461099
232.626000,-5.719939
233.647400,-5.884199
235.517500,-5.609536
236.547800,-5.669468
238.332900,-5.380204
239.277800,-5.698206
240.551600,-5.837814
241.517400,-5.802135
243.004000,-5.233794
244.415100,-5.744562
246.130500,-5.811227
247.237100,-5.644392
248.274000,-5.889221
250.022300,-5.275824
251.315200,-5.758672
252.585900,-5.859934
254.016800,-5.694162
254.893800,-5.754653
256.089800,-5.971638
258.020400,-5.669810
259.223100,-6.020082
260.907500,-5.445471
261.416100,-6.101611
263.309400,-6.150841
264.427600,-5.712352
265.652300,-5.217050
267.034500,-5.556866
268.794800,-5.382843
269.695700,-5.512823
271.080600,-5.984260
272.855000,-5.899603
273.510500,-6.247386
275.257200,-5.962406
276.376900,-5.888700
277.766000,-5.545426
278.948600,-5.706446
280.274800,-5.379018
281.651700,-5.876328
282.806300,-6.017688
284.395500,-5.439082
285.110100,-5.681473
287.021200,-5.642730
287.781200,-5.511741
289.550900,-5.718637
290.878800,-6.175196
292.183300,-5.743732
293.582300,-5.817445
294.872000,-5.851841
296.183900,-5.692626
297.523600,-5.760976
298.921100,-5.775703
300.034200,-5.544132
301.275300,-5.224511
302.670800,-5.462839
304.100200,-5.866693
305.352700,-5.645430
306.357500,-5.804708
307.955700,-5.627913
309.365600,-5.758008
310.937700,-5.762676
311.779500,-5.740376
313.382100,-6.204605
0.836492,-4.295274
2.059011,-5.011417
3.335097,-4.757021
4.664311,-4.685562
5.961228,-5.088595
7.092344,-4.170010
8.788739,-4.277129
9.835491,-4.487122
11.137120,-4.410858
12.048940,-4.587390
13.869370,-4.547801
15.146210,-4.621540
16.311670,-4.501934
18.031350,-4.815733
18.939680,-4.638705
19.945160,-4.320944
21.734830,-4.340089
23.042390,-4.570358
24.313130,-4.731656
25.750250,-4.384478
27.329210,-4.293782
28.643220,-4.507285
29.938190,-4.800530
31.273630,-4.192215
32.314300,-4.949391
34.118860,-4.436277
35.087860,-4.635938
36.387720,-4.863815
37.816100,-4.236995
38.504850,-4.233557
40.564330,-4.843617
41.670230,-4.051986
42.468390,-4.690489
44.103660,-5.097005
45.742710,-4.251944
46.948450,-4.571312
48.209190,-4.958423
49.249460,-4.660316
50.876010,-4.525979
52.068610,-4.214803
53.497550,-4.453723
54.784610,-4.589388
56.010860,-4.208488
57.438450,-4.634460
59.201050,-4.790748
60.059560,-4.616752
61.427150,-4.942636
62.800600,-4.954058
63.957690,-4.187530
65.240910,-4.229856
66.757130,-4.355087
68.023210,-4.512963
69.368290,-4.671102
70.402110,-4.491899
72.398130,-4.474897
73.378770,-4.488303
74.700680,-4.349355
76.013320,-4.424270
76.756120,-4.514634
78.584820,-4.579537
79.967380,-4.603951
81.243090,-4.490090
82.900960,-4.140460
84.284580,-4.476465
85.161270,-4.474224
86.389180,-4.513070
87.732240,-4.591988
89.367890,-4.450738
90.277290,-4.204089
91.836110,-4.556130
93.366790,-4.705168
94.673810,-4.566481
95.868380,-4.449031
96.645320,-4.662289
98.579930,-4.506038
99.795000,-4.442061
101.075800,-4.328655
102.631300,-4.858608
103.565900,-4.520019
105.303500,-4.404428
106.179700,-4.607839
107.631100,-4.452632
108.767400,-4.443674
110.677000,-4.858378
111.204800,-4.650096
112.884000,-4.436070
114.607900,-4.204306
115.670700,-4.522099
116.767300,-4.457542
118.280000,-4.585293
120.023400,-4.598352
120.874200,-4.659822
121.990000,-4.411044
123.459900,-4.529150
125.107900,-4.695586
125.955200,-4.992940
127.543700,-4.820128
128.811400,-4.617527
129.749600,-4.760848
131.320400,-4.331305
132.714800,-4.559345
133.671600,-4.282461
135.662300,-4.630406
136.987700,-4.691198
138.142200,-4.679746
139.239000,-4.681478
141.025200,-4.711485
142.344600,-4.750729
143.187400,-4.752175
144.664400,-5.043176
146.262300,-4.757835
147.581900,-4.515211
148.630000,-4.381426
150.340200,-4.336143
151.008600,-4.808581
152.656700,-4.740462
153.993400,-4.834340
155.801700,-4.833151
156.758400,-4.847451
157.980900,-4.504833
159.184000,-4.600008
160.139200,-4.673521
162.096000,-4.590345
163.262500,-4.565659
164.442600,-5.021064
166.043100,-4.638261
167.276000,-4.208699
168.475700,-4.028165
169.918800,-4.713240
171.177400,-4.591966
172.967300,-4.763967
174.047100,-4.236984
175.116900,-4.561399
176.513900,-4.503378
177.707300,-4.247483
179.052600,-4.717211
180.480700,-4.473389
181.816300,-4.298459
182.999700,-4.390206
184.082100,-4.909541
185.715500,-4.535477
186.989600,-4.162274
188.724100,-4.805354
189.514900,-4.496592
191.129900,-4.550714
192.268300,-4.494689
193.835400,-4.151958
194.825500,-4.826261
195.942700,-4.794369
197.715300,-4.456814
199.022000,-4.991287
199.910400,-4.650219
201.547400,-4.560643
202.971500,-4.543223
204.491300,-4.868199
205.973800,-4.878468
206.989500,-4.684274
208.217400,-4.869732
209.558900,-4.464088
210.987800,-4.219988
211.852100,-4.724277
213.592200,-4.711666
214.467700,-4.644309
216.061500,-4.745173
217.303500,-4.573586
218.981600,-4.110886
219.934400,-4.760756
221.365600,-4.079788
222.660000,-4.307828
224.129200,-4.510313
225.789400,-4.523967
226.697200,-4.630606
228.337000,-4.737976
229.658000,-4.665508
230.608500,-4.991736
232.182000,-4.154974
233.608200,-4.986713
235.094800,-4.464814
236.020400,-4.074161
237.134200,-4.194240
238.396600,-4.736392
240.029300,-4.440752
240.923600,-4.961983
242.884800,-4.815310
244.088400,-4.944189
245.503400,-4.599586
246.810600,-4.914011
247.897200,-4.574018
249.217300,-4.500206
250.058100,-4.541824
251.997000,-4.129558
253.273100,-4.661814
254.472100,-4.568906
256.246600,-4.546796
257.103900,-4.670339
258.539500,-4.693954
260.054900,-4.453516
261.557900,-4.742002
262.471200,-4.804305
263.963100,-4.921319
265.085400,-4.584121
266.405500,-4.558074
267.746900,-4.513692
269.470700,-4.690201
270.054900,-4.177366
271.843000,-4.246543
273.036200,-4.584035
274.244300,-4.681822
275.929700,-4.378221
277.303300,-4.691806
278.779600,-4.532471
279.647500,-4.601012
281.181300,-5.038941
281.799600,-4.661638
283.590400,-4.582234
284.517200,-4.444350
286.127100,-4.517395
287.637000,-4.703999
288.550900,-4.486324
290.307300,-4.632955
291.566200,-4.708891
292.729900,-4.790504
294.508700,-4.710825
295.376300,-4.778917
296.587600,-4.144960
298.268600,-4.699471
299.841200,-4.753115
300.811600,-4.585560
301.946500,-4.426544
303.007000,-4.263588
304.650900,-5.100202
305.570100,-4.735954
307.500300,-4.687796
308.338000,-4.499559
310.003100,-4.464333
311.179100,-4.117120
312.705600,-4.491355
1.187932,-3.384305
2.084440,-3.652157
4.331554,-3.614764
5.125646,-3.871158
6.770522,-3.356623
8.049807,-3.699787
8.872298,-3.307588
10.293500,-3.067827
11.816800,-3.430376
13.156070,-3.236250
14.473300,-3.468384
15.780780,-3.827445
16.820460,-2.945566
18.527020,-3.382556
19.740750,-3.598792
20.895120,-3.374156
22.458510,-3.676181
23.304570,-3.091352
25.087280,-3.665293
26.467970,-3.102203
27.590130,-3.921393
29.289450,-2.981384
29.957030,-3.764785
32.102480,-3.695597
32.923350,-3.456239
34.234010,-3.366495
35.321180,-3.636334
37.016620,-3.594887
38.129060,-3.207364
39.804730,-3.869095
41.167930,-3.512003
42.239400,-3.481396
43.607650,-3.335436
44.611190,-3.504454
46.313960,-3.902987
47.556740,-3.404345
48.865080,-3.430871
50.119060,-3.666569
51.377880,-3.371450
52.878030,-3.654129
53.982170,-3.448331
55.638610,-3.404944
56.481190,-3.840286
58.348990,-3.620650
59.312590,-3.207978
60.734760,-3.504378
62.040270,-3.396164
63.325910,-3.301618
64.448850,-3.619824
66.336310,-3.024006
67.654810,-3.184781
68.800260,-3.504024
69.942890,-3.454064
71.136330,-3.398936
72.874510,-3.675195
73.997840,-3.457457
75.427570,-3.176450
76.401490,-3.473972
78.031310,-3.500652
78.738770,-3.356340
80.746090,-3.709175
81.553810,-3.605955
83.265300,-3.402346
84.557900,-3.496232
86.351020,-3.626712
87.197560,-3.385277
88.472430,-3.435639
89.673510,-3.349347
91.191030,-3.007534
92.659010,-3.436615
94.031590,-3.484883
95.330070,-3.318995
96.494040,-3.150058
98.080960,-3.042360
98.797920,-3.721462
100.914600,-3.535633
101.707700,-3.353300
103.109200,-3.332263
104.427600,-2.992618
105.266300,-3.597667
107.377900,-3.342771
108.500200,-3.632558
109.900700,-3.361280
110.912600,-3.846126
112.056300,-3.418174
113.509200,-3.291061
115.217700,-3.504117
116.351500,-3.469165
117.852700,-3.349780
118.910400,-3.429477
119.909300,-3.587331
121.388400,-3.484416
123.277500,-3.183138
123.869500,-3.539777
125.181700,-3.256380
126.845900,-3.416813
128.308100,-3.365051
129.413100,-3.444398
130.919000,-3.967247
132.098300,-3.562858
133.511800,-3.506403
134.827400,-3.444624
136.087000,-3.480432
137.898700,-3.209367
138.705700,-3.437190
140.600300,-3.619772
141.085700,-3.370552
142.892300,-3.614211
144.242100,-2.946963
144.869400,-3.263596
146.872000,-3.496234
147.902500,-3.573281
149.358400,-3.433081
150.562700,-3.417530
152.312000,-3.304301
153.425800,-3.505951
154.850800,-3.346960
155.911000,-3.101940
157.368800,-3.423892
158.979400,-3.084927
159.880000,-3.369947
160.902400,-3.663644
162.715100,-3.617355
164.027300,-3.752824
165.208600,-3.254175
166.378200,-3.461091
167.511900,-3.332856
169.123400,-3.546428
170.433600,-3.759164
171.838400,-3.440315
173.086600,-3.859363
174.451900,-3.442962
175.811700,-3.484274
177.271000,-3.792469
178.218400,-3.275335
179.613200,-3.888290
181.645000,-3.534881
182.375900,-3.439514
183.676500,-3.713347
184.951600,-3.480056
186.562300,-3.535616
188.070200,-3.025525
189.294000,-3.135067
190.052600,-3.533661
191.717200,-3.324384
193.160300,-3.317336
194.367800,-3.335796
195.497400,-3.267768
196.860800,-3.354946
198.288700,-3.401700
199.676400,-3.432427
201.285500,-3.567700
202.329200,-3.412160
203.793900,-3.404987
205.170400,-3.716721
206.084000,-3.479873
207.535600,-3.378858
208.819300,-3.162963
210.309400,-3.076293
211.782500,-3.038007
212.926500,-3.664046
214.149800,-2.896201
215.332200,-3.401110
217.092100,-3.370192
218.114000,-3.426513
219.457000,-3.440378
220.744200,-3.554880
222.161300,-3.936733
223.372500,-3.334982
224.548200,-3.106830
226.473400,-3.292571
227.395900,-3.315986
229.141300,-3.494077
230.039200,-3.453850
231.228200,-3.169363
232.698000,-3.652126
234.323700,-3.033337
235.290500,-3.391939
236.667500,-3.667595
237.755700,-3.270513
239.614800,-3.732675
240.710900,-3.457066
241.532300,-3.762095
243.471400,-3.192716
244.547500,-3.727549
245.619200,-3.494570
247.718600,-3.423916
248.211700,-3.353947
249.850600,-3.386054
251.187600,-3.157931
252.487300,-3.394953
253.499600,-3.407999
254.680900,-3.601944
256.851500,-3.097045
257.592000,-3.616936
259.284400,-3.389755
260.583900,-3.188855
261.505900,-3.422250
263.167400,-3.393820
264.649500,-3.909032
265.730300,-3.549458
266.956400,-2.917010
268.364000,-3.732293
269.412500,-3.711076
270.544100,-3.206842
272.042100,-3.522956
274.042600,-3.167388
275.183300,-3.073018
276.819800,-3.670327
277.827800,-3.385992
279.208700,-3.641664
280.239000,-3.516799
281.577100,-3.303304
282.857400,-3.292802
284.519100,-3.465989
285.597500,-3.603970
286.762400,-3.934838
288.243500,-3.070939
289.482800,-3.240252
290.774200,-3.476815
292.199400,-3.448296
293.356300,-3.286651
294.832800,-3.127774
295.988300,-3.305843
297.381000,-3.222093
299.086300,-3.119436
300.135000,-3.421286
301.691500,-3.231683
302.798900,-3.993008
304.251800,-3.209379
305.420100,-3.877260
306.669700,-3.365480
307.992900,-3.867290
308.832600,-3.442272
310.535700,-3.253475
311.743200,-3.037334
313.604500,-3.136908
0.829114,-2.727060
1.842782,-2.477412
3.544073,-2.374278
4.944461,-2.595277
5.538538,-2.592845
7.150212,-2.231118
8.411121,-2.132436
9.928412,-2.560567
11.185650,-2.460502
12.511540,-2.274086
13.842160,-2.717618
14.759920,-2.391052
16.050980,-2.263072
17.475540,-2.661307
18.822770,-2.146765
20.440770,-2.374311
21.625940,-2.581245
22.943790,-2.201071
24.391600,-2.500834
25.948790,-2.233722
26.948320,-1.749939
28.700100,-2.201780
29.630970,-2.481040
31.180630,-1.784627
32.570140,-2.482075
34.016340,-1.969411
34.937390,-2.318582
36.421990,-2.247510
38.131570,-2.433100
38.779920,-2.232611
40.223070,-2.568483
41.673440,-2.603794
42.885100,-2.287137
44.450790,-2.285092
45.199130,-2.300569
46.872970,-2.494703
48.051860,-2.653228
49.990110,-2.315857
50.943510,-2.758107
52.117560,-2.284797
53.274830,-1.911072
54.476590,-2.313597
56.177940,-2.824049
56.968830,-2.468426
59.149890,-2.645630
60.587990,-2.075410
61.033700,-2.392660
62.330990,-1.946942
63.962670,-2.131401
65.010280,-2.426291
66.948560,-2.397804
68.013810,-2.290717
69.050830,-2.429635
70.420810,-2.151064
71.767120,-1.911929
73.068980,-2.685298
75.109850,-2.514559
75.941620,-2.381660
77.363630,-2.282413
78.611920,-2.243505
79.964710,-1.786864
81.447080,-1.887985
82.544330,-2.443001
83.590890,-2.328220
85.073550,-1.933843
86.152030,-2.271953
87.847270,-2.276234
89.684220,-2.342017
90.477840,-2.192061
91.894570,-2.452079
92.898700,-2.120888
94.463530,-2.407833
95.790570,-2.183464
97.131130,-2.293993
98.427280,-2.288914
99.550140,-2.035221
100.986500,-2.271901
102.197800,-2.803701
103.587800,-2.428391
105.109300,-2.440162
106.043900,-1.833367
108.231700,-2.140989
108.848200,-2.073560
110.421200,-2.132738
111.680800,-2.341559
113.214500,-2.243014
114.333500,-2.538895
115.578800,-2.344297
117.056400,-2.030749
118.212300,-1.847546
119.498500,-2.326400
120.493000,-2.594270
122.591100,-2.625022
123.604600,-2.115522
124.871400,-2.543278
125.861100,-2.649808
127.540100,-2.292251
128.968300,-2.764993
130.132000,-2.565315
131.217500,-2.206743
132.412800,-2.338269
134.263000,-2.195482
135.249000,-2.204454
136.450500,-2.698834
138.182600,-2.369964
138.879000,-2.257134
140.747700,-2.098913
142.080700,-2.318619
143.371100,-2.250974
144.545300,-2.387577
145.810300,-1.928155
147.401800,-2.415231
148.853200,-2.369832
149.666000,-2.611443
151.327500,-2.277178
152.404900,-2.415442
153.886300,-2.158194
155.389500,-2.791554
156.474200,-2.294283
158.302200,-1.947706
159.275900,-2.353223
160.955800,-2.144926
161.657900,-2.534987
163.194000,-2.063856
164.715600,-2.382775
165.354000,-2.336619
167.184100,-2.295386
168.654600,-2.071937
169.846000,-2.283659
171.619900,-2.400359
172.505000,-2.238937
173.737900,-2.512130
175.487700,-1.886753
176.205200,-2.044360
177.701700,-2.475364
178.673500,-2.514133
180.486600,-2.023511
181.875200,-1.938513
183.447200,-2.250080
184.459000,-2.380451
185.743100,-2.269828
187.158100,-2.302409
188.754700,-2.383572
189.667400,-2.601223
190.671000,-2.252855
192.277600,-2.091425
193.964400,-2.046283
195.005300,-2.378116
196.515100,-2.331137
197.732700,-2.066277
198.816900,-2.282835
200.736800,-2.516206
201.513200,-2.303661
203.049500,-2.735813
204.369200,-2.199138
205.147900,-2.445753
207.067600,-2.758573
208.040800,-2.427401
209.479200,-2.288105
211.036500,-1.982106
212.223900,-2.488440
213.684800,-2.281317
215.322400,-2.365496
216.314300,-2.372550
217.670100,-2.366771
218.826200,-2.252662
219.797500,-2.072004
221.407000,-2.567485
222.634400,-1.893831
224.119000,-1.765571
225.304700,-2.840209
226.724800,-2.448863
228.215600,-2.189966
228.915800,-2.539818
230.889800,-1.975735
231.943400,-2.195636
233.593100,-2.411514
234.530400,-2.562830
236.086200,-2.063861
237.225900,-2.543681
238.649300,-2.332703
239.889600,-2.802406
241.327500,-2.372683
242.609900,-2.332424
243.566500,-2.296913
245.499000,-2.473786
246.919200,-2.131415
247.647800,-2.597482
249.345900,-2.738471
250.550500,-2.006106
252.130500,-2.532238
253.064200,-2.167565
254.761600,-2.041159
255.754100,-1.782806
257.264400,-2.437078
258.714600,-2.694887
260.314500,-2.356076
261.105900,-2.066473
262.387400,-2.291402
263.467700,-1.930405
265.106900,-1.853480
266.546200,-2.209168
267.743800,-2.116066
269.051000,-2.247122
270.237000,-2.411122
271.880100,-2.260953
273.276900,-2.468267
273.841500,-2.373489
276.045300,-2.198535
277.051500,-2.317014
277.913100,-2.689109
279.509800,-2.228067
281.324200,-2.217121
281.884600,-2.644568
283.671600,-1.742491
284.964800,-2.365053
286.342800,-2.252071
287.806100,-2.142770
289.310000,-2.297360
290.128200,-2.264506
291.579400,-2.267910
292.685600,-2.594859
294.256200,-2.302882
295.350300,-2.811391
296.791100,-2.181811
298.192900,-2.233013
299.392600,-2.027968
300.706500,-2.335752
302.547300,-2.355156
303.177800,-2.048247
304.499800,-2.508869
305.800100,-1.993792
307.348900,-1.832077
309.171300,-2.229362
310.102200,-2.668010
311.820800,-2.542870
312.306700,-2.637148
1.188858,-1.190767
3.044219,-0.908129
3.916309,-0.865152
4.781700,-1.116544
6.762532,-1.613858
7.848751,-1.145773
9.233606,-1.152409
10.204320,-1.347300
11.720430,-1.204028
13.118970,-0.990930
14.679120,-1.416497
15.307350,-1.151696
16.655510,-1.489546
18.390360,-1.553619
19.738880,-1.148387
20.681960,-1.104423
22.789370,-1.390845
23.736910,-1.150554
24.921420,-1.283105
26.096390,-1.342483
27.987370,-1.381593
28.847850,-0.874358
30.066040,-1.144221
31.448790,-1.428467
32.952500,-1.223622
34.529210,-0.722140
35.568630,-1.152346
37.054310,-1.148320
37.955380,-1.034087
39.529500,-1.089387
40.862520,-1.431478
42.365520,-0.986357
43.554290,-0.930080
45.388420,-1.067893
46.365040,-0.970242
47.364030,-1.636414
49.194660,-1.109653
50.464220,-1.347393
51.463500,-1.215720
52.807660,-1.259484
53.774570,-1.043190
54.910350,-1.208438
56.261020,-1.290777
58.203070,-1.102653
59.123960,-1.057244
60.670250,-0.996541
62.030580,-1.399979
63.295080,-1.489447
64.965070,-0.925507
65.517070,-0.934035
66.928180,-1.097320
69.121320,-1.381182
69.810420,-1.192775
71.386490,-1.111195
72.945040,-0.902878
73.961910,-0.983875
75.251530,-1.132566
76.230440,-1.026822
78.102910,-1.249688
79.698420,-1.158669
80.589150,-1.134581
81.911020,-0.818373
82.860590,-1.164151
84.573000,-0.621122
86.259990,-1.076026
87.478870,-1.281936
88.818630,-0.922546
89.663060,-1.476692
91.200380,-0.793971
92.361050,-1.414989
93.788400,-1.098487
95.070000,-1.340520
96.623300,-0.820434
97.271330,-1.193577
99.491880,-0.976871
100.801100,-1.155266
101.630500,-1.214486
103.051400,-0.734758
104.099500,-1.571218
105.781100,-1.686699
106.635000,-1.262387
108.490200,-1.001545
109.630400,-1.254685
110.860900,-1.244844
112.338800,-1.027893
113.816300,-1.093881
114.829700,-0.909008
115.932700,-1.204300
117.841100,-1.220803
118.850700,-1.325005
120.168500,-1.155053
121.514400,-1.161446
122.680700,-1.629377
124.073600,-0.744048
125.451700,-1.194297
127.114800,-0.857816
128.292100,-1.447710
129.333300,-1.316939
130.440000,-1.379885
132.170300,-1.147678
133.635500,-1.235433
134.267200,-1.201997
136.053500,-0.735234
137.374500,-0.781911
138.771900,-1.108686
140.085400,-1.223603
141.268500,-1.273951
142.866300,-0.846617
143.931000,-1.076731
144.929600,-1.462626
146.542300,-1.310089
147.864400,-1.517830
149.567600,-1.055112
150.942700,-0.749406
151.451400,-1.277288
152.824800,-1.179508
154.868900,-1.442527
155.544400,-1.174954
157.237900,-0.966233
158.618100,-1.375161
159.830000,-0.604034
161.334600,-0.880378
162.439300,-1.335677
163.973000,-1.135153
164.997200,-0.901989
166.300200,-1.223271
167.713200,-1.081865
168.834300,-1.405445
170.245800,-1.089856
171.576700,-0.941523
173.462100,-1.063280
174.852500,-0.758609
176.041100,-1.134555
177.500900,-1.437174
178.771700,-1.140436
180.033100,-0.816153
180.665300,-1.340651
182.586000,-0.992712
183.587300,-1.245361
185.006700,-0.936805
186.272000,-1.046091
187.500500,-1.444036
189.119800,-1.686370
190.323600,-1.019443
191.810300,-1.261627
192.872700,-1.362222
194.475800,-1.216836
195.525400,-0.673312
196.789800,-0.663083
198.207900,-1.383700
199.577800,-1.148400
200.793800,-0.997859
202.127500,-1.207402
203.142000,-0.947445
205.390200,-1.358772
206.164000,-1.519946
207.758100,-1.497632
208.888900,-1.078408
209.742100,-0.981581
211.294300,-1.484468
213.205400,-1.285783
214.320400,-0.815514
215.685800,-1.060128
217.128300,-1.263414
217.976400,-1.344046
219.050600,-1.262710
221.088300,-1.154547
222.177800,-1.073099
223.721400,-0.868903
224.946700,-1.408154
226.151900,-0.876473
227.145400,-1.087020
228.559000,-0.927428
230.260700,-1.656436
231.720300,-0.886956
232.266100,-0.785798
233.757000,-1.141783
235.190600,-0.887955
236.290800,-1.302425
237.946200,-1.191094
239.261500,-1.212216
241.073700,-1.374130
241.737400,-1.396816
243.029000,-1.263375
244.926600,-0.967273
245.655600,-1.217930
246.965900,-1.112808
248.537400,-0.831327
250.400300,-1.114170
250.917100,-1.044189
252.351400,-0.930781
253.388800,-0.832918
255.504100,-1.011250
256.353600,-1.377289
257.799500,-1.125351
259.021900,-1.015104
260.122300,-0.862661
261.704300,-1.184463
263.347400,-1.002931
264.430300,-1.200863
265.944700,-1.244208
267.134500,-1.123363
268.720000,-1.234924
269.193900,-1.138690
271.134000,-1.173977
272.529700,-0.898192
273.179000,-1.152017
275.463300,-1.137405
276.322700,-1.152904
277.339100,-0.976841
279.433100,-0.969931
280.327800,-1.167005
281.489000,-0.815233
283.116400,-1.144096
284.444900,-1.646906
285.627600,-1.036980
286.742100,-0.921225
288.394700,-1.359113
289.823300,-1.279305
291.068100,-0.741557
291.823500,-1.319858
293.483200,-1.423572
294.711200,-1.136889
295.670500,-1.147937
297.502000,-1.166352
299.015100,-1.567047
299.975300,-1.146995
301.095200,-0.934923
302.821900,-1.210959
304.095100,-1.118544
304.922500,-0.877837
306.686400,-1.087328
308.454700,-1.383668
309.420300,-1.069816
310.744000,-1.568415
311.842300,-1.540165
313.592900,-1.350350
0.868860,-0.089304
1.787677,-0.120206
3.077549,-0.206995
4.585070,-0.106022
5.741035,-0.151357
7.220302,-0.501688
8.488307,0.435724
9.504391,0.230563
11.131690,-0.264420
12.489090,-0.195580
13.516350,-0.374167
15.167330,0.098952
16.906610,-0.118388
18.070740,-0.183686
18.792710,0.054123
19.934120,-0.291648
21.971870,-0.183728
22.670400,-0.073335
24.622590,0.387483
25.686050,0.016083
26.721400,-0.063274
28.337740,-0.008980
29.681090,-0.553150
31.413460,-0.144380
32.098460,0.367560
33.747920,0.117730
35.072810,0.370620
35.826050,0.066315
37.808110,0.198912
39.374300,0.200451
40.433410,-0.165621
41.749870,-0.342617
42.998120,-0.115886
44.278950,-0.064031
45.842150,0.316968
46.880100,0.243922
48.208160,0.359811
49.516200,0.029567
50.686670,0.001807
51.945650,0.029359
53.586410,-0.338348
55.142720,0.027342
56.140090,-0.012137
57.274940,0.081649
58.507920,-0.027987
59.737050,-0.054535
61.568190,0.108190
62.949500,-0.114014
63.839160,-0.486403
65.102420,0.100703
66.506410,-0.209629
68.001690,0.004909
69.314620,-0.055924
70.807880,-0.245579
71.750900,0.185658
73.558300,0.307561
74.564960,-0.031385
75.578670,0.005763
77.614860,0.128605
78.324760,0.409894
80.307170,-0.135066
81.235820,0.026272
82.225880,0.055144
83.388120,-0.120371
85.125110,0.214065
86.630130,-0.238811
87.709090,0.527391
89.258110,-0.179311
90.290060,-0.222870
92.207700,-0.082624
92.989360,0.442473
94.383080,0.051460
95.710880,-0.272919
97.105400,0.404333
98.942810,-0.018673
99.541070,0.284576
101.188300,-0.000240
102.642800,-0.040058
103.743100,-0.002787
104.930900,-0.226730
105.933700,-0.320916
107.542800,0.170224
109.036800,0.445075
110.258300,-0.556714
111.529900,-0.148933
113.091400,-0.237063
114.114700,-0.092073
115.672100,-0.256885
117.085000,0.282089
117.776000,0.195647
119.642100,0.007117
121.089400,-0.331840
122.098100,0.180986
123.128900,0.232509
124.881600,0.067141
126.219000,0.221434
127.512400,0.077886
128.671800,0.149696
130.253700,0.321517
131.966000,0.057607
132.746600,0.309599
134.004200,-0.159030
135.457600,-0.461585
136.881300,0.100842
137.981700,-0.003045
139.797100,-0.063607
140.711000,-0.005543
142.431000,-0.110378
143.180200,-0.012463
144.495400,-0.187009
145.651300,0.231940
147.016500,-0.062984
148.535900,0.066158
150.420400,0.287974
151.217400,0.487089
152.694600,0.077867
153.976400,-0.054420
155.463000,0.122995
156.729800,0.541377
157.942000,0.042892
159.769300,0.243263
160.456500,0.007385
161.853600,-0.020870
163.478400,0.134617
164.734500,0.534098
165.646900,0.155199
166.991400,0.362509
168.193600,-0.204860
169.871300,0.022614
171.159600,0.044746
172.064200,0.110569
173.726500,0.331910
175.600000,0.056955
176.472100,-0.452344
177.791400,0.082462
178.657300,-0.072264
180.333800,-0.012560
182.097900,-0.040957
182.985700,0.519010
184.347300,0.021663
185.670000,-0.038775
187.069400,-0.035323
188.370400,-0.028340
189.307900,0.076104
191.045300,0.011430
191.998800,-0.117750
194.052300,-0.118188
194.641300,0.446868
196.192900,-0.074704
197.869700,-0.073648
198.839700,-0.450193
200.211000,-0.122924
201.583200,0.039861
202.900100,0.084369
204.241100,-0.004366
205.810900,-0.121331
207.186600,0.127642
208.218800,0.005896
209.060600,0.246998
210.975300,-0.516617
212.233700,-0.027731
213.614900,0.077164
215.265200,0.057851
216.532900,-0.371010
217.705800,-0.201496
218.518800,0.040893
219.838300,-0.142200
221.452700,-0.326121
222.577700,-0.150146
223.832500,0.351209
225.461700,0.159330
226.933000,0.314407
228.268000,-0.005012
229.146900,-0.227014
230.566100,-0.192684
231.810200,-0.168086
233.553600,-0.350845
234.657400,0.026482
236.031600,0.167062
237.335800,-0.095644
238.308100,-0.286109
240.007300,-0.140952
241.266400,0.056334
242.706900,0.148507
244.306500,-0.094115
244.904800,0.011471
246.592700,0.035810
248.357200,0.234012
249.226900,0.009034
250.721500,-0.176066
252.065600,-0.360697
253.242600,0.290442
254.741900,0.001436
255.608300,0.279243
256.728400,-0.010126
258.237100,0.241475
259.753000,0.468721
260.917900,-0.277967
262.478300,0.171120
264.068700,0.466600
265.388100,-0.184312
266.763800,-0.039373
267.636700,0.296433
269.054600,0.252824
270.710100,0.207058
271.380000,0.029601
273.205100,0.466656
273.779800,-0.074711
275.351200,-0.066185
276.973700,0.158955
278.534700,-0.426953
279.789300,0.303176
281.000500,0.064399
282.628400,-0.136494
283.646800,0.028717
284.487300,0.320581
286.196200,0.022026
287.529000,-0.329648
288.699800,0.137926
290.572300,0.161399
291.544000,0.013447
292.757900,0.063636
293.893800,-0.251396
295.397900,-0.300724
296.945000,0.464909
297.841500,0.302305
299.452500,0.008258
300.496800,0.164182
302.631700,0.187610
303.191400,-0.248544
304.691700,0.230610
306.403700,0.245125
307.374600,-0.043453
308.510300,0.057451
310.235400,0.345747
311.767600,-0.081549
312.762500,0.173196
0.891102,0.858277
2.298248,1.206694
3.920075,1.112609
5.504817,1.374314
6.550067,1.156775
7.853892,0.771122
9.249564,1.539750
10.580000,0.831288
11.801640,1.124387
13.162790,1.172302
14.526510,1.557336
15.542060,1.090591
16.887200,1.396030
18.323180,1.257832
19.677610,1.404901
20.830260,1.537417
22.314910,0.927553
23.775540,1.129938
25.236300,1.069630
26.418100,1.100080
27.335010,0.835672
28.928150,1.178183
30.435100,1.505380
31.560650,1.123019
33.211070,1.038272
33.919040,1.305147
35.630410,1.391091
37.280210,1.291374
38.256590,1.150038
39.817840,1.247807
41.003240,1.065191
42.219990,1.131623
44.105660,1.107629
44.416660,1.446565
46.408340,1.088796
47.828530,1.561003
49.158240,1.574339
50.135770,1.201379
51.555220,1.223964
52.837250,1.001863
54.124100,1.155886
55.408130,1.162791
57.255640,1.131527
57.704300,1.230377
59.496700,1.245570
60.257560,1.003845
62.591190,1.125938
63.412400,1.543859
64.761770,1.136320
65.912570,1.046649
67.012470,1.401991
68.616150,0.932003
69.736120,1.194594
71.517070,1.292879
72.525090,1.006544
74.003390,1.291641
75.179580,1.144354
76.542490,1.006675
77.818770,1.243010
79.219570,1.129767
80.585990,1.216869
82.031710,1.264827
83.224120,1.145594
84.541180,1.136904
86.123180,1.380501
87.579480,1.387058
88.506150,1.151736
89.661930,1.354565
90.876550,0.677870
92.941320,1.000539
93.920280,1.186105
95.121410,1.095223
96.430470,1.259134
97.638530,1.408041
99.109060,1.146646
100.406300,1.129954
101.774500,1.539353
102.992000,1.400880
104.357400,1.046978
105.860000,1.169064
106.606800,1.100491
108.221900,1.109824
109.900200,0.842722
110.997700,1.195927
112.274300,1.022552
113.711700,0.950998
114.905200,1.371608
116.037300,0.909408
117.190500,1.227522
119.083000,0.904367
120.183500,0.972287
121.500800,1.246098
123.253100,1.474398
124.268500,1.150587
125.528000,0.910894
126.633300,1.055339
128.100500,1.303904
129.329700,1.127859
130.978900,1.585399
132.323300,1.180601
133.157200,0.829736
134.872500,1.316710
136.149100,1.151086
137.854200,0.994619
138.858800,0.642824
140.056700,1.008885
141.390300,1.344613
142.993200,0.686191
144.203300,1.492743
145.486700,1.157592
146.867800,0.868317
148.306200,1.115894
149.583600,1.224191
150.577200,1.207157
152.242700,0.970895
153.298300,1.006552
154.309300,1.266654
155.979500,1.133579
157.249700,1.043579
158.790100,0.693861
159.840200,1.035107
161.102600,0.988383
162.561500,1.236709
164.220400,1.045956
165.268400,1.145287
166.524400,1.122754
167.586500,1.317085
169.210500,1.108345
170.828700,1.068927
171.972600,1.238037
173.080900,1.101914
174.431000,1.188906
176.121900,0.700069
176.738100,1.368135
178.543300,1.004011
179.735500,1.146985
181.081600,0.630677
182.410400,1.136810
183.720000,1.159599
184.927000,1.042969
186.356900,1.160335
187.944800,1.140585
189.454300,0.918571
190.131100,1.096840
192.114100,1.485588
192.668900,0.901171
194.609500,1.201137
195.651800,1.096964
197.105700,1.440733
198.324600,0.675262
199.611900,1.147264
201.034100,1.304125
202.198000,1.443356
203.318100,0.726545
204.917900,1.192281
206.459000,0.718911
207.559500,1.094093
209.074400,1.069176
210.233800,1.171123
211.481900,1.107447
212.575400,1.287389
214.405200,1.340184
215.268600,1.586222
216.343400,0.899160
217.779200,0.849971
219.516500,1.427572
220.254300,1.351667
222.016300,1.085381
223.824900,1.086801
224.666300,0.719194
226.530600,1.077705
227.478900,1.497831
228.800600,1.081638
229.945400,1.372076
231.189500,1.030758
232.576500,0.826973
233.445900,1.128576
235.731000,0.788171
236.707400,1.095714
237.954600,0.945387
239.337200,1.657553
240.768900,1.222796
241.913100,1.099155
243.035100,1.050214
244.259900,1.602775
245.927800,1.113344
247.307600,1.358433
248.420400,0.869360
249.760700,0.997083
250.947600,1.442413
252.691700,1.527452
253.766600,1.264554
255.179900,0.995901
256.565100,1.000828
258.225600,1.047846
259.313000,1.409465
260.467000,1.117208
262.072500,1.360834
262.630400,1.342533
264.558200,1.158857
265.649900,1.260871
266.797900,0.779750
268.079900,1.178111
270.141100,0.887312
271.197300,1.079965
271.915600,1.136494
273.710600,1.243275
275.018900,1.147081
276.702100,0.899672
277.323800,1.482203
279.074900,1.077010
280.789200,1.055898
281.610300,1.161688
282.899400,1.701087
284.269000,0.973632
285.562900,1.098329
287.024200,0.753465
288.232900,1.138759
289.506000,1.169041
291.067000,1.297709
292.295300,1.199420
293.440200,1.125113
295.090100,0.935775
295.789400,1.454256
297.362300,1.670912
298.832700,1.560794
300.148900,1.328889
301.822900,1.092276
302.863700,1.210125
303.808000,0.777533
305.547500,1.207599
307.206700,1.025753
308.168600,0.779949
309.420900,1.133473
310.379200,1.249647
311.805000,1.655075
313.370700,0.943598
0.421820,2.294356
1.649198,2.294420
2.950444,2.269233
4.316274,2.087976
5.857603,2.315361
7.178804,2.297582
8.578761,2.292736
9.452884,2.389970
11.142930,2.291120
12.700650,2.514988
13.990900,2.202040
14.968700,2.199823
16.279560,2.118193
17.763280,2.286931
19.072480,2.308006
20.190780,1.787954
21.617460,2.293474
23.030010,2.351868
24.724630,1.960636
25.946020,2.502850
26.751820,2.009351
28.328470,2.688005
29.763010,2.570576
30.864880,2.411941
32.594730,2.609771
33.394280,2.540660
34.855010,2.706266
36.273620,2.296090
37.591580,2.268611
38.871460,2.331726
40.029270,2.653731
41.319920,2.743612
42.993030,2.187782
44.115850,2.327478
45.838890,1.843475
46.859250,2.245289
48.103390,2.302328
49.322560,2.401614
50.852630,2.118884
52.075700,2.335209
53.529240,2.008054
54.644960,2.345850
56.181540,2.369321
57.212870,2.314014
58.549240,1.899938
60.125020,2.271397
61.675150,2.313097
62.705410,2.784117
63.918060,1.894832
65.022010,2.625846
66.470710,1.902301
67.912510,2.546269
69.345510,2.708053
70.696900,2.031466
71.613140,2.173975
73.607320,2.253303
75.072430,2.331895
75.771720,2.201053
77.801040,2.263415
78.874010,2.194463
79.762140,1.927472
80.982370,2.157323
82.600480,1.886858
83.655630,2.395371
85.585010,2.313203
86.426030,2.193384
87.298180,2.278090
88.911150,2.207984
90.886120,2.623697
92.192120,2.703114
93.047330,2.136801
94.577030,2.371015
95.568300,2.382672
97.230590,2.605343
98.119580,2.522748
99.696180,2.539028
100.900200,2.215578
102.107700,2.613185
103.221200,2.318045
104.844500,2.368850
105.923300,2.213275
107.727800,2.327284
109.134800,2.341367
110.303700,2.292912
111.463800,2.328240
112.783400,2.625728
114.838800,2.421302
115.811400,2.111895
117.122600,1.861455
118.374300,2.275789
119.686900,2.011788
121.212100,2.394338
122.408700,1.959907
123.672600,2.314505
124.881900,2.083200
126.315300,2.270265
127.078100,2.542608
129.090000,2.154348
130.125800,2.205059
131.509200,2.337935
132.542100,2.097954
134.361400,2.489881
135.568200,1.956450
136.937900,2.119635
137.951000,2.331461
139.481200,2.088520
140.466400,1.870886
142.097100,2.280545
142.949100,1.969249
144.713000,2.111163
146.169700,1.743195
147.254000,2.138427
148.750700,2.451841
149.868600,2.691849
151.460600,2.381535
153.130300,2.054585
153.897700,1.865181
155.341900,2.019270
156.503700,2.496566
158.012600,2.247802
159.039800,2.554152
160.647800,2.353435
161.907700,2.298618
163.243000,2.251650
164.469100,2.322269
166.295700,2.335241
167.378900,2.151139
168.738000,2.288933
169.544200,2.240087
171.115600,1.920797
172.449800,2.273787
173.823500,2.314888
175.087600,2.007042
176.621600,2.378941
177.792300,2.280823
179.252500,2.454103
180.236700,1.783818
181.525600,2.681678
182.778800,2.352865
184.199600,2.206025
185.204800,2.386107
187.201600,2.402022
188.032900,2.238984
189.924500,2.262895
190.566800,2.103609
192.259700,2.346477
193.793400,2.312205
195.322600,2.281946
195.765400,2.380375
197.787700,2.350987
199.189600,2.138858
200.208200,2.008900
201.697400,2.413288
202.896300,1.770483
204.100700,2.256515
205.539400,2.234362
207.005700,1.877490
208.000400,2.367797
209.554700,2.350306
211.267600,2.143526
211.932700,2.617075
213.219700,1.915476
214.585500,2.138779
216.224700,2.694150
217.453900,2.436910
218.458900,2.574256
220.071900,2.276634
221.359600,2.401557
222.710600,1.822623
224.002400,1.959061
225.292200,2.288241
226.965600,2.209223
228.451500,2.630192
229.608900,2.532241
230.386000,2.066827
231.876700,2.286892
232.979200,2.341089
235.066600,2.667754
235.824200,2.470069
237.079300,2.229287
238.623000,2.078525
239.915200,1.980837
241.271100,2.328955
242.781700,2.797224
244.048200,2.411008
245.532200,2.114947
246.394600,1.799015
248.158600,2.107431
249.522600,2.363740
250.206500,1.957417
251.867300,2.295001
253.112200,2.268303
254.468600,2.436716
255.783300,2.321886
257.069300,2.184629
258.067800,2.650095
259.430900,2.408163
261.314600,2.091047
262.477600,2.399709
263.788600,2.318336
265.263000,1.991315
266.264100,2.472374
267.288400,2.088996
268.855900,2.552648
270.409200,2.278976
272.005200,2.159440
272.819300,2.192336
274.495100,2.381989
276.003700,2.024961
277.090100,2.156898
278.296400,2.431042
279.215000,1.935510
280.948500,2.287954
282.711300,2.557813
284.014900,2.347238
284.926000,2.290679
286.248700,2.293310
287.271300,1.879789
288.923200,2.508047
290.412300,2.058703
291.374800,2.165675
292.725300,2.319350
293.710000,2.178469
295.669700,2.396695
297.287800,2.317905
298.387300,2.105166
299.196000,2.286882
301.276600,2.022762
302.107800,2.341428
303.426400,2.285829
304.433500,2.269034
306.170000,2.285747
307.458800,2.200212
308.988100,2.233336
310.048200,2.151333
311.292400,2.292518
312.655400,2.370549
1.003511,3.770105
2.319851,3.290475
3.979947,3.471055
5.624167,3.501845
6.488447,3.432478
7.780087,3.421215
8.884191,3.641405
10.459300,3.216028
11.984180,3.844992
13.101090,3.445235
14.161240,3.272046
15.870680,3.592469
17.000000,3.181968
18.612980,3.617486
19.680360,3.441003
21.506820,3.327330
22.461570,3.384775
23.913960,3.306870
25.189670,3.853558
26.488370,3.481597
27.616660,2.979321
28.868030,3.533069
30.172870,3.336921
31.362910,3.194231
33.215760,3.870228
34.296090,3.445704
35.921420,3.736909
37.218350,3.730571
38.380240,3.445663
39.328400,3.360403
41.404310,3.627210
41.878430,3.348373
43.775230,2.925913
44.983590,3.297385
45.887500,3.798433
47.643560,3.252938
49.133210,3.683330
50.311670,3.489639
51.329850,3.489494
52.940990,3.391930
54.135150,3.449921
55.696550,3.451103
56.717660,3.362409
57.949330,3.582850
59.511580,3.331414
60.915770,3.488719
62.543560,3.503520
63.606410,3.255120
64.893170,3.390176
66.136540,3.399537
67.001830,3.433325
68.342360,3.548506
69.890400,3.410063
71.156110,3.624890
72.815770,3.361256
73.795230,2.958317
75.646790,3.053515
76.924000,3.460435
77.642000,3.672452
78.966710,3.789329
80.576840,3.222228
81.803130,3.532455
82.998180,2.930696
84.240100,3.458550
85.943560,2.888476
87.067210,3.559908
88.494480,3.452591
89.831100,3.425773
91.412280,3.129067
92.236760,3.388262
93.393490,3.107330
95.056810,3.335086
96.471270,3.359776
97.711370,3.348581
99.116810,3.451873
100.521300,3.042188
101.904700,3.524786
103.581300,3.462145
104.403400,3.669544
105.347600,3.398312
106.934000,3.376519
108.138500,3.697562
110.023100,3.714165
111.097500,3.436436
112.326500,3.260077
113.690500,3.560639
114.969600,3.502927
116.280500,3.428719
117.574400,3.479144
118.708100,3.368993
120.256000,3.426297
121.576300,3.436395
122.907900,3.416103
124.652300,3.094476
125.792400,3.309307
126.605100,3.266135
128.232500,3.917528
129.682300,3.513390
130.894300,3.342012
132.143500,3.112796
133.715000,3.111142
134.764700,3.604158
136.341500,2.919734
137.454600,3.982323
139.207400,3.156191
139.898600,3.675820
141.492200,3.813015
142.795600,3.209929
143.696400,3.777343
145.798900,3.318957
146.890100,3.510232
148.347700,3.463970
149.017800,3.087752
150.848600,3.481624
152.023000,3.445170
153.351500,3.421783
154.618600,3.317359
156.132800,3.534750
157.094700,3.502536
158.113500,3.200567
159.521200,3.742759
160.944000,3.451797
163.044300,3.120815
163.988500,3.181685
165.463200,3.363854
166.554400,3.413898
167.859200,3.564825
169.207200,3.449220
170.698800,3.322559
171.493300,3.224995
173.659100,3.499800
174.538600,3.220684
176.160100,3.602820
176.762000,3.657727
178.444400,3.469294
179.483100,3.709733
181.080800,3.432621
182.408700,3.398189
184.078100,3.237604
185.188200,3.603407
186.571600,3.213770
187.997300,3.309204
188.978900,3.520229
189.935100,3.469387
191.933200,3.539500
193.108700,3.959625
194.735400,3.566027
195.624000,3.398037
196.942700,3.619752
198.488300,3.417322
199.719600,3.413610
201.119900,3.616168
202.441700,3.265224
203.997800,3.506135
205.411300,3.656237
206.103300,3.264499
207.517000,3.484799
208.553800,3.544371
210.193200,3.615736
211.330600,2.965611
213.017100,3.284298
214.444400,3.632942
215.223300,3.596984
216.448300,3.472353
217.988200,3.031432
219.695900,3.136215
220.672300,3.396093
221.977400,3.191292
223.222800,3.572558
224.778100,3.254714
226.325400,3.617451
227.282300,3.322617
229.050500,3.333559
230.028400,3.441514
231.431800,3.261206
232.595400,3.240193
234.178600,2.962648
235.102000,3.706631
236.810400,3.598981
238.187500,3.150801
239.287000,3.541605
240.609800,3.445964
242.196300,3.440746
243.004900,3.761904
244.606400,3.403242
245.909700,3.556725
247.325900,3.357126
248.585900,3.764395
250.044500,3.578775
250.876600,3.613047
252.856700,3.266302
253.455200,3.125979
255.182000,3.099787
256.080800,3.423831
257.542100,3.301818
258.881300,3.544098
260.656100,3.362127
261.755100,3.397825
263.452100,3.793481
264.857000,3.436426
265.735200,3.400920
267.159700,3.065253
268.414600,3.453801
269.976800,3.171625
270.820000,3.626716
272.484500,3.381736
273.725000,3.402626
275.161900,3.913510
276.373000,3.370391
277.645100,3.444541
278.998300,3.472041
279.950900,3.702952
281.588600,3.450068
283.065700,3.099697
284.405200,3.513831
285.206800,3.704623
286.744100,3.448100
288.260900,3.442398
290.026700,3.181556
291.077000,3.259063
292.153800,3.133666
293.156800,3.819665
294.933400,3.384655
296.100100,3.405022
297.337400,3.336146
299.226500,3.315902
300.543000,3.598958
301.458100,3.585034
302.485300,3.316313
303.605000,3.211585
305.413000,3.505675
306.602800,3.215842
307.582800,3.503874
309.167500,3.307325
310.424100,3.729089
311.861000,2.920295
313.391100,3.554076
0.811276,4.678191
2.039899,4.387898
3.159497,4.525112
4.587727,4.939844
6.043845,5.001569
7.399721,4.767158
8.371285,4.581518
9.849941,4.526610
11.114570,4.357607
12.690240,4.548722
14.086750,4.356012
14.742350,4.740815
16.038010,4.546081
17.711630,4.518764
19.041140,4.799955
20.487500,4.714404
21.919850,4.835496
23.045800,4.633212
24.353550,4.063460
25.596300,4.482995
27.020300,4.635356
28.494460,4.931784
29.694090,5.006752
30.930340,4.650308
32.318910,4.851515
33.255420,4.237182
34.835550,4.924231
36.201100,4.400203
37.635520,4.910858
38.878210,4.673967
40.536510,4.323230
41.331690,4.939626
42.479900,4.262914
44.170060,4.567835
45.677860,4.370561
46.659790,4.803699
48.507210,4.715666
49.545650,4.754252
50.646210,4.386987
52.321340,4.577757
53.447240,4.474696
54.962950,5.085058
56.179120,4.560425
57.849820,4.828769
59.148140,4.610332
60.362360,5.020240
61.403100,4.493764
62.314040,4.559464
64.164250,4.425998
65.608730,4.107938
66.874890,4.222887
67.972830,4.553913
69.220600,4.681754
70.743660,4.233882
72.508490,4.565928
72.839400,4.366382
74.634000,4.542475
75.976070,4.582619
77.253490,4.573528
78.586870,4.476216
79.972400,4.553621
81.611850,4.462017
82.311840,4.898287
84.259250,4.461157
85.245890,4.804524
86.708080,4.088752
87.678420,4.893414
88.997880,4.486741
90.772150,4.714649
91.839880,4.565535
93.388470,4.098231
94.425090,5.072093
95.750440,4.733232
96.911590,4.737514
98.384850,4.629910
100.040600,4.550772
101.098800,4.606872
102.284300,4.748020
103.864300,4.683422
105.506900,4.712520
106.386300,4.716174
107.891700,4.426336
108.556900,4.794849
110.548900,4.107002
111.959100,4.237355
112.977900,5.142896
114.169800,4.062151
115.865600,4.806602
116.966200,5.110863
118.361200,4.859965
119.703400,4.284933
120.747100,4.559461
122.236900,4.355797
123.380500,4.272321
124.956800,5.075457
126.239100,4.103154
127.103000,4.411408
128.892200,4.579424
130.275900,4.438940
131.119200,4.423081
133.044400,4.296663
134.639500,4.779731
135.265300,4.837867
136.968500,4.512763
137.899700,5.001959
139.461300,5.076851
140.717900,4.558023
142.115800,4.529869
143.046500,4.880537
144.863500,4.667887
146.061900,4.630076
147.461300,4.264602
148.313200,4.165895
149.864700,4.138047
151.371000,4.226017
152.692900,4.738889
154.100900,4.973384
154.776700,4.534109
156.761800,4.722720
157.823100,4.495633
159.267000,4.579681
160.226600,4.651193
162.289700,4.442104
163.079700,4.690960
164.430600,4.708724
165.854000,4.530519
167.114800,4.869081
168.293000,4.461738
169.932100,4.652243
171.094100,4.857233
172.494000,4.587070
174.312500,4.778426
175.066500,4.138337
176.655300,4.496042
177.730300,4.490748
178.765400,4.292089
180.325000,4.779378
181.676300,4.374114
182.665400,4.699542
184.077500,5.030892
186.102900,4.940748
186.837500,4.317739
188.507100,4.205083
189.381100,4.311786
190.975600,4.136391
192.390800,4.567629
193.949100,4.126767
194.826400,4.642632
196.543300,4.791744
197.868900,4.529711
198.845300,4.866448
200.285400,4.761753
201.656500,4.772388
202.628600,4.277399
204.180500,4.516740
205.409600,4.658595
206.789000,4.342190
207.954100,5.048631
209.519100,4.413735
210.964100,4.038679
212.195800,4.556548
213.215000,4.902421
215.306200,4.600398
215.997700,4.555869
217.333000,4.562127
218.789300,4.581613
220.097800,4.640016
221.545800,4.678419
222.696800,4.513788
224.340600,4.618914
225.240100,4.630856
226.176900,4.696615
228.054000,4.580999
229.309500,4.513420
230.676800,4.544602
231.949200,4.704169
233.088200,4.141807
234.899400,4.689908
235.717700,4.692480
237.202800,4.624465
238.473600,4.046457
239.452800,4.499766
241.196200,4.477017
242.640000,4.941362
243.919900,4.699638
245.463100,4.097518
247.025500,4.864823
247.945200,4.848522
249.286800,4.834771
250.341700,4.771976
251.882200,4.946956
253.236800,4.399593
254.500900,4.332145
255.745800,4.503779
257.204700,4.433257
258.726500,4.496507
259.639800,4.775474
261.549500,4.651569
262.316400,4.796236
263.433700,4.825569
264.695500,4.271822
266.260300,4.660276
267.509700,4.393426
268.993500,4.471348
270.227000,5.059853
271.835200,4.968877
272.955800,4.087686
274.640800,4.552499
275.132100,4.623168
276.906200,4.066264
278.256000,4.522421
279.855100,4.484632
281.473300,4.552763
282.744000,4.505785
283.286400,4.206196
284.970600,4.619379
285.863500,4.614130
287.498000,4.949760
289.168200,5.038161
290.272500,4.617811
291.538700,4.706028
292.992000,4.807992
294.197600,4.695631
295.581100,4.631330
296.749600,4.525764
298.105600,4.176941
299.480100,4.620166
300.873200,4.681499
301.885000,5.034735
303.444100,4.559100
305.068200,4.445710
305.936000,4.639995
307.357200,4.785050
308.622000,4.593071
309.967100,4.767933
310.866300,4.753100
313.057200,4.778049
1.245940,5.809624
2.171728,5.849761
3.841218,5.816292
4.990353,5.625491
6.261270,5.707422
7.841743,5.620059
9.353470,6.209988
10.455540,5.786373
11.634590,5.865033
12.978530,5.978915
14.171290,5.333778
15.822700,5.810782
17.094760,5.717063
18.341380,5.980227
19.501620,6.102664
21.344100,5.822339
22.018270,5.855975
23.432330,6.202478
25.325550,6.111278
26.178630,6.222380
27.995200,6.096202
28.822690,5.455190
30.751930,5.776261
31.763540,5.570213
32.971390,5.770270
34.157590,5.577949
35.687630,5.816816
37.082710,5.673735
38.472340,6.208519
39.587670,5.680346
40.973480,6.018932
41.988960,5.822866
43.589000,6.031573
44.346940,5.660915
45.905730,5.287008
47.202870,5.885146
48.877760,5.900056
50.003090,5.649954
51.207330,5.637512
52.809370,5.733669
54.202530,6.198997
54.951110,5.475863
56.704500,5.693673
58.449730,6.112553
59.344490,6.071695
60.976290,5.469628
62.274440,5.619888
62.873650,5.532603
65.119350,5.781580
65.758770,5.566195
67.548190,6.021447
68.806400,6.145978
70.022890,5.646212
71.566530,5.315738
72.227970,5.596123
74.011830,5.826114
75.750190,5.680895
76.676800,5.593772
78.425600,5.787111
79.105550,5.303600
80.404290,5.742116
81.669350,5.707911
83.236040,5.654812
84.148560,5.570857
86.166940,5.930263
87.197600,5.707433
88.370210,5.808194
89.867760,5.593141
91.642170,5.527290
92.204710,5.702603
93.948840,5.639693
95.063870,5.539023
96.674720,5.391181
97.632080,5.853102
99.004880,6.225732
100.580700,5.269040
101.480400,5.707056
102.977300,6.237131
104.376700,5.740602
105.878000,5.546091
106.860400,5.334514
108.486000,5.512597
109.768900,5.848755
111.015000,5.864776
112.285200,6.227700
113.487300,5.602029
114.556300,5.413404
116.575400,5.678751
117.632500,5.605937
119.001700,5.912982
120.032600,5.484521
121.777700,5.914354
122.987700,5.544380
124.500000,5.848442
125.330100,5.792190
126.797000,5.792492
128.105000,5.647335
129.029100,5.817953
131.118800,5.950453
131.673200,5.879292
133.901400,5.933714
135.292500,5.774550
136.221100,5.810617
137.550800,6.199322
138.740000,6.193506
140.053100,6.056087
141.130400,5.412553
142.455800,5.805920
144.056500,5.707139
145.423800,5.672565
147.008300,5.930488
148.201900,5.366940
149.492500,5.738928
150.117100,5.708132
151.612600,5.550333
153.144000,5.498163
154.575800,5.776171
155.918500,5.815050
157.582500,5.968776
158.264700,5.519245
159.443800,5.551651
161.241100,5.291148
162.522400,5.865230
163.865900,5.723520
165.229700,5.661264
166.819300,5.532462
167.787800,5.424699
168.828100,5.400060
170.296800,6.156152
171.877100,5.293647
173.201700,6.117383
174.107200,5.984356
175.803100,5.744726
177.259300,5.774294
178.457300,5.647920
179.814800,5.407119
180.673400,5.869916
182.419900,5.724373
183.389600,5.311994
184.560300,5.497746
186.474200,5.490192
187.690300,5.764437
189.033700,5.730123
190.348100,5.457267
191.512500,5.335526
193.222900,5.768355
194.315000,5.727614
195.710500,5.369390
197.000700,6.066667
198.467600,5.923086
199.761900,5.883727
200.881700,5.619375
202.143900,6.256082
203.228900,5.460873
204.484200,5.699675
206.105600,6.153598
207.080400,5.822033
208.558000,5.732435
210.282400,5.635012
211.609500,5.703756
213.232000,6.039509
214.121700,5.602595
215.392800,5.260986
217.207000,5.542473
218.405200,5.951917
219.394900,5.693980
220.675900,5.750763
222.100700,5.706602
223.648700,5.839976
224.493400,5.351985
226.081500,6.066011
227.363900,5.743667
228.502500,5.421765
230.090200,5.800359
231.513400,5.353294
232.546500,5.782868
233.810900,5.380555
235.637100,5.292678
236.922500,5.908120
237.979200,5.710049
239.328400,5.661858
240.681700,5.240134
241.525000,5.966574
243.048500,5.545806
244.725600,5.500686
245.428600,5.451321
247.211700,5.695871
248.582600,5.494732
250.195700,6.047364
250.734600,5.648050
252.779800,5.940721
253.712700,5.638212
255.228600,5.695675
256.404700,6.005749
257.967500,5.857734
258.919800,6.170170
260.695600,5.346188
261.326200,5.703802
263.074100,5.716837
264.064800,6.133852
266.050800,5.389001
266.915700,5.687986
268.127700,5.708946
269.505300,5.689563
271.275800,5.869583
272.350100,5.699521
273.754900,5.934081
274.986400,5.754571
276.772900,5.807939
277.459000,5.577219
279.141800,5.526932
280.121300,6.212660
281.564800,5.930547
283.065100,5.384411
284.180600,5.890157
285.476400,5.756133
286.883500,5.734744
288.554200,5.450075
289.275600,5.938864
290.728800,5.503050
292.190200,6.245504
293.362700,6.086735
294.479900,5.836418
296.196100,5.712088
297.808400,5.959154
298.497800,5.724343
300.249500,5.624199
301.361100,5.660512
302.590500,5.290435
303.880200,5.354167
304.896600,5.584154
306.830400,5.949633
307.585000,5.558985
309.172200,5.546384
311.163400,5.931103
312.096300,5.511875
313.377200,5.732874
0.359579,6.686008
2.061541,6.638654
3.148345,6.662228
4.725667,6.902821
6.086652,6.413506
7.095121,6.800187
8.526903,6.835385
9.815341,6.863636
11.639270,6.905091
11.934920,6.964904
13.842260,6.444586
15.504620,6.975532
16.634310,7.179698
17.735880,7.134950
19.268470,6.552289
20.815760,6.991446
21.677140,6.944450
23.003190,7.055868
23.998610,6.524641
25.503520,6.991921
27.125090,7.356148
28.085680,7.330451
29.598590,7.062136
31.412000,7.137728
32.096040,6.806964
33.659440,6.844264
35.169100,7.081110
36.377490,6.630468
37.925170,6.595141
38.783780,6.699421
40.337950,6.980542
41.698350,6.735722
42.950950,6.513502
44.448070,6.791227
45.748380,6.823442
46.652350,6.897223
48.442930,6.857324
49.709960,7.130759
50.850310,6.853747
52.409220,6.938706
53.652230,6.690519
54.537650,6.452920
56.121780,6.805922
57.639610,7.013015
58.759930,6.850677
60.121980,6.735747
61.421140,6.880730
62.721960,6.870006
64.239070,6.547082
65.302440,6.571027
66.576620,6.810428
67.900510,6.855968
69.105730,6.761359
70.476540,6.659373
71.980910,6.849744
73.371040,6.533709
74.276520,6.777918
76.281100,7.152343
77.741460,7.113822
78.645380,7.081642
80.210770,7.062655
81.126660,6.413014
82.588870,6.869272
83.381750,7.103091
85.217310,6.882421
86.481770,6.803951
87.926800,6.720798
89.142570,6.759033
90.165310,6.687293
91.952190,6.882492
93.197490,7.115849
94.710030,6.518997
95.789170,7.412254
97.118750,6.984199
98.942500,6.739248
99.983410,6.662751
101.044200,6.880513
102.181700,7.326631
103.726600,6.859913
105.243300,6.481188
106.279100,7.291982
107.494900,7.268037
108.874700,7.064593
109.891300,6.772119
111.774500,6.506567
112.666700,7.039197
114.443400,6.480519
115.375000,6.730456
117.037200,6.814499
118.159700,6.913666
119.774100,6.911345
120.670200,7.151358
121.824400,7.197536
123.935100,6.834414
124.466200,7.190264
126.082900,6.934246
127.505200,6.887662
129.077800,6.666644
129.860500,7.060367
131.471500,7.328044
132.612900,7.234930
133.802000,7.098910
135.238100,6.765559
136.817400,6.910361
138.161100,6.471128
138.945400,7.012300
140.762700,6.896117
142.455200,6.836597
142.945100,6.623058
144.592700,6.932421
146.250000,6.806358
147.467100,6.894453
148.747400,6.881334
149.903200,6.335295
151.253400,6.898415
152.702400,6.751273
153.857600,6.736650
155.184600,6.915522
156.764800,6.854677
157.621900,6.665075
158.919100,7.295472
160.650300,6.905135
161.984100,6.924410
163.262800,6.721284
164.369500,6.955755
165.756300,6.988019
167.133800,6.348667
168.904500,6.498779
169.632700,7.381496
170.897700,7.123384
172.987400,6.927751
173.757200,6.478101
175.023200,6.817266
175.922300,6.779399
177.721900,7.194777
179.311600,6.750158
180.409600,6.813346
181.577800,6.552319
183.056300,6.907240
184.243000,6.637039
186.134700,6.781277
187.329600,7.001863
188.221600,6.936800
189.637800,7.295188
190.958800,6.573495
192.311200,6.887304
193.462100,6.979863
194.704100,6.940014
196.384200,6.585588
197.768200,6.564427
199.022100,6.687381
200.812400,6.886967
201.560400,6.881757
202.929300,6.893920
204.171200,7.021572
205.564300,7.253115
206.897400,6.876226
208.600500,7.199828
209.723300,6.412655
210.866400,6.848571
212.702900,7.014435
213.945400,6.981821
214.763600,6.849957
216.328300,6.572483
217.135500,6.770401
218.883900,6.810619
220.418500,7.220243
221.623100,7.068658
222.757600,6.919887
224.020400,7.231801
225.043200,6.915092
226.326500,6.607011
227.931900,6.553396
229.399300,6.495377
230.718000,6.880221
231.970200,6.972713
233.436700,6.840411
234.552200,7.162603
235.735600,7.085855
237.157700,6.893762
239.137600,6.834001
239.925100,6.918390
241.282400,6.857883
242.323500,7.128221
244.170200,7.092264
245.374800,6.750072
246.223500,6.539715
247.720800,6.870786
249.637100,7.012231
250.630200,6.890214
251.723000,6.382917
253.175200,6.872441
254.497500,6.879219
255.772300,6.874240
256.922100,6.954128
258.774700,6.728386
259.687900,6.743864
260.780900,6.476730
262.547100,7.137014
263.614400,7.065109
265.234200,6.757345
266.119600,7.095394
267.753100,7.032907
268.865100,6.782364
270.659400,6.663836
271.460800,6.667842
272.789800,6.927153
274.205600,6.634679
275.599500,6.926696
276.981700,6.696456
278.457600,6.940164
279.437400,7.085764
280.628100,7.043973
281.964800,7.279592
283.608000,7.018664
284.754500,6.694273
286.239000,6.886296
287.062600,6.761082
288.997800,7.151481
290.732000,6.863841
291.102700,7.012279
292.540000,7.023909
294.512900,6.893764
295.504400,6.980086
296.725100,6.975799
298.464100,6.705752
299.747300,7.126580
301.077600,6.706596
302.040100,7.260942
303.791700,6.814805
304.336200,6.840190
306.036300,6.888573
307.390800,6.893257
308.763400,6.443266
310.454500,6.740698
311.231500,6.918658
312.784800,6.549739
1.358336,8.161566
2.697935,7.891435
3.919476,7.990912
5.187711,7.616665
6.695417,7.711935
7.921242,8.128979
9.658754,7.761175
10.078740,7.693808
11.930840,8.074510
13.166490,7.864993
14.719530,7.790988
16.237190,7.942501
17.201320,8.296763
18.584260,7.665996
19.707440,8.017053
20.799410,7.970929
22.637270,8.074766
23.906910,7.973011
24.978760,7.552643
26.274450,8.048432
27.699350,7.997429
28.773090,8.168171
30.252310,8.161874
31.497850,8.501108
32.999380,8.455276
34.231490,8.380117
35.578950,7.626257
37.206090,8.235191
38.316990,8.054132
39.582980,8.073774
40.814000,7.636538
41.730450,7.941563
43.725950,7.896115
45.334320,7.748127
46.084680,8.259187
47.963050,7.880594
48.930500,7.921082
50.111510,8.100968
51.415980,7.884586
53.055830,8.179053
53.980330,8.150431
55.164470,8.083432
56.284800,8.195818
58.181170,8.562819
59.207040,7.697893
60.443650,8.169630
62.261320,7.623915
63.598310,7.980105
64.297670,8.141510
66.036210,8.106544
67.297000,7.953656
68.757040,8.295650
69.877400,8.349958
71.178660,8.041902
72.916040,8.151506
74.161030,8.034262
75.674950,7.861489
76.723530,7.995816
77.891810,7.989614
79.556820,7.940581
80.148490,7.869248
81.581530,8.166191
82.926520,8.224771
84.742360,8.185002
85.963570,7.917137
87.182110,7.955082
88.084630,7.740083
89.671230,7.801383
91.396350,7.596877
92.354080,8.255776
93.520630,8.231445
94.678890,7.901318
96.215850,7.890724
97.536030,8.007597
98.914170,8.391669
99.933750,7.991319
101.769600,8.031781
103.083700,8.013711
104.021400,8.117286
105.716600,7.822166
107.030800,8.098403
108.720400,8.354927
110.099100,7.777863
110.540100,8.278867
112.330600,8.171344
113.460500,8.191953
114.433000,8.044829
115.992200,7.632104
117.299500,7.920311
118.620600,7.759508
120.482200,7.746172
121.521300,8.445368
122.471600,8.259722
124.284800,7.986813
125.597100,7.860239
126.758900,7.841783
128.211400,7.992849
129.529000,8.018398
130.984700,8.011554
132.259900,8.232852
133.464300,7.948303
134.465200,8.007548
136.133700,8.037213
137.709600,7.550197
138.787200,8.063357
139.799500,8.085692
141.474100,8.039663
143.141300,7.661382
143.850200,7.659946
145.383900,8.019976
146.358200,7.781487
147.528000,8.139726
149.322100,8.090935
150.654700,7.689461
151.784000,8.458770
153.461200,7.815504
154.393900,8.119077
155.575700,8.131504
157.019600,7.881199
158.784300,8.322767
159.924800,8.033274
161.035500,8.159369
162.251400,8.211898
164.023200,7.546092
165.392000,7.869922
166.453000,7.494572
168.120500,8.503916
169.217500,8.006611
170.329100,7.851371
171.600300,7.901039
173.455000,8.205510
174.752700,7.714678
175.797700,7.918556
177.030400,8.241940
178.386800,7.907838
180.293400,8.029243
181.155900,7.904267
182.710300,8.238177
183.639600,8.094577
185.208300,7.939909
186.306900,7.871253
187.619000,7.473174
189.365300,8.414958
190.140500,7.964299
191.922900,8.106411
193.135600,7.971183
194.239300,8.305911
196.028100,8.034011
196.933700,8.002478
198.259900,7.747141
199.603600,8.204936
200.563400,7.906146
202.490600,8.335555
203.423400,7.982965
205.456700,8.103835
206.282500,8.346718
207.674100,8.348188
208.811200,7.895159
209.993000,7.956495
211.554900,8.025002
213.203900,7.880534
213.856700,7.712352
215.504100,8.037390
216.534200,7.732654
218.673600,7.908114
219.335400,7.744022
220.767200,7.499599
222.236600,8.198787
223.583700,7.834543
224.356800,8.134561
225.928900,7.938370
227.388000,7.984468
228.697600,7.644985
230.255500,8.035238
231.860300,8.208302
232.683900,8.042237
233.875600,7.737160
235.330000,8.472964
236.859800,7.919152
237.998400,7.907121
238.872000,7.886106
240.804300,8.045770
241.960900,8.198742
243.317600,7.697215
244.550600,8.310801
245.895200,8.056526
247.265000,8.042692
248.444700,7.941481
249.860900,7.950870
251.030300,8.081543
252.512000,8.118303
254.084600,7.737740
255.108200,8.094887
256.011200,8.020203
257.901800,8.229007
258.705400,7.799748
260.208300,7.825788
261.685000,8.142230
263.143300,8.330605
264.479900,7.720239
265.676300,7.701786
267.056900,7.618604
268.362700,7.962853
270.148300,8.341221
271.184400,7.990867
272.240800,7.826737
273.992700,7.807781
274.980400,8.054674
276.013200,7.720315
277.809400,8.282789
278.900300,8.115074
280.768600,8.291225
281.538100,7.483006
283.294100,7.888464
284.079600,8.173688
285.758700,7.710854
286.889500,8.012683
288.115000,8.023275
289.817100,8.284534
290.854100,7.981449
292.318500,8.047430
293.437600,7.987125
295.118800,7.993076
296.116100,8.143440
297.636300,8.065382
298.949300,8.444798
300.630300,7.966464
301.714500,7.738742
303.070600,7.544956
303.756200,8.462923
305.754000,7.977047
306.620500,8.105560
308.044700,7.984724
309.304100,7.693893
310.982600,7.867567
312.438400,8.277802
313.638000,8.402484
0.562593,8.994128
1.898971,9.130588
3.152903,9.181226
4.688436,9.248599
5.761893,9.389671
7.158473,9.435502
8.083070,9.305211
9.937153,8.905098
11.462710,9.053702
12.452650,9.137765
14.053110,9.142363
15.014040,9.084295
16.130100,9.280890
17.806210,9.017539
19.145980,9.671800
20.874570,9.320555
21.694010,8.783500
23.012210,9.539517
24.339010,8.731230
25.991000,9.574884
26.999470,9.084988
28.474150,9.086813
29.774640,9.220546
30.952830,9.123178
32.218330,9.229276
33.403910,8.999281
34.683660,9.126524
36.352000,9.643408
37.998420,9.196163
39.275230,9.191425
40.516290,9.433603
41.599840,9.524892
42.850010,9.411039
43.998510,9.290334
45.902480,9.202700
46.554280,8.867558
48.311760,9.318106
49.727370,9.089078
50.915310,8.696854
52.193340,9.420407
53.807720,9.338943
54.547060,9.002717
56.338020,9.557143
57.464040,9.202906
58.423790,9.128412
60.175920,9.251737
61.266790,8.822152
62.813140,9.343546
63.570530,9.255773
65.370740,9.163980
66.971030,9.093847
68.005700,9.082935
69.248100,9.143142
70.448120,9.044065
72.165820,8.998270
73.328680,9.158168
74.404010,9.262185
76.253160,8.814300
77.006570,9.521787
79.007360,9.191635
79.788980,9.477638
81.101800,9.204416
82.386110,8.776752
83.982890,9.290466
85.181250,9.133781
86.614850,9.288038
87.368740,9.193425
88.953770,9.131095
90.326460,8.978504
91.298450,9.282415
93.212650,9.206157
94.556690,9.010248
95.445680,9.139108
97.094960,9.154639
98.628160,9.504507
99.712770,8.884809
101.083800,9.131651
102.304700,9.115363
103.742200,9.142417
105.432800,9.049850
106.578300,9.473523
107.902400,9.391671
109.015600,9.124146
110.345800,9.327239
111.940500,9.550982
112.890400,9.120611
114.300200,9.228150
115.540900,9.363178
117.027500,9.274070
118.035700,9.464391
119.402600,9.108471
120.463100,8.906660
122.106100,9.162821
123.624200,9.489404
125.065200,9.322219
125.808900,8.792373
127.705000,9.117672
129.108900,8.970600
130.124500,9.595214
131.499800,9.171637
132.971400,9.205453
133.994900,9.477722
135.228600,8.800090
136.593300,9.166305
138.066400,9.220009
139.544100,8.840896
141.059800,9.134892
142.090000,9.203629
143.231900,9.126037
144.689200,8.973637
146.108400,8.963249
147.236800,9.335227
148.556400,8.791224
150.401200,9.204303
151.356300,9.369924
152.214200,9.074710
153.995500,9.350831
155.286900,9.265195
156.530100,9.252336
157.690000,8.772658
159.225200,9.220942
160.361400,8.656631
161.963200,9.216994
162.833300,9.375675
164.704400,9.149596
165.864500,9.144929
167.149600,9.088610
168.841000,8.963255
170.049500,8.942519
171.619800,9.406985
172.411500,9.301649
173.818500,9.163997
175.023100,8.863196
176.479800,9.248592
177.609700,8.746403
179.069600,8.893882
180.450900,9.182316
181.837400,9.300652
183.190400,9.056427
184.081000,9.494445
185.534500,9.586376
187.046800,9.163754
187.987200,9.484697
189.857500,9.648623
190.999000,9.141613
191.899400,9.075732
194.188000,9.012339
194.738800,9.124725
196.202500,9.106073
197.485200,8.981547
198.985600,9.259031
200.390600,9.280251
201.596300,9.158031
202.961600,9.194734
204.592400,9.571123
205.405000,9.331678
206.825000,9.017993
208.246700,8.938850
209.540000,9.169066
210.657600,8.803273
211.887000,9.195392
213.592300,9.229514
214.973000,9.233617
216.026900,8.971200
217.470300,8.677591
218.870500,9.047213
220.274900,9.300727
221.714800,8.996633
222.203300,9.134944
224.399800,8.945394
225.333500,9.579353
226.579800,9.301542
228.111700,9.116177
229.266100,9.634559
230.585300,9.430190
232.516600,9.385931
233.130400,9.431277
234.610200,9.559073
235.786000,8.995893
236.837100,9.185765
238.887400,8.843353
240.144000,9.533862
241.479000,9.177070
242.741900,9.669408
244.101900,8.879656
245.585100,9.570988
246.662300,9.344384
247.891600,9.083117
249.095400,8.996853
250.287800,9.340425
251.561800,9.040448
252.926400,9.070400
254.280500,8.929316
255.826300,9.091381
257.014000,8.735045
258.617700,9.250678
259.776200,9.149937
261.086700,9.139735
262.173000,9.130002
263.351600,9.474401
265.505800,9.326697
266.388800,9.169536
268.239900,9.352224
269.114300,9.028107
270.355300,9.311881
271.804400,9.038610
272.943700,9.138195
273.854400,9.287846
275.265300,9.238754
277.107900,8.962923
277.947600,9.304953
279.799700,9.563200
280.811300,9.330104
282.194000,9.101914
283.621900,9.245528
284.989700,9.513955
286.088600,9.159015
287.667800,8.950682
288.751000,9.384449
290.212700,8.852569
291.697700,8.844791
292.884900,9.038484
294.376800,9.482979
295.504300,9.168116
296.706800,8.976887
298.604700,9.095775
298.974500,9.115603
300.703600,9.578623
302.231300,8.931606
303.454800,9.152878
304.657000,9.218266
306.067900,9.141513
307.392200,8.960375
308.676000,9.519497
310.013500,9.163777
311.556000,8.917109
312.624600,9.593253
