0.576154,-9.630404
0.636440,-8.233311
0.539611,-7.374995
0.471489,-5.728053
0.443131,-3.840531
0.035976,-3.147984
0.342424,-1.694346
0.714891,-0.106220
0.213270,1.364878
0.318547,2.374349
1.005676,3.595775
0.873061,5.052190
0.583898,6.316531
0.828695,7.497989
0.437308,8.912236
1.727834,-9.004111
2.055859,-7.875803
1.663976,-6.312212
1.848018,-4.791190
1.747669,-3.673317
1.787977,-2.291094
1.701114,-0.631360
1.763526,0.643214
1.937658,1.711074
1.405877,3.133781
2.090902,4.507086
1.752478,5.501619
2.030261,7.050079
1.785318,8.262190
1.717909,9.521385
2.564070,-9.938354
2.708704,-7.844881
3.097806,-6.831079
2.614707,-5.447171
2.638398,-4.369634
2.845141,-2.854847
2.348242,-1.640767
2.610516,-0.773537
2.711441,0.535609
3.065629,2.154334
2.848273,3.658568
2.756613,5.065361
2.703673,6.484019
2.518305,7.412712
2.704280,9.245744
4.068546,-8.882666
4.260778,-7.310075
3.900604,-6.461650
4.011531,-4.442936
4.426412,-3.973417
4.109008,-1.952381
4.302063,-0.687106
3.951662,0.517206
4.064161,2.076333
3.992007,2.952291
4.220893,4.662031
3.914248,5.370453
3.656300,6.915748
3.981074,8.231269
4.066726,9.799479
5.068096,-9.306748
4.959446,-8.363895
5.177677,-7.358694
5.180653,-5.602483
4.958934,-4.144504
5.154807,-2.984095
5.414856,-1.907645
4.754334,-0.278886
5.325709,0.664302
5.176378,2.315182
4.857492,3.357446
4.752031,5.035531
5.266932,6.301172
5.063206,7.844656
5.267973,8.833883
6.531643,-9.304145
6.445709,-7.252750
6.485641,-6.471457
6.358894,-4.878288
6.383231,-3.461316
6.031205,-1.955930
6.166986,-1.220003
6.166957,0.253935
6.351236,1.112122
6.156891,2.749645
6.726448,4.483656
6.400787,5.906700
6.288188,6.931693
6.506392,8.675820
6.129717,9.389560
7.801848,-10.048510
7.561942,-8.134341
7.307909,-6.918676
7.605819,-5.587480
7.907448,-4.630949
7.483006,-2.819571
7.352484,-1.659022
7.582758,-0.224770
7.481651,1.080572
7.287312,1.996350
7.467680,3.607863
7.766246,5.113069
7.333357,5.877021
6.967061,7.744367
7.714723,9.004512
8.858247,-9.126118
8.821451,-8.099424
8.929228,-6.410443
9.019351,-5.096095
8.632175,-4.114123
8.855840,-1.975325
9.052929,-1.258196
8.687663,0.261997
8.580095,1.615774
8.667586,3.508038
8.588132,4.353763
8.561706,5.720952
8.165978,6.723406
8.131654,8.567389
8.541401,9.173622
9.952546,-9.722452
9.774545,-8.039249
10.101400,-6.644543
9.584035,-5.870273
9.702335,-3.791009
9.816321,-2.994011
9.604331,-1.485615
9.772395,-0.392535
9.372515,0.686063
9.816736,2.550369
9.878210,3.741705
10.048160,4.647751
9.770616,6.316280
9.419838,7.495093
9.777395,8.964710
11.286420,-9.179086
10.514710,-7.454567
11.368780,-6.519102
10.916540,-5.011748
11.228020,-3.997360
11.404240,-2.566848
11.376190,-1.169812
11.237750,0.544095
11.022360,1.546568
11.046390,2.828762
10.719440,4.241341
11.187450,5.390898
10.966670,6.815102
11.055950,8.402316
10.596200,10.054850
12.363520,-9.585862
11.929190,-7.874028
12.144080,-7.267495
12.165760,-5.587049
11.669660,-4.286971
11.963960,-3.493222
12.423040,-1.294822
12.571640,-0.117233
11.918090,1.129127
12.076020,2.304450
12.162640,3.632050
11.534070,4.926726
12.538150,6.478707
12.101110,7.667659
11.649370,9.080615
13.216860,-9.011978
13.215460,-7.635887
12.801160,-6.332545
12.851190,-5.252913
13.181030,-3.666190
12.767250,-2.519925
13.230170,-1.113065
13.294670,0.247482
12.739500,1.520993
13.346420,2.672092
13.441670,4.128528
12.834610,5.609878
12.798950,7.040431
13.230570,8.251413
13.428500,9.600209
14.662100,-9.830657
14.490500,-8.094530
14.403540,-6.936125
14.555410,-5.441002
14.444710,-4.106386
14.122920,-2.848028
13.867680,-1.851263
14.337080,-0.257328
14.378150,0.984252
14.328690,2.489388
14.706210,3.803102
14.327710,5.182123
14.428400,6.579602
14.111950,7.969768
14.519750,9.109024
15.624980,-8.865946
15.561730,-7.677963
15.575390,-6.176968
15.495940,-4.955630
15.534330,-3.673709
15.489310,-2.008250
15.062840,-1.003861
15.897240,-0.064580
15.414530,1.425462
15.799810,2.776682
15.504500,4.432540
15.490850,5.731073
15.039760,6.883418
15.516770,8.302708
15.738210,10.111100
16.961710,-9.597523
16.240570,-8.574285
16.356130,-6.529211
16.542340,-5.326808
16.375900,-4.484375
16.449650,-3.271054
16.618140,-1.612221
16.483050,-0.559784
16.630170,1.174614
16.741940,2.491317
16.395980,3.433739
16.752920,5.036811
16.807460,5.966856
17.071720,7.743288
16.425750,9.073706
17.772950,-9.449693
17.868350,-7.696020
17.871300,-6.386570
17.699440,-4.985878
18.231390,-3.527269
17.523750,-2.063523
17.907060,-0.614125
17.979050,0.426113
17.740670,1.763632
17.899350,3.103071
17.882260,4.210051
17.756990,5.777027
17.703310,7.409899
17.572760,7.961367
17.826210,9.645885
19.365590,-9.667177
19.297560,-8.435111
19.144550,-6.999461
18.865250,-5.555442
19.136750,-4.477467
18.931340,-2.895766
19.058920,-1.621376
19.050710,-0.317334
18.824150,0.769170
19.063460,2.263133
18.844120,3.194580
18.808060,4.900661
18.710010,6.294425
19.259330,7.260048
18.964210,9.017677
19.674520,-8.826380
20.243300,-7.362622
19.999190,-6.188569
19.864160,-5.049951
19.877070,-4.090336
20.148300,-2.673570
20.140350,-0.660806
19.927970,0.441182
20.000720,1.527322
20.218470,2.995224
20.487980,4.658813
20.368270,5.402747
20.322570,6.927949
20.364710,8.433558
20.499350,9.471799
21.345040,-9.429555
21.131980,-8.098840
21.305980,-6.926696
21.476600,-5.519285
21.032310,-4.572776
21.302880,-2.915096
21.545070,-1.559373
21.538720,-0.727506
21.186310,1.141631
21.596250,2.503107
21.390960,3.576602
21.431360,4.774847
21.227890,6.695597
21.306540,7.170889
20.885210,8.934464
22.173340,-9.286782
22.831330,-7.372657
22.573730,-6.402324
21.948230,-5.249799
22.313810,-3.296826
22.400020,-2.341790
22.324440,-1.283978
21.906470,0.219607
22.751740,1.933196
22.283540,2.881147
22.544620,4.198415
22.342140,5.609042
22.189060,6.721392
22.258710,8.518508
22.243760,9.591431
23.435820,-9.996032
23.563280,-8.301503
23.193590,-7.142868
23.110470,-5.837498
23.204080,-3.950517
23.277870,-3.436702
23.789130,-1.143864
23.929280,-0.088981
23.846770,0.937990
23.499700,2.176460
23.969440,3.847385
23.956090,4.724655
23.783010,6.312977
23.533270,7.577544
23.567790,8.910853
24.703000,-8.838728
25.036460,-7.733183
24.738480,-6.093745
24.792340,-5.526520
24.790270,-3.687469
24.499670,-2.445067
24.783850,-1.210737
24.656320,0.668440
25.134580,1.337743
25.208280,2.783547
24.493670,4.478075
24.732550,5.719646
24.821960,7.324328
25.205170,8.119232
25.035470,9.398089
25.833540,-9.700947
25.744670,-8.082356
26.003510,-6.736227
26.038600,-5.184521
25.838460,-4.042722
25.834300,-2.729070
25.527720,-1.350852
25.782350,-0.342416
25.865380,0.999043
26.041700,2.412337
25.919190,3.451600
25.870170,4.982785
25.890280,6.337714
25.564930,7.247350
25.994680,9.017890
27.544980,-9.131381
27.327330,-8.009297
26.601330,-6.161473
26.992830,-5.410908
26.872750,-3.508738
26.993820,-2.115706
27.022320,-0.965928
27.356040,0.104018
26.994820,1.171927
26.992710,2.895377
26.999200,4.356658
27.126390,5.694428
27.063160,7.216433
26.557530,8.589518
27.208110,9.781230
28.048080,-9.495881
28.370670,-8.290514
28.485040,-7.423652
28.321880,-5.982955
27.747940,-4.228835
28.004480,-2.960505
28.633180,-1.746744
28.267600,-0.450707
28.353190,0.659618
27.908160,2.404854
28.112740,3.156139
28.006440,4.966807
27.971380,6.296559
28.053600,7.643724
28.154430,9.074244
29.463620,-8.992953
29.370080,-7.524942
29.069030,-6.343961
29.004190,-4.904895
29.380730,-3.911502
28.862350,-2.630188
29.219140,-1.461044
29.400870,0.114534
29.440040,1.615130
29.218950,2.990279
29.391890,4.208828
29.210620,5.763288
29.330260,7.104798
29.246190,8.141540
29.255790,9.665604
30.545660,-9.480987
30.849050,-8.362303
30.881370,-7.185496
30.316910,-5.886125
30.571840,-4.381640
30.481300,-3.230053
30.606190,-1.683726
29.927410,-0.359429
30.916920,0.892885
30.657460,2.008130
30.537140,3.608464
30.601180,4.999880
30.504090,6.263488
30.424200,7.674505
30.461810,8.756078
31.832850,-8.668182
31.277940,-7.517751
31.380180,-6.362590
31.752870,-5.407653
31.869670,-3.288803
31.749390,-2.154971
31.191770,-0.858371
31.573100,0.690244
31.920460,1.476356
31.648730,3.023817
31.632210,4.413630
31.616720,5.638686
31.778570,7.135962
31.371770,8.498130
31.907990,9.650921
32.649510,-9.619709
32.798820,-8.335570
33.192770,-6.828641
32.813250,-5.884075
32.770780,-4.433950
32.507910,-2.508856
32.407630,-1.770789
32.662780,-0.343824
32.613030,0.868873
32.448750,2.364231
32.931180,3.736282
32.764330,4.971568
32.395450,6.194369
32.447490,7.905479
32.760670,8.974783
33.921340,-9.061857
34.385430,-7.389956
34.095850,-6.454633
33.896180,-4.946985
34.067480,-3.612705
33.771750,-2.570183
33.855910,-1.114042
33.807380,0.377404
33.748660,1.603536
33.877780,3.036560
34.005450,4.255888
33.827040,5.626261
33.698790,7.116308
33.966400,8.371939
34.132230,9.879227
34.885040,-9.243256
35.319540,-8.670319
35.225950,-7.131341
35.249880,-5.758996
35.136430,-4.491115
35.094810,-2.559372
34.529050,-1.600178
34.612300,-0.197504
34.974360,1.303308
35.155260,2.454881
35.313720,3.218213
35.218080,5.016429
34.750210,6.299675
35.094760,7.603447
34.918190,8.661664
36.262410,-9.280236
36.134520,-7.951713
35.865530,-6.303298
36.140870,-4.948297
36.216510,-3.547762
36.230920,-2.299910
36.313500,-1.298636
35.987180,0.473732
36.652940,1.655926
36.125800,2.758448
36.234470,4.336195
36.309670,5.702473
36.039490,6.676795
35.845210,8.304770
35.901990,9.898853
37.372570,-9.629877
37.818360,-8.031986
37.322890,-7.139783
37.060100,-5.819252
37.601640,-3.977195
37.083450,-3.078841
37.599800,-1.326125
37.698780,-0.659412
37.238430,1.186655
37.481650,2.241994
37.381100,3.588489
37.272440,5.501276
37.359130,6.335932
37.387740,7.899915
37.362650,8.990710
38.781300,-9.411145
38.929020,-7.536947
38.390220,-6.347248
38.676610,-5.357085
38.442350,-3.695090
38.685070,-2.335994
38.531740,-1.510346
38.046530,0.065050
38.795960,1.537320
38.452980,2.946254
38.621550,4.106621
38.709400,5.552147
39.067280,6.946715
38.622870,8.562601
38.637970,9.091743
39.645720,-9.932137
39.257640,-8.325320
39.642040,-6.987520
39.680810,-5.308957
39.543290,-4.529156
40.068580,-2.861988
39.740300,-1.997183
39.870520,-0.797942
39.577500,0.947256
39.170890,2.523201
39.451850,3.625417
40.004600,5.191058
39.200600,6.084740
39.913550,7.469726
39.829890,8.795435
40.752540,-9.080755
40.400620,-7.693560
40.692230,-6.546586
40.698320,-5.408655
40.651550,-3.362523
40.972240,-2.569180
40.883300,-0.933912
40.850480,0.277792
41.190630,1.556180
40.716840,2.573873
40.775950,4.444020
40.857720,5.628410
40.919670,7.029810
40.510020,8.203320
40.810640,9.664147
41.979890,-9.374064
41.940710,-8.300751
41.826750,-7.206209
41.631810,-5.353301
41.977380,-4.523857
42.216360,-3.175591
42.241230,-1.653091
41.970740,-0.173243
41.855020,1.088923
41.841350,2.151087
41.861510,3.384382
41.978680,4.894698
41.941130,6.331437
41.774490,8.121102
41.827050,8.761264
43.173590,-8.746610
42.933560,-7.621544
43.385680,-5.986311
43.203450,-4.524648
43.177860,-3.135240
43.202180,-2.410989
42.997340,-1.326723
43.124160,0.332047
42.878240,1.222502
43.231720,2.981905
43.230870,4.139341
43.285320,5.678454
42.765850,7.009516
43.155780,8.312720
43.308110,9.243926
44.494380,-10.095780
44.130420,-8.216707
44.183320,-6.785490
44.576980,-5.630931
44.289650,-4.415206
44.131390,-3.077189
44.691700,-1.652658
44.441520,-0.442161
43.908740,0.912419
44.215590,2.336065
44.276760,3.664679
43.900520,5.007486
44.732140,6.242399
44.241940,7.604113
43.964930,8.601317
45.437120,-8.878118
45.814990,-7.812695
45.434910,-6.408194
45.000750,-5.148188
45.634000,-3.217477
44.975560,-2.426153
45.790970,-0.975065
45.444330,0.308972
45.462030,1.745401
45.475990,2.999603
45.433980,4.444596
45.652600,5.178255
45.248820,7.392406
45.222770,8.466966
45.262100,9.758995
46.205150,-9.780858
46.086910,-8.414618
46.706160,-6.549070
46.766490,-5.415441
46.315930,-4.335295
46.749680,-2.977896
46.672550,-1.727431
46.628860,-0.446833
46.775990,1.019580
46.115730,2.567163
46.598960,3.620957
46.834110,4.996680
46.566830,6.306370
46.423700,7.812016
46.500840,8.977852
47.908890,-9.491253
47.698880,-7.426435
47.532750,-6.564675
47.756200,-4.503685
47.912070,-3.506762
48.004020,-2.264511
47.611920,-1.499020
48.104340,0.471568
47.468370,1.210198
47.595980,3.048318
47.631590,4.424638
47.275680,5.822717
47.723990,6.970533
47.481980,8.375979
47.794110,9.132146
48.918790,-9.599734
48.945680,-8.391126
48.968540,-7.146757
48.883610,-5.656828
48.641250,-4.236059
49.079870,-3.225208
48.703220,-1.571989
48.610000,-0.147009
48.514630,1.362366
48.761240,2.115210
49.250820,3.640570
49.102060,5.086006
48.804030,6.223715
48.652370,7.211963
48.825040,9.003274
49.560200,-8.747888
49.969060,-7.498114
49.771840,-6.480463
50.019830,-4.981030
50.533120,-3.532979
50.017060,-2.127044
50.311400,-1.162633
49.700030,0.451911
49.696960,1.874868
50.131880,3.080294
50.362080,3.887953
49.875740,5.392970
49.747800,7.107769
50.287830,8.363728
49.944640,9.646809
50.845180,-9.433816
51.177650,-8.604371
51.100670,-7.256478
50.818220,-5.442479
51.503890,-4.290818
51.356920,-3.001720
51.037270,-1.927686
51.427820,-0.328200
50.860640,0.952812
50.964920,2.255409
51.375420,3.771637
51.078860,4.746715
50.885590,6.774253
51.312420,7.441938
51.202630,9.175997
52.449570,-9.256074
52.665520,-7.302559
52.476210,-6.329212
52.003090,-4.904414
52.356270,-3.514513
52.452920,-1.911057
52.032030,-0.539961
52.397700,0.233228
51.975940,2.048714
52.282520,3.064267
51.899670,4.653778
52.654510,5.921468
51.986180,6.593721
52.419410,7.775035
52.356380,9.520887
53.830630,-9.235867
53.565740,-8.274099
53.808790,-7.162626
53.748380,-5.183594
53.424370,-4.117569
53.486860,-3.207436
53.477310,-1.667267
53.383630,-0.257829
53.247080,0.650724
53.449920,2.752515
53.430650,4.124034
53.755560,4.596389
53.506200,6.448294
53.439860,7.307268
53.187680,8.814165
54.476940,-9.437675
54.567280,-7.730969
54.658240,-6.415359
54.842080,-5.376477
54.471000,-4.005087
55.093790,-2.075571
54.331700,-0.993158
54.888390,0.701897
54.129880,1.920789
54.507310,3.193898
54.686000,4.216591
54.584110,5.614177
54.981900,6.602399
54.825550,7.863090
54.593730,9.731040
55.800920,-9.391228
55.602860,-8.215694
55.805490,-6.663555
55.764480,-5.819249
56.061340,-4.300630
55.495000,-3.437392
55.386560,-1.698301
55.896400,-0.399240
55.754490,1.273859
55.787990,2.334482
55.733890,3.621711
56.116700,4.783160
55.827580,5.985363
55.843340,7.617702
55.628140,9.260802
56.933930,-8.970569
57.277380,-7.230551
56.671520,-6.547611
56.583530,-4.855380
56.876110,-3.723770
57.203460,-2.770626
56.725570,-0.564530
56.927570,0.319474
56.950960,1.595621
57.233950,3.044454
56.687880,4.350036
56.783810,5.493081
56.609270,6.898278
56.463570,8.265135
57.423230,9.441109
57.951320,-9.199878
58.617500,-8.175639
58.372400,-7.431922
57.945660,-5.710883
58.284990,-4.163066
58.071030,-3.081296
58.155170,-1.701044
58.127280,-0.536328
58.437750,1.309097
58.192480,2.256142
58.059060,3.772941
58.277070,5.071631
58.073760,6.322850
58.202060,7.633758
58.487100,9.271249
59.703320,-8.729199
59.245280,-7.743733
58.922600,-6.103577
59.296360,-5.050431
59.397740,-3.810261
59.134950,-2.195675
58.915280,-1.037670
58.984990,0.387368
59.075860,1.934564
59.285390,3.212099
59.323740,4.271986
59.152190,5.734556
59.352570,6.850858
59.027600,8.085485
59.071680,9.615017
60.392860,-9.724986
60.652180,-8.674151
60.642800,-6.884663
60.206270,-5.638489
60.370290,-4.289660
60.218280,-3.350285
59.897020,-1.538167
60.542490,-0.329431
60.331900,1.092027
59.911140,2.575001
60.388630,3.769464
60.305740,4.987903
60.386840,6.318811
60.472290,7.735692
60.815930,8.867020
61.646880,-8.667893
61.620540,-8.076332
61.331600,-6.212746
61.167800,-4.590096
61.749370,-3.176620
61.523540,-2.316428
61.129760,-0.760401
61.264260,0.489918
61.117950,2.039949
61.375020,3.147038
61.400690,4.274409
61.462340,5.241237
61.225450,7.236201
60.996960,8.446340
61.252560,9.846086
62.464270,-9.824033
62.333610,-8.102515
62.479870,-6.591305
62.634980,-5.537924
62.616470,-4.279635
62.683150,-3.011691
62.603290,-1.620922
62.684930,-0.322578
62.465960,1.042216
62.563950,1.843152
63.105300,3.409986
62.380990,4.948149
62.703220,6.203319
62.683520,7.648045
62.746170,9.067356
63.863710,-9.181286
63.747900,-7.803142
63.615140,-6.115810
63.824810,-4.973739
63.926750,-3.977825
63.804740,-1.949450
64.000580,-0.539236
63.636730,0.147978
63.696330,1.691043
63.901170,3.048257
63.369030,4.372218
63.695290,5.719591
64.115580,6.795232
64.122140,8.614814
63.690870,9.635107
65.239970,-9.672523
64.613980,-8.273213
65.302310,-6.829921
64.722430,-5.704108
65.072630,-4.430385
65.092160,-2.970292
64.969370,-1.726088
65.063220,0.122890
64.968990,0.808374
64.924510,2.403866
64.984050,3.613233
65.504400,5.012545
65.005130,6.297856
64.764800,7.878595
65.003450,9.013215
66.103250,-8.704082
66.321580,-7.697105
66.086210,-6.296985
66.131900,-5.289597
66.096210,-3.335417
65.641260,-2.316960
66.123600,-0.952102
66.070400,-0.122095
66.115430,1.706823
66.464580,2.912341
66.465900,3.991356
66.096420,6.130659
66.281130,7.232611
66.002300,8.783291
66.117620,9.656773
67.687310,-9.820572
67.368450,-8.260113
67.146740,-7.086006
67.605780,-5.835040
67.319920,-4.485127
67.198580,-3.029875
67.231030,-1.780797
67.224780,0.078574
67.239650,0.934915
67.197400,2.173382
67.183660,3.688437
67.032880,4.542634
67.323300,6.272516
67.285040,7.696288
67.066550,8.679834
68.345960,-8.540952
68.719090,-7.508844
68.695240,-6.723301
68.346090,-5.017373
68.244820,-3.232276
68.424490,-2.292234
68.038740,-0.592957
68.538360,0.794914
68.622470,1.977375
68.411810,2.841753
68.665460,4.094545
68.610470,5.433271
67.967230,7.279070
67.997140,8.272576
68.435000,9.462739
69.073220,-9.771439
69.493860,-7.955880
69.346020,-6.748356
69.992840,-5.546375
69.218180,-4.569513
69.526370,-3.022665
69.491370,-1.522876
69.623500,-0.275261
69.524080,1.299515
69.372220,2.146022
69.568280,3.723837
69.342790,4.782165
69.573250,6.297947
69.787860,7.608219
69.868940,9.080151
70.616720,-9.066786
70.207740,-7.577506
70.620720,-6.058903
70.504150,-5.205059
70.786380,-3.351743
70.960350,-2.443184
70.470420,-1.138374
70.615100,0.453690
70.530580,1.959603
70.509950,3.067725
71.157200,4.673094
70.740680,5.631411
70.627160,7.088444
70.782420,7.976411
71.094110,9.323381
71.831180,-9.572770
71.873330,-8.162995
71.935230,-7.015686
71.920910,-6.135245
71.766430,-4.588878
71.777190,-2.710131
71.782560,-1.986709
72.093100,0.069070
71.803340,1.196641
71.897130,2.432970
71.880980,3.653433
72.072230,5.094177
72.043720,6.147532
71.810030,7.690253
72.344170,9.030218
72.986320,-9.344495
72.879820,-8.125468
72.924930,-6.726386
72.636710,-4.729588
73.514910,-3.469331
73.043010,-2.514925
73.322390,-1.097660
72.627000,0.463523
73.262430,1.751525
73.472140,3.106591
73.176860,3.906109
72.801670,5.819395
73.388900,7.048593
73.132770,8.130695
73.059660,9.440658
73.881110,-9.608862
74.378870,-8.771102
74.428570,-7.249017
74.174560,-5.463738
74.122530,-4.333128
73.780640,-2.773869
74.485000,-2.012261
74.407200,-0.060532
74.095890,0.689418
73.696920,2.235613
74.149330,3.741880
73.877620,4.567231
74.150870,6.293756
74.510220,7.636562
73.746730,8.672884
75.039960,-9.330374
75.139920,-7.723948
75.582310,-6.333776
75.340640,-4.855551
75.040320,-4.098014
75.696760,-2.563534
75.007130,-0.827413
75.248450,0.611037
75.327040,1.679320
75.027180,3.097389
75.037770,4.648116
75.110440,5.705532
75.189340,6.980175
75.151070,7.955952
74.956520,9.617203
76.598880,-9.801309
76.362510,-7.918006
76.382790,-6.487159
76.506670,-5.685913
76.410010,-4.255045
76.717510,-3.076936
76.429530,-1.689913
76.691920,-0.595981
76.606460,0.856229
76.536970,2.264563
76.505820,3.367719
76.499830,5.082793
76.769680,6.375943
76.463900,7.683235
76.164040,9.294842
77.870780,-8.907422
77.734360,-7.652494
77.692330,-6.413016
77.805540,-5.201756
77.450310,-3.445325
77.659070,-2.173591
77.648090,-0.955259
77.956950,0.542325
77.437900,1.411256
77.889680,3.093359
77.651010,4.305354
77.584220,5.532989
77.577420,7.525974
77.568330,7.940881
77.325510,9.699965
78.738040,-9.925382
78.701660,-8.246295
78.805150,-6.802019
78.709850,-5.556007
78.655750,-4.240926
78.750500,-2.907405
78.800900,-1.699848
78.781020,-0.173718
78.881500,0.786098
78.630490,2.442182
78.984560,3.718365
78.435610,5.218553
78.777020,6.141589
78.920350,7.619439
78.441410,8.733876
79.895090,-8.862788
79.690850,-7.262345
80.012310,-5.798762
79.664380,-5.319242
80.033290,-3.459560
79.843090,-1.935442
79.985960,-1.392455
79.984820,0.202111
79.466280,1.642386
80.095790,3.257118
79.636830,4.392261
80.088520,5.692099
80.006610,6.950834
79.873680,8.336417
79.948370,9.617290
81.396440,-9.849692
80.534930,-8.324625
81.543430,-6.720518
80.871140,-5.587992
81.241080,-4.281636
81.004390,-3.131118
80.672770,-1.845503
81.007460,-0.286791
80.993610,0.693370
81.445820,2.595843
81.385850,4.109365
80.906600,4.935547
80.674610,6.329719
80.900280,7.117064
80.692460,9.168057
82.233230,-8.904193
82.141560,-7.716040
82.118260,-6.380684
81.937080,-5.208533
82.133070,-3.603854
82.651160,-2.432896
81.998480,-1.277154
82.140110,0.113308
82.074050,2.141040
82.618520,3.353436
82.334460,4.758985
82.500850,5.881002
82.185850,6.849731
81.947180,8.633080
82.336470,9.674850
83.367870,-9.396245
83.062640,-8.030887
83.224240,-7.149384
83.798220,-5.778525
83.695950,-4.228352
83.360600,-3.031223
83.483880,-1.883724
83.518850,-0.422950
83.016080,1.168337
83.209560,2.500718
83.455050,3.875082
83.198150,5.293209
83.290440,6.321756
83.141880,7.665187
83.099300,9.107431
84.380790,-8.936213
84.494540,-7.805859
84.638730,-6.763015
84.457630,-4.832294
84.527370,-3.651962
84.464680,-2.145117
84.566250,-0.821037
84.616420,0.548933
84.598530,1.677218
84.123340,3.321260
84.122360,4.035048
84.411720,5.439992
85.042960,6.925153
84.518760,8.290840
84.533770,9.629821
85.694780,-9.280130
85.520870,-8.638727
85.155360,-7.119141
85.600470,-5.712169
86.034030,-3.993151
85.908680,-3.051715
86.122230,-1.667947
85.762650,-0.426122
85.482200,1.230403
85.964580,1.970549
85.426370,4.012210
85.656480,5.012225
85.536990,6.112949
85.749880,7.586045
85.390060,9.258638
86.423190,-8.757875
86.420160,-7.860463
86.821750,-6.267431
86.656070,-4.793123
87.108340,-4.090968
86.928840,-2.233287
86.397510,-1.076142
86.723410,0.756520
87.118520,1.611536
87.002530,3.133242
86.532940,4.601258
86.734240,5.120954
86.672180,7.141607
87.000070,8.701818
86.810610,9.813348
87.489850,-9.796029
88.079290,-8.825087
87.835110,-7.448606
88.503340,-5.430958
87.885000,-4.679620
88.377080,-2.896684
87.794750,-1.346607
88.287050,-0.738226
88.310070,0.708199
88.058240,2.090300
87.468640,3.579146
88.014210,4.956899
87.967400,6.326967
87.976000,7.640739
88.189200,8.943119
89.134450,-8.973205
89.627150,-7.795838
89.115780,-6.208693
89.223270,-4.705661
89.035690,-3.529666
88.969640,-2.368991
89.262470,-0.651053
89.153140,0.444782
88.890110,1.863696
89.397680,2.536014
88.733320,4.329695
88.801110,5.679255
89.048150,6.827369
88.950100,7.910768
89.065220,9.606666
89.841220,-9.381577
90.637840,-8.264154
90.189730,-6.739980
89.941450,-5.552392
90.388470,-3.970118
90.277500,-2.976755
90.103260,-1.642207
90.440380,-0.521803
90.597160,1.325604
89.927280,2.048671
90.226430,3.662937
90.283420,4.435903
89.999280,6.263877
90.509570,7.689687
90.023970,8.890501
91.880120,-9.017245
90.878830,-7.564427
91.045620,-5.964133
91.279650,-4.973978
91.478740,-3.727732
91.483240,-2.363957
91.594100,-0.905097
91.521090,0.221162
91.089680,1.311999
91.394980,3.245145
91.583790,3.777030
91.191410,5.714092
91.724630,6.893569
91.695470,8.308917
91.835420,9.918233
92.581650,-9.360507
92.592440,-8.613573
92.953740,-7.301527
92.412300,-6.128504
92.957450,-4.353902
92.734320,-3.017327
92.282520,-1.281925
92.591430,-0.286297
92.791150,0.921516
92.560790,2.245717
92.390300,3.711678
92.618200,4.432423
92.296730,6.042732
93.082050,7.643781
92.828150,8.476311
93.410250,-9.278739
93.300300,-7.301525
93.656390,-6.677723
93.505600,-5.275275
94.103030,-3.580249
93.773510,-2.447574
93.722420,-0.987145
93.975430,0.125203
93.241240,1.572207
93.753950,2.969515
93.595680,3.964013
93.725220,5.962794
93.470470,6.571174
93.822860,8.089048
93.843270,9.366458
94.910350,-10.030710
94.702630,-7.855994
95.050260,-6.534537
94.978460,-5.544892
94.522350,-3.899904
94.878630,-3.155313
94.697260,-1.784216
94.567160,-0.451727
95.107120,0.688685
94.861100,2.734097
94.912920,3.658156
94.597640,4.966514
94.850580,6.272609
95.335330,7.440134
94.984300,8.803006
96.227360,-8.852197
96.118650,-7.520503
96.082830,-6.387037
95.980710,-4.804203
96.258270,-3.331168
96.378310,-2.579208
95.550540,-1.104765
96.021950,0.348454
96.067180,1.560889
96.026150,2.929856
95.982930,4.309935
95.948630,5.567567
95.670720,6.633800
95.982020,8.298897
96.165890,9.902225
97.238290,-9.546912
97.282920,-7.912240
96.770500,-7.194510
96.893900,-5.616540
97.362370,-4.820650
96.999710,-2.786452
97.002780,-1.223312
97.560200,-0.665046
96.915210,0.828941
97.143710,2.500496
97.176320,3.665726
97.204470,4.717976
97.070210,6.466743
97.645200,7.946288
97.280460,9.024270
98.119740,-9.085817
98.418780,-7.692216
98.431320,-6.138411
98.089110,-5.151089
97.985700,-3.607445
98.681730,-1.988798
98.425820,-1.053211
97.859500,0.078713
98.418970,2.026052
98.392090,3.332161
98.038190,4.779855
98.524390,5.971817
98.605310,6.574787
98.676600,8.449612
97.914220,9.593881
99.538930,-9.652792
99.860980,-8.242917
99.496730,-6.918439
98.952550,-5.788891
99.405330,-4.190739
99.767880,-3.445387
99.585620,-2.070316
99.501640,-0.308792
99.293780,0.517104
99.550260,2.366119
99.774840,3.715558
99.871830,4.899143
99.952100,6.620223
99.294490,7.651333
99.473750,8.960156
100.615400,-8.938171
100.328800,-8.087813
100.327000,-6.072688
100.637800,-4.979166
100.754900,-4.038160
100.647300,-2.473308
100.465500,-1.170516
100.377600,0.579515
100.382100,1.718152
100.974100,2.918998
100.967500,4.296783
101.081200,5.884947
100.861800,7.124393
100.618500,8.208996
100.705700,10.062300
102.090800,-10.023940
101.800200,-8.359161
101.837500,-6.769073
101.759500,-5.565207
101.428200,-3.961678
101.731200,-3.013686
101.360600,-1.558413
101.669300,-0.553698
101.879500,0.657910
101.817700,2.230925
101.886100,3.464620
101.495500,4.532767
101.527300,6.551255
101.968200,7.741847
101.764400,8.956950
103.059900,-8.968989
103.405800,-7.561030
103.001800,-6.376387
102.876500,-4.925984
103.361300,-3.762097
103.389300,-2.332473
103.224700,-1.086649
102.912500,0.358102
102.645400,1.305531
102.940900,2.654595
102.906200,4.029779
102.918500,5.485028
102.996000,7.053461
102.715900,8.548371
103.454800,9.753633
104.040200,-9.332011
103.677800,-8.216644
103.770900,-7.112183
104.338500,-5.957014
104.201700,-4.221241
103.818000,-2.856959
104.172500,-1.624890
103.703900,-0.372015
104.016400,0.995627
104.185700,2.197854
104.244900,3.730921
104.498600,5.252937
104.578700,6.268978
104.178500,7.662789
104.297400,8.796234
105.074500,-9.341160
105.286200,-7.650410
105.116900,-6.447630
105.675500,-5.200155
105.353500,-3.739356
105.566200,-2.489063
104.924700,-1.128057
105.554600,-0.100229
105.514500,2.009342
105.200400,2.699495
105.405900,4.608644
105.239700,5.691898
105.386500,7.065456
104.788700,8.012918
104.928800,9.478490
106.776900,-9.405910
106.232300,-8.402736
106.406400,-6.670053
106.820500,-5.645130
106.454400,-4.300673
106.691300,-3.311616
106.227500,-2.004814
106.749000,-0.285918
106.368700,1.047089
106.458100,2.429015
106.073200,3.880228
106.504000,4.505610
106.293200,5.928237
106.569200,7.643063
106.499600,8.746598
107.570600,-8.983936
107.390900,-7.276261
107.755500,-6.246195
107.277800,-4.859543
107.467700,-3.689108
107.158200,-2.631436
107.209400,-1.260695
107.677700,0.292666
107.375300,1.253876
107.321200,2.855331
107.185900,4.168432
107.973000,5.706598
107.548000,6.845232
107.650000,7.933015
107.477900,10.012640
108.328300,-9.362055
108.405900,-8.379129
108.299400,-6.579087
108.548400,-5.809016
108.546400,-3.917269
108.857400,-2.939477
108.669500,-1.658540
109.191800,-0.567610
108.614400,1.147209
108.407100,2.662487
108.379000,4.112120
108.777900,5.155428
109.145800,6.173912
108.719900,7.612100
109.177800,9.084732
110.274000,-9.056562
109.425000,-7.614605
109.692200,-6.058639
109.911500,-4.603304
109.583200,-3.642161
109.868700,-2.351076
109.565900,-1.074224
109.564600,0.219792
109.854700,1.768088
109.790300,3.031294
110.116900,4.625780
109.793200,5.553686
109.827900,6.981021
109.533600,7.950362
110.107400,9.328996
110.813300,-9.735437
110.915000,-8.307262
111.045000,-7.418222
110.662200,-5.742857
110.625700,-4.684665
111.024000,-2.870894
110.996800,-1.693281
110.624600,-0.581682
110.919800,1.052235
110.590700,2.074974
111.142500,3.487454
110.984800,5.142513
111.085800,5.958150
110.927800,7.237059
111.155700,9.093914
112.394800,-9.188051
112.072700,-8.120868
112.472500,-6.502512
112.340800,-4.856765
112.221300,-3.277903
111.768700,-2.166989
112.178200,-1.071758
112.171000,0.419986
112.470200,1.719183
112.227600,2.840637
112.300000,4.829974
112.570800,5.698215
112.405700,7.331264
112.606300,8.537735
112.368300,9.597155
113.418800,-9.982488
113.328700,-8.710887
113.260400,-7.225872
113.239500,-6.101484
113.157300,-4.475559
113.393900,-3.498371
113.282100,-1.917735
113.117300,-0.628653
113.208000,0.931450
113.418000,1.911095
113.341900,3.425419
112.888400,5.103262
112.989000,6.223333
113.455100,7.270522
113.543200,8.808998
114.393800,-8.967224
114.330100,-8.023265
114.570000,-6.212505
114.433500,-4.989247
114.239500,-3.571840
114.486000,-2.280638
114.440400,-0.845699
114.678100,0.575782
114.390600,1.729243
114.198200,2.627209
114.409500,4.308506
114.476100,5.670157
114.572200,7.358726
114.422300,8.852598
114.615900,9.936872
115.687500,-9.544924
115.593100,-8.193877
115.840500,-7.029884
115.645600,-5.598744
115.789500,-4.119269
115.548700,-2.974846
115.826400,-1.651700
115.578400,-0.336377
115.203900,1.093290
115.583900,2.325485
115.507600,3.640093
115.771300,4.779561
115.249600,6.208391
115.721900,7.904297
115.142400,9.272498
116.684300,-8.847883
116.748700,-7.771829
116.700900,-6.283981
116.959100,-5.303128
117.040200,-4.065701
116.484100,-2.552778
116.785500,-1.038383
116.471600,-0.087964
116.785300,1.866799
116.880200,3.304136
116.671600,3.853927
117.115800,6.019087
117.102300,6.686053
116.737900,8.269589
116.753700,9.643921
118.197100,-9.910000
117.725300,-8.451899
117.665000,-7.130005
117.904600,-5.718697
117.996600,-4.298462
117.832800,-2.754464
117.794000,-1.871360
117.920500,-0.138961
117.758000,1.157307
117.830600,2.635464
117.730900,3.680301
118.249400,5.245509
117.865200,6.288587
117.840800,7.652553
117.954000,9.075467
118.960400,-8.975377
119.031800,-7.504118
119.125800,-5.989491
119.060200,-5.211821
119.079300,-3.299877
118.772400,-1.991006
119.100000,-1.056331
119.318800,0.532203
119.088300,1.600049
118.615600,3.132331
119.180000,4.337584
119.078600,5.784013
119.052800,7.088989
119.098900,8.233129
118.929100,9.685800
119.946700,-9.761055
120.749800,-8.283854
120.332900,-6.972335
120.420000,-5.202561
120.110000,-4.593900
119.768400,-2.785385
120.156100,-1.689650
120.116500,-0.268949
120.586500,1.191725
120.215400,1.843310
120.379900,3.542567
119.850400,5.342296
120.186800,6.292405
120.027700,7.728139
120.240800,9.078279
121.317400,-9.061202
121.339700,-7.640111
121.395500,-6.594383
121.508000,-4.490364
121.346200,-3.648954
121.345700,-2.218268
121.371800,-0.907130
121.598100,0.274540
121.085500,2.018366
121.474000,3.529415
121.093100,4.244363
121.580000,5.467226
121.166700,6.850605
121.352200,8.300831
121.536300,9.401218
122.497900,-9.485885
122.448400,-8.341526
122.623200,-6.714930
122.436900,-5.928883
122.435200,-4.137703
122.647800,-3.378835
122.231200,-1.467414
122.391500,0.073716
122.317400,1.072626
122.152100,2.246081
122.613100,4.065492
122.468600,4.668289
122.913500,6.351260
122.719200,7.295192
122.698500,8.840870
123.252400,-9.286150
123.707800,-7.692822
123.888300,-6.683638
123.112300,-4.908935
124.006400,-3.506433
123.422200,-2.155728
123.669100,-1.065931
123.643700,0.105774
123.521500,1.695474
123.895300,2.495863
123.693000,4.228315
123.905500,5.400586
123.804700,7.161691
123.495000,8.417003
123.382500,9.702157
124.760500,-9.587880
124.382400,-7.980293
124.791400,-7.204961
124.730600,-5.653172
124.971200,-4.069340
124.946000,-2.617960
124.777100,-1.532846
124.517900,-0.750458
124.425800,1.184801
124.673100,2.201593
124.742400,3.289344
124.797800,5.012470
124.825100,6.068429
124.546600,7.420176
124.438900,8.629235
125.856000,-8.459805
126.006300,-7.670330
125.940500,-6.282126
125.762700,-4.562998
125.924400,-3.622037
126.243500,-2.328427
125.579100,-1.192664
126.196700,0.462869
125.803000,1.507695
125.943800,3.019315
126.243900,4.793095
125.810800,5.688602
126.157500,6.930757
126.027800,8.713529
125.934400,9.617483
127.008000,-9.701294
126.900300,-8.240495
127.271400,-7.233517
126.762500,-5.880715
127.609400,-4.110355
126.960500,-2.935977
126.989600,-1.264506
126.998300,-0.343112
126.858900,1.108706
127.077300,2.333210
127.157300,3.838850
127.074500,4.611249
127.351900,6.308367
127.439600,7.943738
126.750200,9.079313
128.254600,-8.934738
127.838500,-7.980824
128.264800,-6.322221
128.681200,-5.012177
128.425200,-3.656079
128.087200,-1.894929
128.755000,-0.843027
128.151500,0.271159
128.077200,1.813510
128.002800,3.147160
128.051400,3.936030
128.257600,5.624779
127.935900,6.662480
127.946600,8.212289
127.758100,9.371831
129.423400,-9.626253
129.734800,-8.275310
129.264900,-7.025031
129.383900,-5.636634
129.365400,-4.296819
129.859100,-3.040432
129.508700,-2.027090
129.249000,-0.180723
129.773800,0.622139
129.411600,2.398616
129.259500,3.802145
129.270800,5.298718
129.545400,6.526750
129.263100,7.740219
129.319400,8.963620
130.072500,-8.867413
130.617400,-7.413861
130.677200,-6.276544
131.054800,-5.054976
130.059200,-3.616879
130.953100,-2.618711
130.909600,-0.873754
130.914700,0.569826
130.223000,1.871922
130.623500,2.986562
130.374500,3.930723
130.239600,5.188787
130.390600,7.337513
130.685100,8.321301
130.680900,9.378318
132.189600,-9.895364
131.484200,-8.435559
131.447800,-6.788711
131.659900,-5.742940
131.695400,-4.353916
131.683400,-2.998607
131.652100,-1.654680
131.662500,-0.379348
131.524400,1.111790
132.082200,1.968105
131.746100,3.716208
132.093900,5.013028
131.693100,6.332565
131.959400,7.194852
131.612600,8.921015
133.093400,-9.288054
132.406700,-7.523513
132.661800,-6.366571
133.251500,-4.963783
132.744400,-3.610056
132.296600,-2.440584
132.937900,-1.099844
132.946700,0.260335
132.970200,1.693231
132.849200,2.970555
132.851300,4.874208
132.501400,5.468631
132.847200,6.573626
132.882300,8.832713
133.066900,9.959969
133.868500,-9.835895
134.268900,-8.060881
134.314700,-7.124568
134.299200,-5.763055
134.422000,-4.283813
133.902700,-3.144883
133.801800,-1.195930
134.249400,0.039383
134.246900,0.716080
134.404900,2.269306
134.008600,3.654992
134.112300,4.647640
133.869100,6.366125
133.703700,7.175071
133.782300,9.376388
135.149100,-8.802793
135.034100,-7.719396
135.414700,-6.701310
134.838300,-5.259099
135.280900,-3.457330
135.165900,-2.225537
134.664200,-1.282535
135.171300,0.481126
134.864300,1.360968
135.182200,3.011169
135.586900,4.111937
135.238000,5.666120
135.273300,7.275039
134.979700,8.391711
134.976100,9.755102
136.350300,-9.624793
136.198300,-8.192605
136.246900,-6.948962
136.178900,-5.552902
136.583100,-4.230637
136.333800,-3.008871
136.248100,-1.721970
136.322800,-0.021404
135.885500,1.151934
136.299300,2.277041
136.195900,3.494982
136.121200,5.131752
136.314500,6.302578
136.303600,7.636353
136.534800,8.544056
137.206100,-9.005323
137.553400,-7.603979
137.256200,-6.403837
137.861500,-4.672022
137.351500,-3.839455
137.531000,-2.353534
137.442600,-0.911145
137.150600,0.083013
137.170100,1.216309
137.623300,3.091284
137.470600,4.179105
137.142600,5.316092
137.351700,6.691171
136.959300,8.502738
137.435500,9.530960
139.007200,-9.792982
138.683200,-7.882691
138.353300,-7.267209
138.600600,-5.584689
138.694200,-4.420142
138.554300,-3.499300
138.442600,-1.731581
138.736600,-0.516489
138.081900,1.138051
139.024400,2.296702
138.480200,3.516086
138.699100,4.899879
138.647000,6.359472
138.601600,7.617780
138.301200,9.082037
139.602700,-8.919873
140.067200,-7.861669
139.407500,-6.121072
139.891700,-5.478481
139.627400,-3.130850
139.361000,-2.644468
139.439300,-1.105720
139.768200,0.360696
140.034000,1.478292
139.731000,3.072718
139.831200,4.188235
139.440300,5.725918
139.848800,6.696139
139.551300,8.827169
140.024300,9.921597
141.176400,-9.697803
141.214300,-8.667833
140.946300,-7.061466
141.221100,-5.223593
141.292200,-4.140345
140.862100,-2.908541
140.872700,-1.151152
140.918400,-0.336659
141.046700,0.540492
140.475500,2.106795
140.540700,3.619200
140.992300,4.948034
140.749300,6.248160
140.447200,7.930474
140.912900,9.299764
142.017600,-8.947927
142.358100,-7.652792
141.590800,-6.472330
142.102300,-4.645068
142.153500,-3.590265
142.018900,-2.154328
141.623900,-0.907581
142.363700,-0.053223
141.895300,2.116683
142.465100,2.739786
142.012600,4.476210
142.009300,5.728894
142.229400,6.824656
142.388100,8.404112
142.137700,9.689734
143.194600,-9.766582
142.807700,-8.184577
143.484500,-6.726991
143.224900,-5.667639
143.239500,-4.328764
143.331600,-3.304650
143.358500,-2.026908
143.375400,-0.227593
143.519500,1.108557
143.130900,2.872409
142.935100,3.376987
143.369700,4.556546
143.485300,6.574610
143.239900,7.301736
143.559700,9.209373
144.532400,-9.420891
144.424200,-8.083884
144.405700,-6.564047
144.244200,-5.069118
144.396500,-3.543194
144.718200,-2.176795
144.718200,-0.895358
144.310700,0.477220
144.214100,1.458314
144.181400,2.599226
144.823000,4.367571
144.324800,5.579765
144.487200,6.922049
144.150100,8.691145
144.243500,9.692039
145.642900,-9.663682
145.237300,-8.554919
145.053300,-7.007581
145.497700,-5.620254
145.703100,-4.194008
145.558900,-2.906491
145.591800,-1.353661
145.529500,0.019034
145.615800,1.095100
145.235800,2.357354
145.450100,3.879512
145.165100,4.553379
145.383000,6.188396
145.301500,7.788876
145.787100,9.058061
146.730400,-9.023336
146.107800,-7.756391
146.617800,-6.289356
146.618200,-5.012104
146.861400,-3.499055
147.149000,-2.384683
146.351700,-1.004616
146.528100,0.399214
146.393700,1.608539
146.697800,3.022753
146.659500,4.197258
146.590400,5.735882
146.678100,6.640540
146.260500,8.009043
146.483400,9.791102
147.822000,-9.194394
148.168000,-8.258418
147.771200,-6.881132
147.984200,-5.941752
147.476500,-4.158505
147.662000,-3.484169
147.890900,-1.595280
147.790700,-0.361591
147.877100,0.819698
147.651100,2.683891
147.754000,3.119704
147.699700,5.167240
147.733100,6.307787
148.176700,7.746155
147.758500,9.219472
149.365800,-8.668370
149.434300,-7.920125
148.652300,-6.280525
149.125400,-5.194693
149.275400,-3.870820
149.171400,-1.976407
149.397900,-1.327545
148.904900,0.237938
149.092200,1.563542
149.189800,2.911354
148.976800,4.543014
149.245200,5.973722
148.978000,6.961129
148.948400,8.297545
149.196900,10.020270
149.732700,-10.014340
149.900000,-8.131726
150.109300,-6.861882
150.075500,-5.456548
150.080400,-4.112917
150.127900,-2.838043
150.115500,-1.499610
149.559200,-0.380513
150.041500,1.113307
149.732800,2.229098
150.540200,3.639263
150.099000,4.952810
150.239500,6.480420
150.044400,7.441006
150.075700,8.987703
151.195800,-8.849423
150.903000,-7.690243
151.413300,-6.290876
151.358200,-5.030007
151.246200,-3.672204
151.105700,-1.924681
151.135100,-0.870005
151.239300,0.196374
151.756300,1.684320
151.373600,2.734389
151.321800,3.958291
151.245600,5.506635
151.195000,7.063735
151.424400,8.219887
151.611200,9.922152
152.418500,-9.618615
152.108000,-8.149082
152.559900,-6.751759
152.450500,-5.672016
152.683400,-4.333588
152.763500,-3.264505
151.960200,-1.967423
152.380000,-0.312015
152.404900,1.004291
152.052800,2.056460
151.994800,3.608407
152.675100,5.471956
152.501000,5.870738
152.536400,8.080753
152.344500,8.884567
153.435800,-9.066107
153.569600,-7.609299
153.172700,-6.309284
153.607400,-4.910689
153.956300,-3.699443
153.433900,-2.461762
153.590600,-1.104489
153.483200,0.429748
153.240400,1.412452
153.623600,2.570432
153.949900,4.489978
153.191400,5.348737
153.501100,6.552699
153.484200,7.885291
153.519400,9.636628
154.890900,-9.132467
154.417800,-8.693871
154.713500,-6.937041
154.634100,-5.165652
154.597400,-4.257822
154.850300,-2.878590
155.028700,-1.789953
154.647200,-0.865682
154.701800,0.481871
154.766500,2.799492
154.726300,3.671127
154.536300,4.928826
154.737700,6.856637
154.782500,7.932135
154.696600,8.486251
155.600600,-9.016734
155.680300,-7.767612
155.743800,-6.294590
155.535500,-5.070632
156.162200,-3.954720
155.643000,-1.817143
156.082200,-0.901230
155.920400,0.054700
155.726100,1.797215
155.692100,3.148399
155.539300,4.050089
155.768000,5.719687
155.742900,7.112079
155.886100,8.431032
155.599900,9.629905
156.901900,-9.909569
157.090800,-8.321513
156.538400,-6.930894
156.823200,-5.334755
157.411900,-4.246521
157.035300,-2.987503
156.977000,-1.628634
156.950900,-0.314984
157.106300,1.364294
157.019300,2.305207
156.747300,4.129403
156.517500,4.873182
156.955600,6.281409
156.599700,7.589517
157.164800,9.029720
158.313200,-9.195149
158.001300,-7.861742
158.332800,-6.561424
158.084800,-4.980490
158.263100,-3.245381
157.845100,-2.713485
158.503600,-1.319974
158.627000,0.357740
158.072200,1.813688
158.443300,3.283977
157.708400,4.619102
158.278600,5.836000
158.663200,7.156540
158.185400,7.961898
158.438800,10.011520
159.050500,-9.221561
159.270600,-8.422060
158.918100,-7.167258
158.934200,-5.468680
159.303200,-4.841289
159.443600,-3.399411
159.261200,-1.913437
159.321100,-0.335104
159.136800,1.142813
159.699000,2.226820
158.761900,3.520252
159.337800,5.015028
159.397500,6.240863
159.176800,7.681514
159.589000,8.845222
160.698800,-8.950644
160.619100,-7.247742
160.637800,-6.452538
160.446200,-4.957774
160.527200,-3.558245
160.327000,-2.494282
160.472700,-0.843990
160.103300,0.269557
160.457900,1.649467
160.625400,3.080485
160.451600,4.317371
160.526100,5.539903
160.145300,6.540268
160.763800,8.065439
160.720400,9.660103
161.566400,-9.754261
161.628300,-8.298641
161.570000,-7.056858
161.971000,-5.538482
161.624200,-3.793721
161.596500,-3.248804
161.576300,-1.801283
161.331200,-0.350179
161.463500,1.139165
161.647000,2.051820
161.477300,3.472431
161.435400,4.945192
161.776900,6.147637
161.983200,7.973621
161.409800,8.790178
162.559800,-8.751109
162.633400,-7.571741
162.392200,-6.047390
162.490700,-4.866034
162.794100,-3.780466
162.859500,-2.307778
162.631800,-0.816116
162.671600,0.824137
163.281600,1.800585
162.724900,3.000791
162.579200,4.109088
162.830700,5.972851
162.778100,7.314495
163.109700,8.350784
162.472300,9.369953
164.397700,-9.763665
163.888500,-8.278826
163.856200,-7.065747
163.862600,-6.106192
164.076700,-4.617609
163.923100,-2.817529
163.896800,-1.651105
163.738800,-0.432143
163.668000,1.343479
164.057000,2.093595
163.941400,3.962473
163.627400,5.319787
164.147000,6.217771
163.635900,7.809969
164.052100,8.970257
165.601800,-8.931113
164.649200,-7.571318
165.174000,-6.699067
165.086400,-4.988663
165.070900,-3.660031
165.308100,-2.331934
165.053800,-0.732626
165.001300,0.892330
165.326100,1.583428
165.136400,2.666821
165.503700,4.468975
164.792500,5.884868
165.139900,6.483172
165.000100,8.437961
165.084000,9.752699
166.319900,-9.581378
166.420800,-8.412786
166.241800,-7.119587
166.076100,-5.552941
165.907900,-4.282843
166.142900,-2.702001
166.312400,-1.762333
165.812000,-0.370687
166.046500,1.457765
166.249200,2.513754
166.285800,3.305983
166.155700,5.196187
166.320000,6.842387
166.533800,7.998559
166.414200,8.699077
167.267200,-9.446939
167.315200,-7.662419
167.341600,-6.271066
167.487300,-4.693513
167.370400,-3.866239
167.443400,-2.322661
167.441800,-1.212741
167.245400,0.237681
167.270100,1.434175
167.243000,3.021059
167.094300,4.319386
167.288700,5.980667
167.246400,6.826565
167.277600,8.828547
166.953400,9.581681
168.737200,-9.982992
168.270900,-8.606768
168.182800,-7.187101
168.266600,-5.185190
168.326000,-4.642130
168.929900,-3.143501
168.487100,-2.200000
168.227400,-0.236307
168.482900,1.345524
168.015400,2.186874
168.655800,3.460940
168.588500,5.058566
168.054900,5.998560
168.341800,7.744623
168.123700,9.161992
169.604600,-8.985619
169.742100,-7.759024
170.089300,-6.579872
169.672600,-4.982189
169.645600,-3.884957
169.248200,-2.464224
169.926900,-0.517404
169.497400,-0.015210
169.593800,1.709725
169.462800,2.570239
169.659400,4.351443
169.767600,5.557710
169.652500,6.971851
169.598600,8.209147
169.282200,10.009110
170.723700,-9.520625
170.442200,-7.952269
171.002400,-7.299968
170.693100,-6.061836
170.553700,-3.967170
171.041400,-3.061978
170.640700,-1.939604
170.805500,-0.616196
170.915100,1.432515
171.026600,2.471828
170.640600,3.606758
170.803500,4.978878
171.108500,6.224234
170.789600,7.737420
170.575800,8.586073
171.905700,-8.927202
172.184600,-7.966229
171.802800,-6.495521
172.052600,-5.072468
171.995100,-3.648060
171.792100,-2.225134
172.280200,-1.331217
171.530000,0.086112
172.176100,1.799076
171.798000,2.839809
172.335000,4.321557
171.722500,5.629477
171.934800,6.759593
171.773200,8.290794
172.096900,9.209606
173.234900,-9.579782
173.112300,-8.272413
173.181500,-6.471542
172.958800,-5.676946
173.120000,-4.203355
173.219400,-2.743436
173.334800,-1.652207
173.232600,-0.122155
172.646100,1.053756
172.826500,2.339245
173.001100,3.831967
173.451400,4.707305
172.957600,6.271695
173.136800,7.612607
173.340000,9.054206
174.220500,-8.761472
174.091000,-7.423934
174.605600,-6.585629
174.197300,-5.042847
174.316700,-3.554000
174.808500,-2.391196
174.063000,-1.068979
174.285600,0.314445
174.463500,1.286662
174.354200,3.271868
173.920200,4.130894
174.253100,5.647625
174.396500,7.177086
174.170300,8.224828
173.765800,9.717822
175.290900,-9.224257
174.868800,-8.141533
175.434400,-7.171711
175.454000,-5.636762
175.069000,-4.488764
175.217400,-2.510629
175.263000,-1.646399
175.028600,-0.325302
175.867500,0.752506
175.914700,2.442838
175.489700,3.687299
175.177800,4.903124
175.545700,6.572806
175.353100,7.080261
175.306500,9.513708
176.416900,-9.452239
176.322100,-7.732436
176.624100,-5.864233
176.290600,-5.450717
177.036800,-3.759301
176.949400,-2.594761
176.961500,-1.119801
176.826600,-0.051266
176.663800,1.674867
176.463600,2.477425
176.572900,4.330430
176.553200,5.628497
176.366000,6.901127
176.277100,8.220974
176.111700,9.955183
178.106500,-9.874138
177.888200,-8.733249
178.085700,-7.005607
177.969200,-5.338480
177.638600,-4.118201
177.686100,-2.906190
177.588600,-1.794910
177.502700,-0.241511
177.714100,0.939345
177.491000,1.905530
177.549000,3.641563
177.931900,4.793727
177.810800,6.754399
177.496900,7.144922
177.738900,8.982682
178.405500,-9.008614
178.600300,-7.602760
179.134200,-6.433410
178.763100,-4.860698
178.921300,-3.699115
178.937200,-2.141452
179.204400,-1.214796
179.011700,0.347382
178.820500,1.779116
179.261100,3.073550
179.117200,4.634467
178.834000,5.651946
178.926300,7.329628
179.002400,8.539148
178.549000,9.665390
179.742400,-9.926779
179.486100,-8.394953
179.509100,-6.835192
179.869000,-6.021946
180.087200,-4.225944
180.165000,-2.771752
180.141800,-1.365927
180.141400,-0.457192
179.497500,0.888327
180.160600,2.851260
179.705000,4.104514
179.598700,4.937498
179.822600,6.434592
180.305400,7.937710
179.887600,9.234473
181.063200,-8.813354
181.121900,-7.420368
181.162400,-6.029611
181.106500,-4.965636
181.051600,-3.372422
181.157500,-2.328111
181.148600,-1.374011
180.961100,0.259887
181.349100,1.715760
181.060600,3.032066
181.043600,4.179136
180.736700,5.652259
181.220600,6.575234
181.193100,8.362620
181.156200,9.464899
182.371700,-9.485891
182.331800,-7.863819
182.084200,-6.480986
182.481800,-5.177608
182.333200,-4.009335
182.130300,-3.372175
182.351500,-1.496899
182.675800,-0.392855
182.311800,1.004655
182.268400,2.798533
182.306500,3.649531
182.152200,4.789713
182.441800,6.066327
182.188600,7.550797
182.021000,8.982526
183.440600,-8.484992
183.549200,-7.888484
183.411600,-6.276572
183.186700,-4.952440
183.263500,-3.556324
183.527800,-2.408760
183.480800,-1.009613
183.453100,0.800260
183.567300,1.492471
183.865700,2.984529
183.235700,4.065219
183.899700,5.652281
183.458600,6.937637
183.556400,8.812282
183.552400,9.401237
184.712400,-9.665730
184.634200,-8.308930
184.754300,-6.526700
184.734700,-5.329951
184.947300,-3.972275
184.870400,-2.991961
184.415400,-1.863841
185.147900,-0.479533
184.820500,1.308444
184.960300,1.937539
184.957700,3.414071
184.673600,4.563824
184.666500,6.191310
184.652100,7.472345
184.594100,9.061546
185.891600,-9.098848
185.822100,-7.700780
185.673000,-6.039393
185.738600,-4.633305
185.875200,-3.639901
185.949500,-1.836937
185.916400,-1.036191
185.718200,0.312086
185.886100,2.155393
185.811100,3.339430
185.956200,4.356752
185.854200,5.636007
185.659300,6.792661
185.522500,8.059047
185.948800,9.777010
186.616600,-9.533015
186.746500,-8.273990
186.818400,-6.929149
187.428900,-5.470735
186.955800,-4.313369
187.167600,-2.868828
187.354900,-1.752150
186.969600,-0.152779
186.896400,1.006911
187.181300,2.443081
187.288000,3.401156
186.557700,5.019483
186.937900,6.557654
186.747500,7.465081
187.157400,8.754701
188.085300,-8.955011
188.142000,-7.719885
188.035000,-6.314080
187.815800,-4.994656
188.003600,-3.622954
188.088600,-2.340444
187.923600,-1.128123
188.060900,0.325929
188.190000,1.703956
188.411300,3.001519
187.634600,4.386251
188.172100,5.415750
187.614600,7.117566
188.181900,8.327080
187.689800,9.476182
189.430600,-9.587646
189.220700,-8.305878
189.654200,-6.732984
189.036600,-5.833220
189.166300,-3.819152
188.872500,-3.037088
189.291200,-1.710816
189.340000,-0.257123
189.336800,1.169261
189.066200,2.703648
189.216000,3.587640
189.298900,5.224191
189.397100,6.298580
189.362900,7.325273
189.730600,9.060425
190.508900,-8.964369
190.523200,-7.161283
189.843100,-6.401378
190.654000,-4.738760
190.134700,-3.766854
190.740000,-2.245121
190.568100,-0.728594
190.558500,0.189638
190.718900,2.085388
190.389500,3.045701
190.530600,4.246201
190.495200,6.035515
189.983300,6.965272
190.213900,7.876621
190.700900,9.697149
191.619200,-9.741097
191.732000,-8.233803
191.346600,-7.107808
191.499700,-5.603115
191.370900,-4.407942
191.573300,-2.896770
191.397700,-2.147957
191.657700,-0.266938
191.765300,1.329479
191.692600,2.271191
191.536000,3.344160
191.916600,5.069751
191.451100,6.788246
191.508900,7.374513
191.386700,9.107119
192.208500,-9.017387
192.292100,-7.419716
192.776200,-6.761467
192.693300,-4.957494
193.142000,-3.571196
192.765400,-2.403727
192.634800,-0.958298
192.265100,0.703605
193.107100,1.428812
192.765500,2.904242
192.158900,4.097188
192.579800,5.434661
192.115900,6.891826
192.842700,8.376889
192.403500,9.526290
193.989000,-9.490269
193.754200,-8.262787
193.812500,-7.069567
194.281700,-5.464372
194.181500,-4.289243
193.673500,-2.997806
193.815800,-1.617677
193.579900,-0.728445
193.855800,0.979233
193.673000,2.280811
193.873800,3.579904
193.866900,5.015202
193.922000,6.007129
193.743100,7.972594
193.658700,8.442194
194.909000,-8.997593
195.128400,-7.923358
195.144300,-6.384630
195.018800,-4.899834
194.581100,-3.795881
194.491100,-2.221759
195.285000,-1.332778
195.193100,0.788192
194.674300,1.587154
195.064600,2.771623
194.822700,4.638562
195.370100,5.596347
194.956100,6.975764
194.962500,8.356076
194.773800,9.739662
196.202600,-10.083240
195.984200,-8.464431
196.425000,-7.350109
196.370100,-5.676534
196.087500,-4.205407
196.018700,-2.901005
196.067400,-1.216474
196.339300,-0.346154
196.377300,0.830305
196.207100,2.420792
196.563900,3.606453
196.581100,4.841124
196.093100,6.315568
195.889600,7.491132
196.139100,9.335088
196.860100,-8.658391
197.178800,-7.775651
197.652700,-6.009765
197.338600,-4.877787
197.073600,-3.915379
197.496200,-2.214104
197.315300,-0.838438
197.409400,0.139161
197.022200,1.613964
196.881300,3.096323
197.287000,4.207792
197.532200,5.700251
197.096800,6.884696
197.169000,8.079738
197.261300,9.589962
198.603900,-10.114830
198.433100,-8.374060
198.450200,-6.932656
197.880100,-5.759283
198.454700,-4.641884
197.975000,-3.173877
198.531000,-2.176405
198.858300,-0.533570
198.328300,1.480451
198.835400,2.168438
198.317100,3.391710
198.589500,4.868323
198.457800,6.535860
198.616100,7.552440
198.414900,8.964411
199.639900,-8.969665
199.619700,-7.873516
199.706100,-5.992105
199.145600,-4.820806
199.283300,-3.614787
199.863000,-2.117598
199.263500,-0.765352
199.970800,0.018408
199.620800,1.508225
199.502200,2.619993
199.977100,4.677348
199.398100,5.690512
199.663200,7.038722
199.186800,8.241858
199.669100,10.019330
200.418400,-9.379532
201.023600,-8.037487
200.711700,-6.976737
200.208800,-5.745373
201.110700,-4.037260
200.866100,-2.983601
200.695900,-1.692849
200.653900,-0.184933
200.360000,1.295457
200.501700,2.534347
200.734200,3.745108
200.800000,5.063696
200.306700,6.234610
200.874800,7.330283
200.982300,9.026523
201.890900,-8.978930
202.271000,-7.873050
201.824400,-6.162376
201.741600,-4.940128
201.980300,-4.174144
202.046300,-2.005879
201.323600,-1.092072
202.072300,0.323694
201.961500,1.932433
202.235500,2.626402
201.573500,4.673288
201.782300,5.189768
201.752900,7.004304
202.080400,8.599779
201.822000,9.314204
202.517200,-9.741720
203.002100,-7.861054
203.055600,-6.834150
202.547600,-5.463766
202.856800,-4.279083
202.840900,-3.018456
202.825300,-1.624956
202.722200,-0.306541
203.030900,1.049043
203.407600,2.318072
203.317700,3.294101
203.065400,5.144276
203.015200,6.290998
202.695800,7.629916
203.134400,8.697946
203.904700,-9.050854
204.126300,-7.730282
204.397500,-6.078330
204.065400,-4.964928
204.405000,-3.400525
204.230300,-2.059517
203.670600,-0.905249
204.149800,0.265883
204.201700,1.668378
204.036900,3.202089
204.049200,4.238675
204.259500,5.731297
204.260800,7.349249
204.553500,8.183250
204.221500,9.346509
205.320900,-9.654956
205.167200,-8.646325
205.648400,-7.378607
205.074800,-5.857084
205.197000,-4.321182
205.258800,-2.936002
205.467500,-1.804549
205.472200,-0.565674
205.415100,0.800014
205.150400,2.433049
205.203300,3.491432
205.331300,4.942041
205.494300,5.923326
205.101100,7.441058
204.876000,8.849645
206.018600,-9.119501
206.470500,-7.824127
206.357900,-5.943219
206.444800,-5.134103
206.007000,-3.793398
206.570000,-2.566637
206.805300,-0.597416
206.690000,0.326456
206.082700,1.262942
206.130600,2.723461
206.534400,4.206072
206.576600,5.923163
206.158400,7.416681
206.471000,8.606536
206.635500,9.657355
207.507900,-10.110250
207.754600,-8.432090
207.618400,-6.970857
207.366800,-5.288761
207.581100,-4.201080
207.975000,-3.368097
207.953600,-1.814035
207.764900,0.088997
207.504700,0.850564
207.153900,2.416607
207.590500,4.209879
207.441700,5.463355
207.060800,6.359731
207.190500,7.623260
207.568200,9.180292
209.024800,-9.259516
208.624500,-7.877919
208.878200,-6.371538
208.505800,-5.250228
208.949000,-3.636462
208.605300,-1.869278
208.340800,-1.325747
208.841600,0.276669
208.529300,1.801705
209.024900,2.751825
208.729000,4.216358
208.984500,5.549872
208.906800,6.558048
209.082200,8.338464
208.976400,9.600358
209.999500,-9.407892
209.367700,-8.266970
209.753800,-7.136469
209.711600,-5.251312
210.282700,-4.322348
209.901600,-3.061350
209.775100,-1.595049
209.889700,-0.531217
209.898300,0.553577
209.749800,2.145051
209.663100,4.037178
210.007300,4.925256
210.332800,6.579932
209.840400,7.495604
210.149200,9.370195
211.098000,-9.462770
211.220500,-7.516427
211.010000,-6.089582
210.546000,-4.965980
211.448400,-3.897921
211.157900,-2.118260
211.537200,-1.119952
211.044900,-0.040504
211.123100,1.968450
211.006600,2.776600
211.179200,4.360201
211.191700,5.702030
210.918900,6.661154
210.890100,8.616721
210.694900,9.603670
212.051400,-9.604899
212.734000,-8.282760
212.061000,-6.870887
211.970700,-5.371791
212.215000,-4.312975
211.829500,-3.360747
212.274000,-2.090868
212.348400,-0.340510
212.453700,0.957841
212.303100,2.278860
212.509600,3.570275
212.211500,4.576837
212.294100,6.156762
211.893400,7.496323
212.220700,8.970338
213.409600,-8.941631
213.509900,-7.578992
213.599300,-5.946478
213.578200,-4.831847
213.368500,-3.853786
213.081600,-2.359557
213.895900,-0.838219
213.025700,0.117061
213.348100,1.752972
213.187500,2.619224
213.403500,4.128490
213.226400,5.630102
213.353000,6.804947
213.429300,8.247916
213.304600,9.814929
214.324000,-9.499815
214.720500,-8.469984
214.407600,-7.388417
214.067600,-5.711979
214.432300,-4.407860
214.549100,-3.079461
214.658200,-1.421826
214.260700,-0.782767
214.542900,0.858467
214.191700,2.424839
214.728000,3.657449
214.001300,4.959459
214.604300,6.030783
214.202200,7.637333
214.523400,8.951748
215.930900,-8.688702
215.367200,-7.511705
215.807500,-6.474953
215.856900,-5.187246
215.686800,-3.679354
215.701600,-2.327704
215.570700,-0.842291
215.208500,0.596043
215.707200,1.538554
215.839000,2.755229
215.388800,4.122771
216.144400,5.705323
215.649300,6.990073
215.948700,7.920237
215.656400,9.173582
217.273100,-9.437574
216.505100,-8.429531
216.718800,-6.868092
217.154700,-5.351328
217.135200,-4.660155
216.715000,-2.978715
217.044400,-1.618754
216.752800,-0.866689
216.293000,1.057353
216.595400,2.733364
216.691500,3.652781
217.021900,5.202205
216.967900,6.074670
216.760800,7.718101
216.468800,9.196241
218.133100,-8.638617
218.243400,-7.819796
218.412400,-6.183020
218.432600,-5.166308
217.943000,-3.378644
218.075300,-2.645433
218.097100,-0.922558
217.637400,0.309970
217.885200,1.742153
217.957600,2.766042
218.109000,3.992285
218.044000,5.625522
217.803800,7.208531
218.244300,8.680714
218.046800,10.026070
219.098900,-10.065150
219.101800,-8.078508
219.052600,-7.218037
219.008200,-5.810930
219.163000,-4.596863
219.114700,-2.989738
218.779100,-1.830413
219.171500,-0.547830
218.902100,1.167487
219.319400,2.501148
219.457700,3.828320
218.791700,4.602926
219.012600,5.977426
219.478000,7.901407
218.960400,9.205460
220.353000,-8.867937
220.131000,-8.172212
220.267000,-6.302536
220.290800,-5.017390
220.257500,-3.580206
220.138300,-2.336064
220.245400,-1.013356
220.328100,-0.111058
220.167600,1.490328
220.448500,2.702760
220.161300,4.240878
220.056500,5.465703
220.282900,7.071762
219.771600,8.217044
220.298700,9.460839
221.363200,-9.519374
221.042000,-7.952448
221.405000,-6.698316
221.003300,-5.545112
221.204700,-4.473895
221.301000,-3.415916
221.317400,-1.627148
221.007900,-0.085372
221.880100,1.156273
221.572000,2.556765
221.475500,3.496321
220.887600,5.065462
221.411200,6.391084
221.472600,7.722240
221.429000,9.496361
222.957200,-8.769463
222.624400,-7.517663
222.586100,-6.331520
222.421600,-5.434537
222.853200,-3.510675
223.107700,-2.250278
222.647600,-1.493108
222.623700,0.199069
222.612900,1.665887
222.586900,2.934081
222.362600,4.206993
222.461700,5.145276
222.624100,6.969321
222.597400,8.289553
222.789800,9.617572
223.417200,-10.046710
223.785200,-8.267471
223.992000,-6.925514
224.200600,-5.548116
223.829500,-4.291861
223.646000,-3.282572
223.687700,-1.423376
223.329800,-0.414426
223.426100,1.436239
223.679000,2.528337
224.181900,3.778694
223.215200,5.177725
223.833200,6.533153
223.728700,7.623245
223.984000,9.345210
224.476800,-8.565658
225.216100,-7.344600
224.930600,-5.949833
225.192900,-5.177331
224.980500,-3.322732
224.596300,-2.243610
224.864000,-0.940404
224.636300,-0.021869
224.910800,1.267347
224.713300,2.474739
224.837500,4.598416
225.102900,5.421292
224.868400,6.973994
224.897100,8.261537
224.619100,9.700504
225.905900,-9.349735
226.012500,-8.337249
226.057000,-7.532303
225.905000,-6.127330
226.361400,-4.084606
225.824400,-3.170966
225.641000,-1.301412
225.838900,-0.359268
226.221700,0.664529
226.040100,2.542758
225.929700,3.818606
226.120300,4.629074
225.735600,6.558815
226.148800,7.814180
226.141000,9.046612
227.147000,-9.430001
227.160300,-7.620629
227.575500,-6.265830
226.942700,-4.613201
227.342900,-3.690153
226.831700,-2.282058
226.657100,-1.013268
227.074900,0.253807
227.231900,1.497471
227.365900,3.290956
227.162400,4.186353
227.020800,5.982308
227.077000,6.460310
227.404800,8.772648
227.570600,9.446169
228.100700,-9.180197
228.385300,-8.263782
228.638500,-7.038191
228.415700,-5.682851
227.887300,-4.472820
228.450000,-2.690096
228.382700,-1.627007
228.248600,-0.220449
227.952200,0.902693
228.613600,2.000933
228.219200,4.167673
228.496900,4.702350
228.703800,6.330452
228.051400,7.586820
228.347000,8.483590
229.344000,-9.024476
229.256800,-8.115117
229.856400,-6.565996
229.261200,-5.121137
229.420100,-3.458510
229.491200,-2.199387
229.584000,-0.994981
229.480200,0.298660
229.782900,1.302222
229.679300,3.032708
229.411800,4.150321
229.410900,5.642683
229.726100,6.771756
229.509700,8.049401
229.861700,9.579799
230.437400,-9.785945
230.694500,-8.273567
230.704200,-6.817591
230.595800,-5.649005
230.948400,-4.138564
230.159700,-2.846968
230.489000,-1.691600
230.098600,-0.434400
230.227400,1.158266
230.892900,2.711556
230.819000,3.691097
230.842500,5.117062
230.436200,6.096138
230.371600,7.635225
230.603800,9.204560
231.782600,-9.061943
232.247300,-7.365319
231.900100,-5.876456
231.280900,-5.078876
231.908500,-3.440386
232.272900,-2.323979
231.775100,-1.001735
231.626200,0.499202
232.201000,1.828024
231.740200,2.982190
231.642000,3.859193
231.662500,5.452589
231.651000,6.455153
232.094700,8.411326
232.112300,9.822088
232.889600,-9.755451
233.159300,-8.469639
232.770400,-6.965526
232.780500,-5.398740
232.876200,-4.247616
233.361100,-3.250673
232.958900,-1.812117
233.187400,-0.448646
232.857600,1.315036
233.056500,2.205757
232.952600,3.846254
233.188100,4.905957
232.719900,6.444412
232.661200,7.409605
233.457700,8.852932
234.335900,-8.480220
234.060800,-7.634973
233.822100,-6.223631
234.508500,-4.769936
233.812800,-3.741666
234.108500,-2.667500
234.339300,-1.075422
234.047600,0.302816
234.058800,1.634991
233.934700,3.055062
234.063300,4.181585
233.766000,5.750106
234.164600,7.032793
233.870400,7.980996
233.704500,9.246427
235.302200,-9.740341
235.666700,-8.127609
235.097600,-7.078444
235.366800,-5.309005
235.576500,-4.396000
235.544000,-3.248082
235.484000,-1.575920
235.342800,0.070241
235.075800,0.910457
235.368200,2.506842
234.987100,3.645715
235.226300,4.977619
235.336400,5.991780
235.360700,7.220065
235.183500,8.761989
235.859300,-8.749934
236.137900,-7.286244
235.867400,-6.476823
236.176900,-4.452646
236.420500,-3.634441
236.279800,-2.415521
235.871600,-0.878598
236.283200,0.640670
236.890800,1.635310
236.453200,2.590210
236.766700,4.601330
236.295800,5.909266
236.634800,7.156689
236.517900,8.358664
236.499700,9.722096
237.459900,-9.414775
237.601700,-7.825285
237.525200,-6.972520
237.564800,-6.037433
237.470100,-4.389750
237.190300,-2.647854
237.591000,-1.674069
237.679600,-0.131739
238.002200,1.067449
237.205400,2.379401
237.518000,3.656337
237.790600,4.685066
237.032500,6.094696
237.640300,7.634039
237.607000,8.959922
238.571000,-9.074685
238.853600,-7.661046
238.381800,-6.510616
238.729500,-4.880598
238.769400,-3.573528
238.464400,-2.214393
238.872800,-1.242413
238.818800,0.843539
238.886800,1.398362
238.799400,3.136335
238.743800,4.177508
239.080400,5.322748
238.652700,6.761032
238.785000,8.414026
238.869400,9.704195
239.837000,-10.139880
239.845600,-8.358216
239.859100,-6.607007
240.108200,-5.206602
239.823600,-4.293241
239.838800,-3.015568
239.771000,-1.653682
239.758200,-0.445740
239.894400,0.959781
240.219100,1.945095
239.997400,3.620969
239.829500,4.984206
239.867800,6.090540
239.881300,7.706923
239.727300,8.895705
241.095300,-8.502731
241.057400,-7.600976
240.825700,-6.108838
240.951300,-5.471645
240.694500,-3.937483
240.954700,-2.317996
240.973100,-0.995111
241.151300,0.301975
240.995200,2.191072
240.843800,2.614128
241.129900,4.324802
240.988300,5.669161
240.626900,7.337136
240.918100,8.099663
240.678500,9.745072
242.139100,-9.662098
242.478700,-8.409637
242.205200,-6.845826
242.056600,-5.849158
242.182600,-4.273260
241.912200,-3.083666
242.668000,-1.635334
242.184000,-0.229760
242.224800,0.559283
242.348400,2.502651
242.230400,3.701133
241.733400,4.900844
241.902000,6.823155
241.946900,7.528949
242.247000,8.488929
242.818500,-8.848618
243.466200,-8.048352
243.043400,-6.255075
243.107800,-5.129726
242.946900,-3.956256
243.430200,-2.132236
243.306600,-0.947628
243.275600,0.333479
243.367800,2.053689
243.503800,3.416651
243.273500,4.407682
243.455100,5.329360
243.202400,7.360791
242.921600,8.560489
243.448100,9.186166
244.368500,-9.727675
244.521400,-8.142795
244.397300,-7.434065
244.458100,-5.438849
244.032800,-4.366885
244.517300,-3.329720
244.581500,-1.119163
244.413300,-0.016337
244.443100,1.015520
244.250000,2.109682
244.616800,3.670827
244.620600,4.893483
244.355000,6.191463
244.249100,7.767905
244.090000,8.749283
246.079300,-8.792366
245.678400,-7.499017
246.010800,-6.381657
245.376800,-5.299322
245.596300,-3.601238
245.617300,-1.974043
245.876500,-1.056513
245.469700,0.173004
245.700400,2.208677
245.483600,3.346000
245.379700,4.333508
245.603000,5.527328
245.488200,7.308967
245.476300,8.088315
245.575400,9.702497
246.764200,-9.646989
247.105100,-7.968167
246.582500,-7.313026
246.514300,-5.421919
246.802700,-4.321501
246.450500,-2.897061
246.778600,-1.573212
246.791100,-0.153629
247.012500,1.138791
247.129900,2.437925
246.587500,3.556513
246.824500,5.265934
247.072700,6.726312
247.013400,7.937216
246.402000,9.143950
247.913700,-8.830879
247.888500,-7.169205
248.364900,-6.388889
247.727500,-5.375560
248.230000,-3.432488
247.909500,-2.088862
247.536500,-1.057469
247.883900,0.352552
248.161800,1.498737
247.807800,2.977459
247.866000,4.350055
247.867400,5.559714
247.849600,6.909337
247.692300,8.423076
247.517100,9.824623
249.156000,-9.540324
249.069000,-8.460852
248.906500,-6.895231
248.962400,-5.537228
249.065800,-4.268993
249.052300,-2.518356
249.204400,-2.106131
248.999900,-0.348417
248.707600,1.053732
249.136000,2.332019
248.804900,3.717042
248.959700,4.863494
248.925300,6.374351
249.029500,7.663089
249.110200,8.873544
250.718900,-8.934552
250.187400,-7.685978
250.248000,-6.542097
250.217300,-5.004387
249.968200,-3.798411
249.961300,-2.081454
250.328800,-0.658065
250.374000,0.063328
250.180100,1.981264
250.087900,3.182906
250.044800,4.015295
249.943200,5.494866
250.187100,6.987732
249.866300,8.159430
250.645900,9.681485
251.755100,-9.581170
250.910800,-8.051802
251.393100,-7.300988
250.901600,-5.457201
251.162200,-4.535415
251.470200,-3.070106
251.399800,-1.417189
251.624100,-0.097102
251.395700,0.964968
251.173000,2.066529
251.038100,3.532488
250.954500,4.852910
250.929100,6.288009
251.280400,7.680739
251.095200,9.292472
252.387300,-8.956523
252.410700,-7.586846
252.738300,-6.195750
252.802700,-5.034149
252.492700,-3.715131
252.507000,-2.871784
252.761400,-0.974486
252.100800,0.477483
252.607700,1.622730
252.339300,3.170891
252.473100,4.372431
252.533100,5.929160
252.146100,6.931170
252.669500,8.498554
252.318400,9.662518
253.592200,-9.581633
253.585800,-8.215748
253.379600,-7.251984
253.777100,-5.527679
253.699100,-4.388919
253.957000,-2.847398
253.662500,-1.602427
253.773900,0.153017
253.466900,0.854044
253.344400,2.663447
253.600600,3.600855
253.358900,4.585745
254.052100,6.334743
253.628100,7.659060
253.771100,8.949554
254.739500,-8.932652
254.606900,-7.827729
254.547200,-6.347833
254.648900,-5.042483
255.160700,-3.715438
254.745000,-2.536425
254.811300,-0.722501
254.784900,0.522072
254.835800,1.420921
255.281000,3.016511
254.748200,4.348464
254.752300,6.095905
254.752500,7.121877
254.746700,8.212379
255.107000,9.684176
256.366400,-9.837953
256.383100,-8.610916
255.882900,-6.795154
255.923400,-5.658809
255.846600,-4.766497
256.256900,-2.628697
255.817500,-1.342874
255.889600,-0.208347
255.470400,1.266532
255.950700,2.388117
255.921700,3.722543
256.206300,5.292004
255.764200,5.859466
255.986900,7.908260
256.171100,8.573904
256.938600,-8.855122
257.200800,-7.696235
257.242000,-6.228266
257.087300,-5.068212
256.767400,-3.262224
257.432400,-2.512804
257.082300,-1.268459
257.400200,0.126685
257.053000,1.590629
256.719800,3.080804
256.994800,4.539910
256.936900,5.287348
256.634400,6.762097
257.527000,8.281951
256.870200,9.650712
258.338000,-9.587210
258.059900,-8.677389
257.921500,-7.205243
258.083200,-5.276881
257.737700,-4.546855
258.251700,-2.716498
258.559700,-1.487920
258.122500,-0.262724
258.205300,1.007877
258.363100,2.209792
258.447900,3.523989
258.223100,4.971871
258.227000,6.315695
257.875100,7.698186
258.009300,8.572770
259.499600,-8.701570
259.371800,-7.623932
259.575100,-6.270606
259.374500,-4.980737
259.536200,-4.000727
259.397200,-2.240034
259.532200,-1.267776
259.243100,0.799626
259.224800,2.067544
259.545700,3.256121
259.216100,4.244658
259.184700,5.326208
259.333100,6.923987
259.651900,8.256892
259.044600,9.712332
260.553000,-9.603305
260.046300,-8.328032
260.864300,-6.892840
260.702000,-5.275047
260.409200,-4.553199
260.741700,-2.559918
260.350100,-1.561960
260.706500,0.010951
260.575300,0.497167
260.266300,1.979613
260.332300,4.097092
261.062700,5.082616
260.517500,6.862753
260.434300,7.353900
260.670000,8.598396
261.929000,-9.155969
261.788600,-7.644779
261.676900,-6.299448
261.821500,-5.059968
261.613000,-4.056189
261.722400,-1.956661
261.653600,-1.286497
261.896600,0.111026
262.019500,1.811213
261.223300,3.117321
261.822600,4.245720
261.521200,5.949618
261.560500,6.992651
261.626200,8.057323
261.810800,9.229193
262.454200,-9.669053
262.755400,-8.314704
263.149400,-7.362878
262.814400,-5.630963
262.718100,-4.115462
262.783200,-2.973997
263.019600,-1.691270
262.725700,-0.152979
262.817400,1.422222
262.305600,2.181754
262.821700,3.832695
262.338000,4.786901
263.126900,6.754420
263.000900,7.495335
262.913100,8.682985
263.878600,-9.245054
264.399600,-7.698661
263.688400,-6.288661
263.850800,-5.301297
263.647200,-3.215407
263.980800,-2.323124
263.639300,-1.369067
263.861700,0.205078
263.981000,1.725556
264.057500,2.989314
264.221800,4.019578
264.438400,5.459262
264.315100,7.118013
263.486800,8.228319
263.941300,9.520558
265.084900,-9.654682
265.086300,-8.288783
264.878800,-7.087645
264.801300,-6.096762
265.131400,-4.284972
264.988000,-2.505122
265.130000,-2.170733
265.403600,-0.246058
265.082900,0.861094
265.223600,2.240892
265.417100,3.669226
265.181100,5.322581
265.017600,6.281983
265.091200,7.212147
265.487000,9.076677
266.023800,-9.075378
265.921400,-7.528149
266.613900,-6.144501
266.449600,-5.072416
266.363900,-3.505963
266.183500,-2.196113
266.239700,-1.253130
266.136700,0.239754
266.427300,1.591871
266.676500,2.740261
265.900100,4.109089
266.443200,5.621123
266.242400,7.167083
266.340100,8.184415
266.272200,9.579041
267.629800,-10.015860
267.433700,-8.297210
267.273200,-7.507872
267.539300,-5.631575
267.446300,-4.543317
267.842800,-2.700426
267.586700,-1.649383
267.612100,-0.441670
267.423100,0.821775
267.104700,2.551993
266.922900,3.493008
267.087000,4.958063
267.214100,6.382680
267.389700,7.429596
267.101200,8.517496
268.547200,-9.282598
268.999300,-7.483678
268.586400,-6.301512
268.594300,-5.158312
268.446500,-3.479085
268.693800,-2.372240
268.524200,-1.465805
268.918200,0.267777
268.553100,1.956075
268.643300,3.104362
268.681900,4.176806
268.653700,5.704529
268.736800,7.100572
268.628500,8.148859
268.144300,9.647639
269.723200,-9.560368
269.404300,-8.032039
269.971100,-6.682389
269.735100,-5.621219
269.650700,-4.562912
269.500900,-2.691826
270.170600,-1.476357
269.966400,-0.290072
269.989200,1.255997
269.647500,2.439552
269.905500,3.516454
269.744200,4.500772
269.638700,6.392989
269.489100,7.401516
269.919800,9.097270
271.377500,-9.121823
270.873400,-7.557332
270.951600,-6.772641
271.296700,-4.688000
270.587800,-3.751980
270.777100,-2.480392
270.713700,-1.192810
270.794900,0.496991
270.878000,1.668806
270.617300,3.373168
270.990100,4.504509
270.964200,5.695678
270.744100,7.261731
270.769600,8.157209
271.364000,9.539454
271.854900,-9.601633
271.879800,-8.275758
272.298300,-7.237986
272.160800,-5.714491
271.975800,-4.149819
271.682300,-2.798068
272.219300,-1.539328
272.455400,-0.439459
271.840400,1.266048
272.277700,2.037488
272.535500,3.695719
272.185200,4.902475
271.625000,6.434074
272.127900,7.150639
272.074300,8.845589
273.056700,-8.748925
272.910500,-7.177853
273.127000,-6.334214
272.879100,-5.001675
273.353700,-4.125079
272.726400,-2.151855
273.099900,-1.020140
273.197600,0.611598
273.069600,2.040610
273.000100,2.643817
273.206200,4.121461
272.976700,5.262953
272.900600,7.134988
273.207800,8.260397
273.032800,9.615354
274.137100,-9.332945
274.525300,-8.187541
274.138500,-6.609285
274.303900,-5.793654
273.924700,-4.395147
274.682400,-2.662886
274.692300,-1.261673
274.766800,-0.072248
274.097300,0.823393
274.265300,2.655383
274.248800,3.984407
274.470000,4.454535
274.123000,6.450657
274.455100,7.719193
274.433100,9.452170
275.287500,-8.819730
275.064900,-7.370755
275.602000,-6.688379
275.414800,-4.922690
275.442100,-3.633521
275.466700,-2.313172
275.356000,-1.307481
275.501000,0.428001
275.873000,1.502686
275.704000,2.672795
275.491800,4.312303
275.201500,5.959816
275.458100,7.011026
275.421200,8.477700
275.858300,9.848671
276.621400,-9.656043
276.655100,-8.300668
276.213300,-7.075671
276.882600,-6.059897
276.858900,-4.017505
276.516900,-3.286866
277.128200,-1.432654
276.252400,-0.080817
276.258900,1.203620
276.531000,2.178530
276.336900,3.368638
276.737200,5.057964
276.694600,6.492667
276.704200,7.763282
277.044900,9.017018
278.292500,-9.097607
277.919300,-7.803047
277.800000,-6.308742
278.220700,-4.797509
277.632100,-3.967299
277.818300,-2.300220
278.095200,-1.041827
277.685400,-0.007899
277.765700,1.772740
278.192500,2.814197
277.276100,4.170357
277.658200,5.727118
277.732900,7.455087
277.567900,8.264289
277.788500,9.635453
279.364700,-9.526269
278.970600,-8.109082
278.861900,-6.627484
278.797900,-5.615710
278.715200,-4.277754
278.750900,-3.287971
278.932200,-1.350362
279.265500,-0.034379
278.733900,0.799988
278.766700,2.457199
278.520300,3.526556
278.903700,5.028224
278.737800,6.273880
279.038500,7.408423
278.893100,8.611252
279.949800,-8.858756
280.294200,-7.422791
279.962200,-6.210093
280.227900,-4.616196
280.213900,-3.868918
280.081600,-2.323575
280.070300,-1.033474
280.017200,0.450492
279.967500,1.721416
280.316400,2.570236
279.929300,4.168550
280.023500,5.600639
280.176400,7.039201
280.051900,8.205472
280.127400,9.072596
281.384600,-9.517090
281.020500,-8.083352
281.183800,-7.283916
281.350700,-5.711771
281.067000,-4.426894
281.681200,-3.172415
281.282500,-1.578398
280.839200,-0.188000
281.281100,0.953836
281.066900,2.060688
280.773600,3.657330
281.049600,4.586833
280.877000,6.265566
281.057500,7.309038
280.778900,8.963940
282.429400,-9.420955
282.447200,-7.638870
281.987100,-6.151545
282.709700,-4.913726
282.616000,-3.654696
282.236600,-2.361411
282.319300,-1.088343
282.555500,-0.040728
282.315600,1.696040
282.240200,3.142978
282.684200,4.305163
282.275800,5.675680
282.194200,7.100366
281.949700,7.950758
282.498500,9.203773
283.509900,-9.203877
283.687700,-8.155245
283.368400,-7.420582
283.861400,-5.770647
283.544800,-4.301458
283.910000,-2.611884
283.291500,-2.142586
283.703000,-0.820698
283.578100,1.035795
283.517200,2.326417
283.179700,4.047375
283.862200,5.127952
283.493800,6.270416
283.399800,7.868616
283.326500,8.963607
284.210100,-9.084766
284.451800,-7.924263
284.847700,-6.554787
284.629700,-5.122492
284.761000,-3.656477
284.387800,-2.135998
284.684200,-0.994963
285.121400,0.448405
285.078200,1.458833
284.888400,3.264650
284.736600,4.279624
285.077300,5.283409
284.634700,6.996766
285.133800,7.969775
284.976400,9.246157
285.339000,-9.538172
285.592500,-8.676144
285.823000,-6.899136
285.857700,-5.656209
285.835600,-4.281871
285.894000,-2.908578
285.386200,-1.472490
285.628800,0.138599
285.881700,1.039632
286.158900,2.294903
285.533000,3.585394
285.808100,5.017880
285.933300,6.417498
285.655400,7.736452
285.742600,8.478992
286.913000,-8.890073
287.097700,-7.741581
286.982000,-6.309283
287.025600,-4.937058
286.850000,-3.662059
287.066700,-2.186874
287.013500,-1.014867
287.299300,0.737682
287.104700,1.304864
286.848700,3.000795
287.023500,4.332471
286.927600,5.610790
286.973900,6.948596
287.284900,8.331616
286.971100,9.641539
288.272200,-9.642420
288.339100,-8.064844
288.095200,-6.650183
287.732400,-5.878244
288.007400,-3.995275
288.239200,-3.328061
288.057000,-1.663881
288.230700,-0.290958
287.637000,0.858840
288.634900,2.317410
288.279900,4.000688
287.774800,4.838612
288.513700,6.506540
287.996100,7.428421
288.093700,9.463078
289.222800,-8.789685
289.285300,-7.635332
289.309100,-6.282978
289.164700,-5.115360
289.523000,-3.679650
289.386500,-2.303096
289.341300,-1.040762
289.280500,0.266788
289.125900,2.030616
289.244500,3.409876
289.193500,4.200453
289.253200,5.758846
289.428500,6.779866
289.287400,8.391542
289.526200,9.312260
290.212900,-9.827858
290.432400,-8.140659
290.409100,-6.829491
290.098400,-5.753238
290.621200,-4.346262
290.214600,-2.811517
290.351200,-1.689648
290.387200,-0.614507
290.546600,1.043973
290.549100,2.477246
290.186400,3.573366
290.174300,4.905178
290.405800,6.162048
290.405100,8.032650
290.409900,8.975638
291.622200,-9.161551
291.285400,-7.232940
291.723300,-5.807300
291.748600,-4.762624
291.597300,-3.639483
291.345900,-2.341685
291.602800,-1.020102
291.551100,0.260001
291.438100,1.737342
291.452100,2.893645
291.062700,4.189429
291.323200,5.808379
291.655700,6.839325
291.461300,8.822337
291.462600,9.789287
292.766500,-9.679988
292.703900,-8.180443
292.830500,-7.087037
292.687200,-5.828436
292.514600,-3.876342
293.183800,-2.990516
293.250200,-1.757446
292.350600,-0.581815
292.621700,1.049709
292.980300,2.170388
292.601800,3.648187
292.740400,5.001902
292.566400,6.269489
292.295800,7.593333
292.621900,8.505997
293.784500,-9.087108
294.203300,-7.883335
293.711300,-6.258997
293.825600,-4.674830
293.847600,-3.096151
294.228000,-2.217685
293.994500,-0.978536
293.392800,0.222728
294.008100,1.936834
294.140100,2.763259
293.968000,4.561942
293.985600,5.776669
294.250300,6.748475
293.508000,8.701906
293.884500,9.975880
294.915300,-9.787300
295.039600,-8.186275
295.214500,-6.593109
295.105100,-5.737617
294.972900,-4.313386
294.886600,-2.597741
294.919100,-1.519200
295.041800,-0.326475
294.672100,1.145223
294.778400,2.726073
295.171400,3.713955
295.423500,5.002048
294.938100,6.287125
295.159100,7.471734
294.847200,8.679435
296.238700,-8.883642
296.523800,-7.696120
295.918800,-6.146249
296.023100,-5.101177
296.106400,-3.216412
296.289300,-2.848303
296.664900,-1.215733
296.295300,-0.131763
296.222400,1.460692
295.842500,2.751250
296.224300,4.225155
296.172100,5.884209
296.213200,7.338541
296.650200,8.089691
296.150400,9.577718
297.725700,-9.581542
297.330800,-8.249318
297.003200,-6.908402
297.192600,-5.831336
297.287000,-4.394382
297.635800,-2.810574
297.391900,-2.128391
297.116500,-0.084046
297.302000,0.670293
297.139600,2.223588
297.341800,3.496994
297.322900,4.976151
297.011100,6.305202
297.639600,8.082232
297.308900,9.001976
298.284600,-8.638951
298.496400,-7.742321
298.244400,-6.701803
298.415400,-5.246441
298.801600,-3.514520
298.296000,-2.449972
298.517400,-1.202296
298.467400,0.075303
298.291000,1.710676
298.322800,2.674090
298.451600,4.310465
298.461800,6.038336
298.605300,6.937666
298.903300,8.324529
298.741800,10.081440
299.810200,-10.011010
299.307100,-8.026209
299.894700,-7.084401
299.639000,-5.679631
299.607900,-4.626832
299.716900,-3.133264
299.677100,-1.677240
299.897800,-0.314632
299.576500,1.066184
300.169800,2.482973
299.887800,3.642335
299.375300,4.903147
299.529100,5.760828
299.780600,7.357838
299.617500,8.703804
300.909100,-8.817672
300.702100,-7.267073
301.184500,-6.372947
300.959700,-5.182244
301.278100,-3.507656
300.763900,-2.076199
300.876000,-0.999060
300.809400,0.355544
300.939700,1.550067
300.659300,3.001792
300.584600,4.392044
300.795800,5.671383
300.880600,6.783623
300.749800,8.431318
301.175300,9.414845
302.117200,-9.445309
302.371900,-8.417174
301.921600,-6.956892
301.939400,-5.639997
302.312800,-4.235356
301.633200,-3.061531
301.489600,-1.645314
302.039600,-0.811968
301.630000,1.146542
301.764900,2.140594
301.977800,3.742825
302.060400,5.055229
302.283400,6.364246
302.265600,7.196742
301.936800,9.071675
303.082800,-9.448221
303.154600,-7.806528
303.115200,-6.149670
302.939000,-4.740213
302.985400,-3.706392
303.045800,-2.365988
303.099400,-1.011495
302.975900,0.408463
303.526600,1.372800
303.281500,2.940206
302.935400,4.571777
302.839300,5.665748
303.021700,7.181967
302.957700,8.227138
302.958300,9.151881
303.804900,-9.422074
304.238300,-8.375658
304.608800,-7.233048
304.553700,-5.198736
304.156000,-4.357677
304.245400,-2.965106
303.970500,-1.373116
304.390000,-0.250236
303.738600,0.880639
304.275100,2.315048
304.525100,3.337973
304.265400,4.901883
303.993300,5.968461
303.908100,7.403469
304.229400,8.984212
305.402300,-9.067025
305.377700,-7.618473
305.371300,-6.390893
305.383500,-4.964916
305.708100,-3.954487
305.154700,-2.501515
305.387300,-1.048161
305.224700,-0.136024
305.190000,1.258076
305.397800,2.994257
305.058400,4.295755
305.596500,5.715668
305.735100,7.185921
304.996300,8.228536
305.461200,9.684132
306.188600,-9.432493
306.884400,-8.590795
306.645900,-6.939166
306.495800,-5.202088
306.734000,-4.231686
306.826300,-3.134174
306.701200,-1.610927
306.823000,-0.012287
306.573800,0.939398
306.456500,2.371479
306.586900,4.174152
306.851300,4.990062
306.162600,6.263844
306.619200,7.403018
306.541800,8.721119
307.338900,-8.920577
308.037500,-7.819416
307.554100,-6.284548
307.916700,-4.842192
307.656700,-3.463385
308.098600,-2.410603
307.912300,-0.768707
307.757400,0.241955
308.007200,1.672809
307.620800,2.979129
307.867500,3.788300
307.696200,5.407696
307.206700,7.189076
308.058300,8.546853
307.174400,9.426492
308.751900,-9.400525
308.836900,-8.190915
308.921800,-6.774924
308.571100,-5.491720
308.661400,-4.398650
308.903000,-3.275900
308.778800,-1.843755
308.831400,0.155033
308.384900,0.856460
309.116500,2.279142
308.598200,3.842986
309.233100,4.949157
308.837500,6.327279
309.104700,7.430954
308.991600,8.851536
309.915500,-8.918254
310.182500,-7.338749
309.594600,-6.561417
309.644100,-4.593003
310.522800,-3.677579
309.817400,-2.018378
310.075100,-0.773831
310.165800,0.790314
310.053000,1.444451
310.055200,2.898137
309.562700,4.080663
310.074500,5.801577
309.959300,6.819485
309.847400,7.930244
310.226600,9.662887
311.001900,-9.548137
311.105200,-8.244838
311.665200,-7.123347
310.703000,-5.676274
311.138800,-4.259357
310.991500,-2.777260
311.174600,-1.740078
311.099100,-0.302880
311.154700,1.086484
311.247100,2.597299
311.148400,3.726507
311.172800,4.670797
310.946500,6.681626
311.087400,7.728850
310.949200,8.527700
312.239200,-8.845938
312.503100,-7.543472
312.191400,-6.297591
312.532600,-5.483649
311.921700,-3.709165
312.077800,-2.017703
311.958900,-1.425396
311.817000,0.325070
312.651100,1.301302
312.300800,3.004616
312.697900,4.025888
312.292400,5.647191
312.587300,7.320928
312.292000,8.234415
312.271400,9.637526
313.831200,-9.642385
313.457100,-8.507736
313.715800,-6.936674
313.607800,-5.366831
313.428900,-4.720582
313.551800,-3.298668
313.945400,-1.767788
313.475600,-0.294764
313.166500,0.989809
313.554400,2.180660
313.552500,3.564068
313.298200,4.484069
313.172900,6.127503
313.353700,7.903215
313.500200,8.949072
