4.974,-9.857
20.952,-9.880
26.933,-9.940
27.981,-9.910
44.649,-9.861
61.105,-9.947
275.048,-9.880
267.964,-9.693
20.414,-9.720
57.892,-9.583
77.313,-9.669
53.973,-9.488
73.661,-9.455
52.122,-9.413
67.691,-9.384
75.522,-9.427
105.625,-9.387
140.820,-9.393
144.614,-9.400
235.792,-9.394
10.535,-9.315
13.957,-9.318
35.612,-9.340
40.649,-9.313
48.942,-9.331
63.467,-9.360
66.169,-9.311
79.027,-9.372
95.665,-9.328
98.303,-9.351
108.174,-9.347
109.313,-9.371
119.257,-9.342
125.021,-9.308
126.495,-9.314
133.969,-9.313
135.316,-9.288
139.423,-9.364
149.410,-9.306
155.779,-9.328
164.927,-9.302
9.239,-9.166
11.830,-9.233
16.665,-9.272
33.007,-9.220
64.765,-9.276
68.955,-9.274
71.731,-9.222
86.513,-9.223
89.064,-9.240
94.493,-9.293
99.659,-9.247
102.706,-9.240
110.664,-9.240
112.383,-9.286
113.465,-9.293
115.467,-9.256
137.831,-9.227
141.867,-9.300
143.417,-9.222
146.933,-9.227
157.219,-9.280
158.451,-9.222
160.495,-9.234
200.291,-9.266
216.343,-9.262
282.514,-9.254
285.557,-9.255
303.732,-9.209
307.162,-9.250
311.522,-9.240
22.040,-9.157
30.744,-9.152
39.314,-9.170
50.936,-9.195
56.703,-9.191
87.818,-9.174
91.855,-9.149
97.187,-9.127
106.951,-9.189
116.862,-9.182
120.600,-9.234
123.051,-9.162
128.961,-9.133
148.076,-9.173
151.776,-9.160
161.792,-9.206
166.056,-9.152
167.312,-9.167
169.186,-9.113
171.629,-9.160
185.409,-9.158
187.724,-9.160
188.952,-9.168
191.088,-9.146
192.533,-9.200
205.640,-9.195
212.151,-9.152
213.386,-9.135
220.263,-9.180
230.684,-9.189
278.591,-9.166
286.785,-9.140
293.240,-9.178
310.074,-9.189
312.762,-9.220
1.029,-9.080
7.132,-9.126
34.461,-9.075
36.984,-9.087
45.165,-9.059
47.444,-9.101
82.707,-9.130
93.122,-9.133
101.444,-9.090
104.003,-9.111
118.057,-9.120
121.752,-9.120
127.920,-9.067
130.324,-9.120
131.640,-9.074
132.761,-9.088
136.436,-9.131
145.846,-9.133
150.773,-9.080
173.984,-9.074
179.489,-9.102
181.197,-9.105
193.808,-9.065
194.921,-9.062
196.341,-9.087
197.564,-9.051
201.547,-9.095
203.122,-9.080
204.364,-9.098
209.808,-9.059
214.612,-9.107
217.751,-9.106
219.124,-9.102
222.995,-9.130
228.119,-9.107
240.798,-9.087
256.806,-9.120
263.026,-9.133
269.181,-9.080
270.571,-9.095
271.774,-9.087
273.178,-9.098
283.768,-9.096
290.607,-9.063
291.849,-9.048
294.476,-9.150
299.807,-9.094
306.133,-9.100
308.703,-9.131
5.971,-8.965
29.582,-9.036
38.095,-9.080
80.198,-9.025
84.041,-9.024
153.360,-9.025
170.477,-9.008
172.931,-9.035
184.182,-9.033
198.779,-9.046
206.950,-8.995
208.379,-9.007
221.524,-9.064
226.318,-9.022
232.190,-9.040
236.989,-8.992
238.398,-9.034
243.411,-8.988
247.240,-9.013
250.587,-8.930
252.520,-9.029
253.905,-9.068
255.537,-9.011
258.453,-9.050
259.811,-9.064
261.488,-9.006
276.733,-9.048
281.070,-9.029
289.243,-8.977
296.305,-9.054
297.503,-8.961
304.933,-9.023
2.413,-8.917
61.564,-8.986
70.550,-8.954
85.462,-8.902
90.189,-8.949
154.646,-8.971
163.456,-8.913
178.303,-8.973
182.841,-8.920
211.008,-8.992
224.391,-8.895
229.289,-8.971
233.333,-8.974
234.494,-8.949
245.790,-8.960
248.317,-8.936
264.268,-8.928
265.564,-8.952
302.269,-8.943
313.892,-8.918
13.007,-8.756
15.196,-8.870
24.231,-8.820
28.471,-8.782
55.413,-8.845
175.262,-8.852
186.570,-8.891
275.485,-8.801
298.744,-8.855
19.346,-8.754
27.048,-8.675
42.508,-8.800
59.145,-8.789
239.655,-8.791
244.745,-8.789
3.543,-8.720
76.474,-8.709
279.848,-8.704
17.638,-8.664
176.856,-8.680
242.057,-8.629
288.000,-8.640
53.198,-8.573
114.400,-8.560
159.406,-8.526
268.144,-8.455
4.724,-8.484
25.645,-8.462
77.981,-8.440
249.467,-8.470
300.918,-8.490
8.401,-8.425
20.588,-8.369
60.650,-8.426
62.781,-8.400
73.122,-8.389
81.507,-8.413
152.802,-8.301
156.571,-8.360
266.895,-8.388
292.705,-8.360
41.200,-8.300
49.960,-8.309
88.229,-8.320
109.790,-8.290
111.352,-8.320
138.694,-8.258
140.097,-8.271
142.570,-8.262
307.861,-8.298
10.667,-8.192
23.398,-8.196
31.889,-8.262
39.945,-8.245
48.725,-8.232
91.255,-8.251
124.211,-8.227
125.867,-8.208
130.870,-8.218
136.000,-8.168
144.004,-8.207
149.676,-8.200
151.361,-8.161
155.276,-8.231
188.558,-8.178
199.718,-8.216
215.564,-8.215
284.664,-8.217
0.838,-8.130
11.754,-8.149
35.110,-8.152
57.769,-8.147
64.342,-8.192
65.693,-8.115
67.089,-8.099
74.753,-8.136
86.933,-8.160
94.801,-8.064
96.265,-8.128
99.029,-8.165
105.073,-8.099
107.030,-8.138
108.393,-8.127
120.069,-8.088
129.400,-8.098
134.895,-8.160
141.181,-8.160
146.497,-8.173
147.597,-8.103
148.634,-8.098
154.119,-8.098
157.850,-8.173
168.476,-8.143
173.448,-8.160
182.230,-8.065
185.037,-8.120
201.125,-8.111
205.026,-8.154
216.952,-8.160
225.333,-8.136
231.200,-8.136
235.238,-8.120
274.266,-8.114
281.927,-8.166
14.243,-8.078
16.684,-8.047
47.535,-8.008
51.903,-8.093
100.341,-8.054
113.008,-8.016
116.391,-8.084
119.086,-8.120
132.160,-8.048
133.638,-8.080
145.087,-8.065
180.305,-8.104
189.548,-8.025
192.054,-8.054
197.101,-8.040
206.857,-8.080
222.709,-8.033
227.352,-8.080
251.558,-8.070
256.267,-8.040
257.568,-8.098
260.706,-8.098
263.162,-8.080
295.064,-8.097
303.168,-8.034
309.087,-8.058
2.476,-7.960
33.429,-7.996
56.533,-7.991
89.448,-8.000
97.504,-7.910
102.454,-7.973
117.638,-8.000
121.484,-7.960
123.060,-7.942
128.251,-7.929
137.507,-8.013
164.648,-8.000
167.297,-8.013
174.802,-8.011
175.930,-7.913
193.383,-7.978
195.579,-8.026
236.307,-7.938
246.783,-8.000
264.520,-7.946
269.943,-8.000
277.557,-8.000
304.212,-7.987
306.743,-7.991
310.773,-7.960
311.998,-8.006
30.270,-7.930
44.954,-7.884
54.478,-7.880
68.495,-7.872
83.202,-7.929
92.990,-7.902
160.589,-7.931
163.193,-7.887
171.141,-7.907
172.343,-7.920
187.336,-7.897
190.589,-7.849
202.476,-7.920
203.726,-7.863
212.876,-7.920
214.324,-7.920
218.337,-7.874
219.665,-7.898
228.610,-7.896
238.699,-7.924
253.277,-7.922
254.664,-7.920
273.181,-7.920
283.102,-7.895
285.621,-7.907
286.836,-7.865
290.408,-7.894
293.998,-7.909
305.579,-7.909
6.933,-7.824
22.049,-7.800
37.744,-7.800
69.848,-7.857
71.221,-7.862
77.015,-7.778
79.255,-7.853
177.865,-7.792
179.086,-7.840
183.716,-7.829
185.905,-7.840
194.421,-7.853
211.810,-7.840
220.874,-7.866
224.055,-7.851
232.703,-7.853
243.962,-7.840
245.469,-7.827
259.464,-7.826
278.666,-7.806
288.984,-7.767
298.494,-7.819
5.794,-7.697
9.545,-7.749
18.420,-7.739
36.493,-7.766
43.668,-7.726
80.474,-7.773
101.429,-7.767
103.844,-7.784
161.963,-7.769
165.981,-7.800
169.943,-7.760
198.384,-7.696
209.050,-7.773
210.242,-7.778
229.848,-7.735
233.867,-7.784
271.884,-7.788
297.453,-7.734
84.419,-7.680
240.990,-7.705
248.109,-7.662
280.762,-7.620
296.152,-7.680
300.006,-7.658
301.894,-7.653
15.338,-7.564
38.933,-7.593
42.318,-7.600
53.056,-7.575
59.688,-7.560
73.824,-7.560
106.019,-7.600
207.963,-7.632
226.327,-7.554
242.805,-7.608
265.943,-7.600
276.433,-7.540
291.650,-7.528
313.632,-7.600
3.471,-7.445
19.695,-7.544
29.012,-7.462
75.714,-7.503
82.132,-7.500
85.841,-7.480
205.957,-7.473
237.410,-7.550
250.362,-7.488
261.718,-7.529
275.238,-7.520
13.046,-7.462
27.695,-7.416
46.459,-7.431
62.086,-7.395
72.267,-7.416
115.293,-7.453
126.835,-7.423
268.783,-7.427
8.717,-7.279
24.648,-7.333
50.840,-7.349
63.428,-7.338
94.222,-7.302
114.020,-7.326
156.056,-7.369
252.273,-7.320
270.648,-7.279
287.941,-7.347
4.741,-7.267
25.890,-7.264
31.273,-7.252
91.410,-7.228
110.684,-7.262
123.983,-7.269
142.154,-7.265
147.864,-7.263
150.590,-7.280
152.076,-7.240
181.105,-7.286
239.865,-7.289
284.250,-7.267
55.709,-7.138
58.620,-7.153
66.514,-7.200
88.494,-7.168
112.059,-7.213
130.113,-7.189
135.511,-7.132
136.648,-7.136
139.313,-7.183
146.413,-7.142
157.012,-7.213
158.375,-7.142
159.512,-7.192
225.067,-7.209
257.123,-7.118
267.357,-7.183
294.590,-7.160
309.867,-7.160
2.438,-7.160
32.630,-7.109
49.579,-7.109
65.164,-7.107
78.135,-7.088
120.288,-7.062
125.553,-7.062
132.961,-7.062
140.668,-7.131
149.165,-7.097
153.371,-7.120
168.322,-7.107
176.800,-7.120
184.500,-7.075
217.586,-7.058
221.808,-7.068
235.124,-7.120
258.632,-7.085
312.722,-7.152
1.493,-7.027
10.497,-7.027
21.070,-7.022
109.257,-7.040
118.743,-7.057
129.007,-7.027
131.360,-7.008
163.810,-7.040
167.086,-7.010
169.236,-7.027
179.981,-7.058
182.878,-7.051
211.088,-7.000
244.399,-6.944
263.723,-7.048
293.277,-6.993
308.507,-6.977
34.020,-6.888
40.246,-6.938
48.189,-6.949
57.256,-6.887
60.838,-6.960
67.714,-6.942
87.388,-6.986
90.154,-6.949
96.740,-6.978
97.944,-6.992
99.449,-6.935
102.939,-6.886
134.174,-6.993
145.067,-6.990
154.916,-6.971
186.895,-6.960
193.545,-6.971
199.424,-6.936
204.780,-6.906
213.631,-6.875
216.056,-6.945
227.793,-6.947
231.674,-6.971
255.865,-6.938
272.784,-6.934
277.976,-6.914
279.665,-6.979
306.248,-7.000
14.286,-6.904
16.455,-6.865
35.259,-6.867
52.094,-6.869
79.724,-6.781
107.943,-6.897
116.278,-6.771
117.606,-6.833
121.615,-6.858
170.865,-6.872
171.793,-6.867
188.305,-6.880
190.057,-6.920
192.440,-6.892
195.903,-6.867
200.607,-6.913
223.030,-6.856
229.466,-6.798
249.069,-6.906
260.118,-6.876
283.238,-6.856
304.897,-6.893
311.446,-6.869
11.752,-6.817
70.516,-6.768
95.581,-6.800
137.949,-6.767
143.606,-6.796
162.673,-6.786
172.989,-6.768
174.210,-6.800
197.010,-6.775
214.885,-6.782
265.030,-6.782
274.019,-6.790
285.257,-6.780
303.429,-6.800
7.476,-6.691
17.638,-6.720
23.536,-6.724
29.926,-6.733
83.717,-6.741
92.952,-6.720
100.726,-6.714
106.836,-6.733
123.065,-6.729
161.429,-6.659
175.525,-6.742
191.221,-6.742
202.745,-6.639
209.517,-6.680
219.752,-6.703
232.968,-6.701
238.790,-6.657
253.469,-6.707
269.486,-6.720
281.871,-6.698
289.846,-6.733
299.293,-6.741
300.931,-6.703
307.239,-6.688
22.240,-6.632
27.038,-6.623
37.212,-6.600
38.303,-6.629
41.602,-6.634
54.459,-6.627
74.554,-6.672
105.550,-6.659
164.745,-6.635
194.874,-6.600
207.390,-6.640
212.457,-6.616
236.190,-6.600
241.851,-6.627
247.754,-6.653
254.721,-6.655
262.552,-6.593
286.513,-6.583
2.514,-6.560
9.561,-6.528
42.935,-6.536
47.010,-6.560
59.574,-6.499
68.969,-6.573
77.316,-6.573
80.857,-6.543
84.936,-6.583
177.752,-6.560
185.617,-6.573
246.438,-6.570
266.341,-6.571
296.800,-6.560
298.281,-6.520
44.247,-6.486
45.583,-6.424
127.602,-6.467
165.981,-6.480
178.688,-6.497
182.040,-6.469
218.565,-6.458
226.916,-6.455
230.743,-6.456
237.354,-6.491
251.276,-6.480
302.268,-6.491
6.193,-6.349
64.213,-6.378
73.164,-6.389
75.941,-6.345
112.816,-6.417
206.344,-6.415
220.933,-6.318
234.258,-6.367
240.555,-6.370
250.120,-6.346
261.241,-6.360
275.373,-6.339
276.914,-6.400
295.512,-6.352
12.838,-6.360
28.403,-6.263
53.080,-6.280
132.343,-6.280
147.105,-6.316
148.576,-6.280
149.867,-6.280
152.693,-6.312
189.248,-6.280
198.123,-6.287
203.848,-6.360
224.596,-6.302
243.406,-6.310
245.350,-6.297
292.287,-6.301
15.388,-6.234
18.873,-6.204
20.267,-6.220
24.766,-6.207
65.871,-6.194
94.256,-6.192
102.050,-6.235
104.115,-6.274
140.122,-6.175
151.306,-6.182
169.884,-6.185
176.467,-6.200
183.734,-6.234
225.885,-6.192
288.610,-6.280
8.419,-6.184
36.136,-6.118
39.450,-6.173
50.478,-6.192
56.550,-6.147
61.600,-6.160
62.815,-6.188
72.059,-6.147
78.819,-6.160
86.194,-6.150
115.352,-6.160
124.705,-6.105
126.341,-6.173
135.003,-6.107
145.773,-6.105
201.666,-6.126
208.343,-6.184
222.135,-6.128
228.592,-6.135
256.636,-6.179
257.676,-6.160
270.819,-6.120
290.991,-6.156
25.887,-6.089
49.257,-6.080
58.294,-6.048
111.411,-6.040
138.969,-5.975
141.600,-6.080
155.317,-6.019
157.807,-6.067
158.933,-6.071
160.303,-6.071
187.412,-6.067
210.531,-6.093
213.980,-6.046
267.321,-6.038
280.631,-6.088
300.078,-6.040
312.756,-6.053
2.417,-5.504
3.847,-6.022
31.962,-5.976
33.342,-5.953
91.924,-6.000
98.762,-6.018
109.905,-6.000
114.189,-5.989
117.142,-5.952
119.522,-5.989
136.114,-6.000
144.446,-5.960
167.726,-5.992
174.743,-6.024
180.721,-5.984
190.362,-6.000
310.248,-6.000
1.241,-5.937
82.057,-5.900
87.926,-5.848
121.158,-5.866
137.194,-5.946
142.743,-5.920
153.943,-5.944
163.027,-5.931
216.253,-5.897
229.811,-5.859
235.449,-5.909
252.707,-5.933
258.804,-5.907
268.655,-5.880
287.487,-5.931
293.943,-5.920
5.006,-5.862
30.688,-5.853
34.625,-5.779
51.544,-5.872
55.321,-5.813
96.928,-5.822
108.707,-5.853
129.806,-5.830
133.426,-5.853
156.550,-5.857
172.333,-5.806
215.179,-5.827
232.018,-5.781
264.248,-5.822
271.979,-5.857
284.495,-5.840
304.121,-5.800
305.619,-5.857
10.555,-5.765
13.941,-5.754
67.107,-5.747
80.007,-5.742
89.503,-5.749
122.303,-5.738
123.507,-5.713
131.086,-5.800
179.655,-5.733
184.830,-5.688
211.637,-5.741
217.716,-5.728
244.419,-5.760
248.876,-5.760
265.380,-5.715
308.838,-5.784
29.371,-5.640
47.978,-5.661
83.232,-5.612
99.956,-5.627
128.610,-5.680
171.162,-5.680
199.370,-5.701
200.495,-5.680
204.764,-5.616
242.234,-5.660
253.965,-5.610
255.486,-5.697
269.920,-5.619
311.314,-5.687
16.267,-5.624
40.778,-5.560
43.498,-5.596
60.436,-5.587
68.360,-5.578
69.712,-5.606
90.629,-5.624
178.583,-5.560
191.709,-5.582
193.274,-5.589
195.442,-5.546
196.610,-5.600
278.779,-5.578
282.001,-5.615
283.352,-5.600
301.544,-5.560
11.640,-5.471
17.201,-5.542
46.278,-5.505
73.926,-5.503
107.499,-5.480
168.931,-5.507
182.801,-5.505
186.381,-5.480
188.343,-5.449
209.399,-5.487
220.176,-5.512
223.636,-5.507
237.969,-5.487
259.983,-5.533
273.257,-5.520
276.269,-5.486
285.998,-5.509
289.492,-5.501
296.322,-5.532
297.486,-5.520
302.966,-5.432
7.221,-5.452
21.505,-5.458
37.943,-5.400
59.335,-5.453
75.141,-5.427
104.862,-5.379
118.210,-5.416
127.200,-5.440
162.020,-5.394
164.193,-5.455
207.232,-5.366
212.914,-5.480
218.916,-5.429
227.543,-5.440
233.181,-5.440
246.667,-5.450
247.924,-5.360
262.819,-5.416
313.593,-5.389
27.136,-5.298
42.258,-5.379
44.861,-5.315
53.982,-5.392
71.053,-5.384
84.435,-5.356
95.619,-5.360
140.663,-5.304
150.561,-5.294
173.812,-5.312
175.619,-5.360
177.354,-5.373
194.286,-5.390
298.741,-5.348
306.895,-5.360
23.966,-5.308
65.030,-5.275
76.457,-5.304
77.714,-5.280
93.347,-5.252
112.762,-5.280
181.583,-5.291
197.926,-5.293
236.665,-5.293
239.771,-5.261
274.933,-5.304
294.973,-5.312
22.636,-5.166
57.579,-5.189
81.153,-5.154
98.003,-5.139
105.960,-5.160
125.350,-5.213
139.412,-5.213
143.543,-5.194
146.400,-5.200
147.789,-5.211
153.202,-5.151
166.799,-5.196
225.257,-5.200
230.927,-5.193
234.362,-5.191
277.545,-5.187
307.886,-5.230
9.293,-5.105
14.973,-5.088
63.767,-5.073
103.421,-5.094
114.839,-5.101
116.097,-5.107
134.210,-5.067
142.093,-5.074
149.088,-5.107
154.707,-5.059
159.578,-5.109
165.352,-5.103
203.567,-5.130
221.410,-5.140
226.343,-5.103
241.055,-5.092
250.010,-5.080
251.886,-5.120
280.028,-5.048
290.684,-5.133
291.830,-5.131
293.181,-5.160
18.210,-5.040
52.668,-5.051
85.752,-5.057
135.537,-5.006
136.671,-5.015
138.057,-5.040
152.017,-5.053
183.865,-5.028
205.867,-5.040
243.408,-5.029
245.597,-5.053
266.571,-5.044
6.134,-4.966
24.976,-4.907
33.808,-4.949
36.933,-4.942
39.543,-4.960
49.404,-4.960
50.455,-4.947
72.686,-4.948
79.145,-4.973
101.673,-4.965
109.220,-4.928
110.459,-4.947
111.602,-4.973
120.190,-4.960
145.278,-4.973
157.122,-4.947
169.888,-4.973
214.189,-4.982
261.450,-4.960
271.117,-4.947
287.026,-4.947
288.343,-4.960
305.078,-4.926
12.935,-4.893
20.457,-4.904
30.154,-4.893
56.381,-4.848
62.667,-4.880
86.950,-4.893
124.150,-4.860
155.916,-4.826
201.499,-4.859
216.665,-4.891
222.498,-4.875
256.440,-4.868
267.812,-4.895
272.342,-4.808
0.588,-4.817
61.274,-4.813
88.667,-4.762
131.793,-4.787
133.036,-4.721
158.268,-4.789
168.096,-4.781
185.279,-4.777
189.630,-4.752
190.933,-4.760
208.210,-4.817
210.747,-4.779
228.762,-4.800
257.861,-4.818
35.731,-4.705
47.374,-4.733
82.475,-4.742
91.789,-4.731
113.799,-4.641
119.208,-4.688
121.656,-4.697
129.410,-4.720
171.610,-4.680
192.291,-4.702
196.876,-4.720
215.314,-4.663
218.057,-4.690
232.381,-4.680
248.838,-4.720
253.049,-4.665
269.086,-4.737
285.410,-4.680
310.476,-4.690
312.379,-4.673
3.716,-4.627
8.173,-4.629
90.029,-4.644
99.162,-4.640
123.010,-4.640
163.124,-4.646
187.352,-4.640
200.037,-4.632
230.036,-4.627
254.817,-4.610
263.845,-4.634
300.366,-4.630
303.943,-4.657
28.610,-4.560
66.330,-4.542
96.990,-4.489
100.402,-4.573
179.284,-4.520
198.840,-4.573
212.281,-4.498
281.485,-4.594
4.861,-4.445
16.021,-4.491
17.104,-4.409
31.562,-4.498
32.705,-4.505
54.877,-4.484
67.636,-4.469
68.970,-4.453
94.874,-4.493
102.722,-4.468
106.912,-4.467
160.970,-4.472
172.908,-4.473
174.573,-4.425
176.667,-4.425
219.426,-4.474
227.079,-4.440
233.316,-4.455
238.799,-4.471
242.345,-4.440
259.085,-4.454
278.744,-4.475
284.097,-4.493
38.629,-4.400
41.087,-4.360
51.352,-4.430
60.091,-4.364
80.192,-4.391
83.562,-4.413
117.314,-4.425
126.819,-4.400
128.000,-4.430
130.514,-4.360
180.550,-4.418
182.705,-4.400
193.676,-4.329
197.698,-4.343
235.713,-4.411
265.143,-4.440
282.858,-4.432
297.717,-4.331
301.699,-4.323
1.257,-4.240
11.542,-4.272
13.829,-4.344
19.255,-4.331
21.333,-4.280
43.547,-4.292
144.494,-4.272
164.638,-4.280
178.074,-4.333
204.618,-4.280
207.294,-4.309
223.660,-4.292
237.469,-4.297
244.469,-4.295
260.220,-4.295
262.557,-4.241
273.733,-4.288
276.618,-4.266
289.856,-4.211
296.364,-4.333
307.302,-4.298
1.860,-4.126
10.341,-4.251
46.210,-4.219
48.550,-4.191
58.629,-4.240
73.983,-4.214
148.533,-4.200
150.095,-4.200
186.040,-4.253
188.686,-4.264
195.048,-4.240
209.410,-4.280
220.650,-4.200
231.297,-4.253
286.324,-4.207
299.113,-4.158
309.143,-4.264
2.476,-4.200
26.152,-4.187
34.659,-4.109
53.626,-4.126
70.359,-4.186
75.297,-4.126
78.171,-4.160
104.457,-4.151
108.076,-4.184
138.722,-4.142
143.106,-4.107
202.895,-4.089
234.482,-4.120
294.017,-4.154
306.152,-4.143
313.541,-4.147
42.360,-4.071
44.952,-4.040
76.800,-4.072
93.600,-4.080
112.381,-4.080
145.808,-4.054
151.352,-4.056
153.766,-4.047
247.810,-4.050
266.477,-4.047
275.332,-4.055
292.665,-4.067
7.097,-3.954
29.486,-4.000
65.035,-3.982
84.876,-3.989
110.756,-3.942
137.584,-3.943
146.971,-3.960
155.332,-4.011
167.314,-3.920
175.656,-3.968
205.924,-3.954
240.037,-4.006
250.895,-4.030
270.230,-4.022
291.079,-3.960
295.254,-3.943
22.815,-3.902
24.231,-3.946
57.240,-3.909
72.859,-3.909
81.258,-3.887
98.057,-3.920
116.190,-3.849
125.638,-3.950
135.284,-3.888
140.493,-3.887
159.275,-3.927
162.095,-3.891
213.333,-3.920
225.239,-3.866
228.059,-3.909
246.669,-3.925
249.808,-3.931
257.097,-3.872
277.938,-3.855
287.808,-3.888
3.178,-3.802
18.168,-3.771
27.255,-3.829
36.521,-3.782
49.946,-3.783
87.275,-3.808
91.029,-3.800
114.933,-3.864
134.226,-3.814
152.533,-3.880
157.774,-3.853
169.371,-3.840
170.590,-3.840
183.726,-3.808
221.869,-3.807
308.114,-3.840
311.221,-3.827
0.936,-3.743
5.695,-3.743
9.238,-3.743
15.069,-3.773
63.750,-3.765
71.545,-3.789
86.176,-3.760
105.829,-3.720
120.174,-3.743
156.762,-3.760
190.095,-3.730
215.907,-3.732
217.134,-3.743
241.164,-3.747
253.621,-3.773
255.852,-3.760
268.190,-3.737
279.979,-3.696
30.569,-3.693
40.242,-3.662
56.208,-3.669
62.243,-3.640
79.314,-3.680
96.210,-3.675
99.655,-3.674
101.450,-3.691
103.527,-3.634
109.295,-3.674
118.324,-3.627
133.067,-3.680
141.790,-3.660
165.790,-3.710
173.790,-3.680
181.523,-3.675
191.678,-3.693
192.838,-3.680
245.371,-3.616
252.097,-3.667
283.499,-3.614
304.970,-3.691
37.884,-3.613
66.849,-3.567
128.762,-3.600
131.818,-3.551
136.305,-3.600
196.327,-3.577
199.026,-3.587
200.074,-3.567
210.383,-3.589
229.336,-3.606
232.427,-3.568
236.627,-3.539
243.276,-3.567
272.760,-3.547
303.275,-3.568
12.629,-3.525
47.522,-3.531
89.656,-3.494
92.403,-3.461
113.467,-3.480
122.628,-3.486
124.482,-3.498
171.983,-3.495
178.923,-3.487
218.590,-3.529
271.351,-3.488
281.239,-3.528
288.990,-3.520
4.419,-3.400
32.059,-3.427
33.545,-3.451
52.588,-3.427
82.606,-3.400
88.286,-3.406
121.430,-3.431
145.092,-3.382
149.503,-3.391
163.599,-3.449
168.398,-3.427
201.579,-3.427
208.364,-3.453
211.505,-3.480
226.303,-3.453
238.326,-3.394
258.109,-3.432
300.724,-3.460
310.113,-3.418
312.504,-3.386
28.419,-3.360
51.181,-3.343
55.010,-3.351
60.914,-3.360
94.765,-3.303
106.912,-3.373
139.577,-3.313
160.418,-3.354
184.914,-3.400
204.000,-3.320
222.954,-3.371
230.629,-3.296
242.092,-3.253
248.597,-3.320
254.781,-3.360
269.257,-3.360
284.781,-3.377
2.362,-3.320
20.571,-3.280
59.488,-3.293
68.004,-3.270
69.393,-3.257
83.923,-3.275
111.535,-3.208
126.611,-3.258
129.867,-3.280
177.257,-3.256
259.502,-3.269
261.640,-3.274
264.168,-3.279
265.579,-3.269
296.931,-3.267
298.201,-3.208
39.010,-3.200
150.665,-3.152
174.895,-3.183
182.781,-3.170
187.833,-3.156
189.181,-3.200
194.119,-3.182
214.248,-3.200
262.933,-3.200
274.494,-3.211
306.895,-3.192
16.072,-3.087
44.153,-3.047
77.867,-3.120
117.227,-3.072
143.869,-3.103
147.924,-3.120
180.151,-3.111
197.389,-3.131
235.363,-3.095
290.210,-3.072
58.189,-3.051
102.573,-3.051
176.076,-3.010
205.122,-3.053
207.217,-3.051
219.579,-3.012
224.373,-3.008
244.267,-3.040
292.666,-2.985
295.831,-3.027
309.067,-3.064
6.823,-2.905
8.114,-2.960
10.269,-2.903
11.371,-2.987
14.012,-2.893
17.278,-2.938
19.429,-2.930
75.050,-2.913
76.229,-3.000
84.973,-2.949
100.664,-2.903
104.840,-2.915
119.450,-2.973
146.438,-2.960
151.983,-2.973
154.514,-2.960
164.655,-2.952
186.116,-2.938
190.760,-2.949
202.743,-2.920
212.478,-2.973
227.449,-2.971
233.448,-3.000
250.590,-2.940
260.459,-2.950
278.803,-2.941
282.630,-2.992
285.905,-2.950
301.839,-2.952
23.390,-2.860
34.554,-2.832
41.104,-2.852
46.381,-2.901
49.088,-2.863
53.896,-2.826
73.872,-2.862
108.174,-2.893
110.286,-2.840
138.061,-2.833
153.160,-2.867
155.787,-2.833
162.532,-2.876
209.371,-2.880
220.878,-2.913
239.467,-2.859
276.611,-2.912
291.446,-2.867
25.999,-2.796
64.265,-2.704
80.402,-2.811
81.676,-2.800
97.752,-2.800
114.878,-2.787
127.869,-2.817
173.060,-2.760
184.021,-2.810
195.543,-2.800
240.856,-2.809
287.278,-2.768
294.612,-2.743
299.584,-2.809
21.735,-2.709
24.725,-2.671
29.694,-2.695
35.826,-2.707
45.160,-2.665
56.934,-2.659
65.724,-2.706
86.590,-2.744
93.676,-2.720
98.877,-2.665
116.114,-2.720
133.783,-2.658
157.929,-2.666
167.657,-2.720
169.181,-2.720
191.968,-2.713
231.755,-2.663
256.668,-2.711
266.823,-2.687
304.112,-2.658
311.314,-2.720
313.659,-2.707
9.122,-2.629
62.971,-2.623
72.552,-2.650
91.525,-2.600
96.666,-2.558
125.270,-2.669
141.031,-2.641
156.741,-2.609
159.048,-2.640
161.371,-2.680
170.267,-2.635
181.540,-2.553
216.306,-2.615
228.627,-2.651
237.467,-2.600
270.459,-2.627
305.792,-2.583
5.224,-2.520
31.166,-2.501
105.934,-2.520
132.668,-2.571
134.960,-2.548
142.517,-2.547
166.417,-2.573
193.172,-2.452
198.437,-2.528
210.773,-2.512
222.151,-2.535
225.552,-2.498
246.476,-2.560
252.973,-2.571
275.392,-2.528
288.476,-2.505
1.105,-2.480
15.124,-2.520
27.598,-2.493
32.495,-2.453
37.181,-2.450
42.627,-2.496
55.582,-2.471
69.981,-2.440
71.316,-2.450
87.619,-2.500
90.421,-2.489
124.093,-2.498
131.366,-2.434
136.838,-2.480
148.876,-2.440
171.429,-2.450
199.828,-2.488
206.171,-2.520
247.827,-2.469
251.733,-2.440
277.789,-2.428
284.000,-2.480
308.207,-2.493
3.067,-2.417
38.286,-2.400
61.600,-2.356
107.064,-2.377
121.062,-2.384
122.421,-2.391
128.838,-2.360
178.040,-2.409
196.436,-2.388
201.292,-2.396
208.360,-2.345
217.543,-2.427
229.850,-2.387
234.379,-2.413
245.333,-2.400
271.864,-2.343
12.512,-2.333
18.574,-2.307
50.345,-2.333
79.331,-2.307
103.688,-2.298
118.559,-2.221
144.830,-2.272
174.210,-2.320
213.430,-2.265
254.133,-2.320
300.878,-2.286
39.559,-2.187
47.678,-2.227
52.837,-2.192
68.724,-2.240
95.467,-2.176
160.173,-2.200
179.093,-2.192
187.010,-2.216
189.941,-2.246
218.638,-2.200
236.398,-2.251
243.238,-2.264
264.856,-2.249
280.135,-2.249
281.259,-2.221
289.583,-2.227
67.156,-2.160
88.818,-2.099
139.086,-2.160
163.943,-2.112
188.402,-2.173
203.678,-2.149
204.838,-2.120
230.857,-2.127
258.091,-2.170
259.412,-2.161
273.240,-2.171
293.564,-2.088
59.031,-2.067
60.207,-2.067
82.932,-2.058
92.792,-2.032
113.410,-2.080
126.744,-2.048
130.116,-2.067
165.355,-2.063
180.445,-2.075
211.865,-2.091
215.121,-2.058
223.393,-2.054
226.593,-2.067
232.762,-2.080
238.398,-2.008
241.868,-2.067
249.829,-2.080
255.523,-2.065
269.241,-2.057
298.629,-2.097
302.841,-2.023
312.648,-2.040
10.610,-2.005
28.702,-2.017
33.503,-2.011
51.429,-1.970
101.578,-2.001
112.038,-2.000
147.543,-1.960
149.848,-1.995
151.374,-2.013
175.335,-2.011
194.629,-2.000
197.645,-1.945
262.328,-2.000
263.579,-2.029
285.046,-1.987
310.151,-2.011
4.187,-1.904
15.907,-1.933
20.702,-1.903
57.766,-1.894
76.859,-1.933
84.058,-1.928
99.848,-1.960
108.876,-1.890
172.391,-1.902
182.611,-1.929
220.047,-1.901
268.018,-1.916
297.399,-1.928
8.144,-1.745
13.600,-1.840
19.276,-1.870
24.076,-1.820
78.038,-1.857
85.826,-1.853
110.926,-1.832
136.018,-1.818
153.808,-1.851
155.179,-1.851
176.840,-1.866
185.103,-1.833
209.732,-1.800
261.073,-1.812
266.022,-1.800
282.383,-1.851
286.256,-1.809
290.781,-1.864
306.687,-1.851
35.314,-1.720
40.478,-1.749
75.674,-1.747
105.105,-1.760
117.327,-1.707
152.513,-1.771
191.192,-1.728
202.686,-1.762
224.495,-1.736
250.801,-1.738
304.952,-1.736
309.088,-1.711
5.851,-1.665
6.877,-1.646
11.637,-1.665
22.648,-1.675
25.334,-1.674
43.770,-1.702
45.922,-1.691
49.412,-1.640
54.284,-1.640
127.940,-1.623
141.656,-1.622
146.154,-1.626
227.750,-1.667
279.010,-1.680
299.630,-1.651
17.048,-1.583
30.446,-1.528
63.621,-1.567
74.400,-1.600
81.333,-1.583
94.460,-1.577
119.712,-1.587
134.612,-1.543
157.393,-1.613
170.912,-1.543
192.426,-1.497
207.278,-1.607
240.610,-1.560
257.067,-1.528
276.507,-1.603
292.196,-1.554
296.170,-1.578
313.584,-1.577
9.486,-1.496
41.792,-1.552
64.838,-1.520
86.971,-1.492
114.493,-1.537
115.924,-1.520
140.190,-1.500
143.560,-1.533
156.174,-1.497
162.649,-1.529
166.951,-1.508
168.288,-1.533
183.735,-1.480
205.943,-1.520
212.837,-1.488
237.333,-1.520
274.458,-1.480
294.938,-1.473
26.514,-1.407
36.512,-1.453
44.897,-1.427
97.562,-1.440
107.940,-1.423
158.722,-1.453
169.478,-1.392
173.600,-1.400
195.716,-1.453
235.137,-1.400
253.316,-1.462
270.095,-1.440
283.467,-1.440
301.661,-1.432
311.560,-1.427
1.143,-1.400
31.848,-1.360
96.212,-1.303
98.781,-1.384
102.687,-1.375
123.087,-1.384
133.524,-1.384
137.617,-1.347
181.294,-1.375
193.503,-1.371
198.624,-1.302
210.629,-1.336
216.076,-1.327
217.536,-1.320
221.261,-1.385
244.229,-1.336
247.124,-1.336
251.906,-1.349
2.133,-1.320
47.162,-1.310
48.215,-1.218
62.420,-1.305
80.190,-1.240
91.612,-1.240
100.517,-1.297
104.190,-1.253
121.637,-1.223
148.802,-1.252
161.143,-1.320
178.036,-1.291
186.129,-1.259
200.271,-1.228
214.095,-1.280
228.818,-1.302
229.905,-1.280
231.712,-1.293
233.772,-1.190
248.648,-1.320
287.617,-1.254
288.867,-1.262
303.810,-1.280
38.362,-1.200
50.574,-1.213
59.619,-1.200
66.154,-1.179
71.903,-1.211
90.494,-1.211
132.190,-1.193
145.016,-1.142
187.636,-1.145
201.526,-1.127
222.514,-1.200
225.526,-1.179
242.880,-1.127
245.506,-1.211
254.684,-1.189
260.056,-1.185
265.029,-1.160
271.183,-1.189
0.707,-1.137
14.667,-1.120
21.486,-1.111
27.753,-1.145
34.379,-1.133
37.389,-1.131
56.000,-1.127
68.095,-1.103
69.446,-1.088
70.621,-1.048
78.971,-1.096
109.850,-1.133
118.326,-1.146
124.361,-1.130
125.638,-1.150
130.874,-1.109
164.610,-1.120
174.684,-1.131
176.051,-1.062
179.107,-1.133
208.517,-1.124
249.868,-1.072
273.067,-1.120
3.048,-1.007
12.817,-0.982
18.210,-1.070
51.771,-0.978
60.859,-1.027
73.177,-1.068
106.764,-1.051
129.486,-1.040
138.705,-1.040
142.476,-1.040
159.979,-1.029
188.933,-1.035
190.250,-1.014
218.936,-1.016
258.702,-1.035
298.286,-0.976
3.886,-1.000
4.915,-0.922
150.095,-0.990
171.979,-0.973
194.514,-0.990
197.046,-0.973
203.762,-0.868
236.152,-0.984
255.962,-0.984
262.514,-0.880
281.488,-0.909
289.998,-0.948
307.865,-0.949
42.809,-0.801
53.051,-0.890
57.181,-0.856
58.421,-0.902
89.125,-0.874
92.932,-0.891
101.754,-0.811
105.676,-0.880
147.581,-0.880
151.390,-0.880
153.274,-0.869
154.857,-0.800
165.943,-0.880
180.229,-0.880
182.407,-0.822
226.747,-0.845
241.603,-0.904
263.695,-0.910
266.478,-0.834
269.058,-0.840
277.778,-0.856
280.076,-0.880
293.314,-0.897
19.962,-0.800
29.274,-0.787
33.105,-0.771
75.239,-0.768
76.457,-0.776
82.226,-0.760
111.229,-0.783
136.648,-0.800
204.973,-0.789
211.657,-0.800
223.790,-0.760
238.779,-0.794
284.800,-0.741
297.092,-0.778
306.019,-0.776
312.533,-0.760
24.740,-0.725
77.811,-0.731
84.914,-0.720
95.314,-0.720
113.486,-0.760
117.075,-0.680
120.267,-0.720
126.929,-0.707
173.005,-0.655
202.551,-0.674
215.183,-0.731
220.133,-0.738
300.400,-0.703
310.316,-0.698
10.379,-0.591
39.467,-0.680
83.705,-0.594
99.530,-0.618
112.322,-0.653
134.134,-0.634
162.116,-0.631
170.227,-0.649
191.484,-0.653
199.580,-0.623
232.817,-0.651
261.340,-0.593
302.688,-0.652
6.290,-0.560
8.498,-0.555
23.543,-0.534
35.314,-0.560
108.610,-0.560
135.374,-0.573
141.294,-0.514
158.231,-0.573
177.105,-0.560
184.945,-0.528
216.977,-0.527
239.982,-0.569
252.770,-0.512
275.412,-0.573
286.171,-0.590
291.218,-0.582
299.300,-0.495
15.924,-0.480
26.019,-0.480
31.145,-0.493
40.381,-0.480
66.933,-0.456
103.107,-0.497
115.581,-0.480
168.855,-0.467
207.636,-0.493
209.678,-0.486
230.933,-0.480
234.607,-0.408
250.760,-0.467
257.351,-0.469
267.810,-0.500
282.611,-0.491
308.800,-0.409
313.524,-0.409
46.266,-0.404
49.579,-0.389
96.824,-0.382
114.421,-0.388
139.695,-0.424
143.560,-0.413
163.563,-0.385
167.506,-0.393
175.314,-0.400
186.760,-0.342
198.116,-0.389
221.530,-0.353
279.103,-0.384
1.943,-0.320
11.613,-0.302
13.807,-0.307
41.600,-0.320
54.307,-0.307
87.695,-0.360
128.364,-0.333
146.552,-0.360
157.049,-0.309
183.467,-0.360
192.703,-0.333
243.757,-0.257
247.734,-0.269
295.754,-0.333
301.466,-0.336
17.110,-0.216
22.324,-0.270
27.003,-0.212
36.781,-0.223
43.863,-0.200
62.959,-0.200
65.524,-0.280
81.143,-0.240
85.950,-0.273
89.997,-0.183
132.741,-0.228
137.507,-0.217
152.360,-0.229
173.867,-0.176
188.135,-0.229
193.578,-0.223
195.581,-0.200
200.856,-0.244
214.002,-0.253
217.981,-0.240
228.076,-0.240
271.910,-0.152
274.306,-0.225
311.221,-0.253
47.383,-0.152
64.187,-0.177
74.187,-0.150
91.334,-0.135
98.116,-0.147
100.686,-0.160
122.399,-0.165
130.400,-0.120
159.429,-0.160
210.648,-0.143
224.859,-0.149
229.350,-0.147
246.268,-0.171
253.943,-0.160
276.533,-0.160
283.886,-0.190
288.106,-0.120
294.438,-0.160
37.943,-0.080
45.181,-0.086
71.483,-0.057
73.087,-0.069
94.040,-0.069
119.221,-0.093
123.680,-0.019
148.532,-0.032
156.038,-0.080
180.971,-0.098
212.876,-0.080
222.687,-0.089
236.969,-0.067
245.067,-0.080
249.122,-0.055
270.459,-0.067
292.362,-0.062
304.935,-0.091
3.868,0.009
18.860,0.040
28.402,0.012
55.619,0.007
61.600,0.000
78.629,0.000
107.618,0.048
138.607,0.023
142.379,0.011
165.029,0.000
178.231,0.018
206.286,0.000
255.297,0.013
287.048,0.024
289.219,0.000
303.769,0.013
9.492,0.120
30.057,0.080
50.819,0.040
59.488,0.093
69.121,0.103
79.877,0.120
106.248,0.080
110.278,0.088
126.113,0.102
136.342,0.152
144.578,0.097
161.026,0.054
171.170,0.088
179.560,0.091
185.752,0.080
233.484,0.073
240.876,0.080
264.322,0.067
7.434,0.218
14.993,0.147
21.088,0.147
34.321,0.200
104.860,0.143
117.926,0.173
121.172,0.126
124.686,0.184
131.446,0.209
181.966,0.150
190.798,0.147
204.084,0.208
219.294,0.169
235.694,0.153
260.098,0.142
263.049,0.192
277.768,0.242
280.701,0.194
306.993,0.204
0.419,0.200
12.762,0.240
32.076,0.280
48.516,0.271
56.779,0.253
57.997,0.297
67.848,0.216
70.191,0.225
151.010,0.240
196.804,0.253
208.533,0.210
215.946,0.250
232.017,0.253
251.848,0.240
258.969,0.246
297.048,0.265
5.064,0.354
53.068,0.352
102.291,0.338
147.398,0.352
154.616,0.342
162.726,0.307
189.654,0.343
191.758,0.338
223.998,0.387
226.210,0.280
239.276,0.360
242.288,0.337
256.457,0.320
261.829,0.320
265.733,0.295
290.443,0.320
298.400,0.320
312.809,0.360
39.086,0.400
76.082,0.418
88.873,0.405
92.611,0.368
95.983,0.387
99.687,0.440
172.648,0.464
202.948,0.509
205.198,0.387
267.010,0.376
42.667,0.533
77.448,0.480
84.914,0.480
86.992,0.502
113.810,0.497
127.788,0.503
133.770,0.491
134.836,0.469
141.046,0.489
169.333,0.480
176.212,0.493
201.638,0.480
220.663,0.508
238.019,0.492
268.343,0.500
269.486,0.528
273.257,0.440
285.143,0.504
293.350,0.467
309.752,0.456
1.143,0.520
23.712,0.606
108.859,0.573
116.907,0.608
129.388,0.617
149.905,0.536
153.160,0.582
194.667,0.560
253.088,0.573
282.098,0.582
300.684,0.606
302.535,0.573
308.114,0.569
10.705,0.640
25.103,0.670
60.610,0.640
75.010,0.640
82.397,0.635
83.829,0.662
112.437,0.659
156.923,0.680
166.019,0.610
227.161,0.672
230.188,0.653
250.210,0.600
258.055,0.607
299.581,0.640
20.305,0.784
35.542,0.752
46.398,0.694
51.865,0.731
54.674,0.768
97.264,0.734
103.505,0.733
139.695,0.720
146.038,0.768
163.995,0.731
184.381,0.690
188.360,0.707
193.143,0.750
195.854,0.750
199.346,0.680
207.314,0.720
217.126,0.707
244.250,0.707
279.637,0.711
311.865,0.733
17.905,0.800
33.273,0.810
40.038,0.800
41.395,0.855
62.344,0.861
115.810,0.800
158.286,0.800
174.691,0.818
177.486,0.800
187.200,0.800
209.800,0.855
214.764,0.813
228.744,0.819
247.053,0.782
275.597,0.850
306.219,0.840
8.626,0.867
14.073,0.863
16.411,0.893
30.933,0.880
66.561,0.904
74.055,0.886
90.455,0.893
93.560,0.886
101.292,0.888
121.868,0.920
123.198,0.905
143.582,0.928
155.484,0.905
168.343,0.920
198.211,0.912
254.476,0.920
271.238,0.880
6.040,0.964
26.228,0.975
27.543,0.960
47.819,1.000
49.735,0.951
120.038,0.960
160.264,0.965
167.160,0.966
173.410,1.007
178.857,1.000
211.930,1.000
221.676,0.984
248.551,0.951
283.182,0.938
286.400,0.990
2.019,1.000
22.573,1.029
36.893,1.027
63.630,1.054
65.026,1.035
85.926,1.024
107.247,1.094
110.993,1.053
130.552,1.080
138.631,1.080
180.837,1.112
182.781,1.040
206.400,1.110
213.257,1.040
218.203,1.047
231.270,1.080
234.306,1.059
243.065,1.053
260.932,1.051
277.125,1.122
278.614,1.067
291.276,1.080
295.778,1.040
310.571,1.065
313.783,1.088
11.750,1.107
43.868,1.105
44.962,1.194
56.017,1.133
81.181,1.096
88.060,1.177
94.802,1.131
118.400,1.160
126.654,1.178
151.962,1.096
165.088,1.151
185.465,1.133
200.341,1.148
222.973,1.126
225.105,1.144
232.914,1.120
274.360,1.126
288.381,1.090
303.714,1.190
304.914,1.129
38.057,1.200
50.895,1.200
79.543,1.200
91.585,1.200
132.865,1.240
135.695,1.200
136.974,1.213
142.605,1.259
148.284,1.187
154.210,1.200
161.674,1.174
190.819,1.200
240.229,1.206
241.393,1.218
245.541,1.189
289.635,1.205
4.189,1.290
12.935,1.267
19.104,1.341
29.640,1.254
68.876,1.260
71.325,1.288
98.551,1.312
106.019,1.304
114.760,1.267
171.810,1.240
197.134,1.320
208.570,1.326
236.574,1.313
272.415,1.298
284.284,1.267
292.402,1.293
294.569,1.293
15.179,1.373
31.924,1.393
34.226,1.417
53.884,1.347
58.687,1.371
72.782,1.358
78.284,1.408
104.612,1.366
124.228,1.406
128.274,1.408
147.105,1.377
170.705,1.360
210.720,1.385
219.751,1.369
251.581,1.330
255.867,1.392
259.462,1.365
264.800,1.360
270.154,1.369
280.860,1.406
21.231,1.421
57.402,1.488
61.448,1.416
96.275,1.487
108.380,1.555
109.867,1.480
125.522,1.408
150.667,1.440
159.314,1.480
189.503,1.453
204.229,1.426
238.799,1.495
257.046,1.451
263.352,1.440
52.665,1.507
67.585,1.499
70.133,1.520
77.008,1.531
100.038,1.550
113.314,1.560
144.626,1.507
149.333,1.560
166.019,1.568
176.022,1.537
191.810,1.520
226.226,1.533
266.019,1.520
307.446,1.507
9.748,1.633
39.246,1.672
60.097,1.631
89.333,1.576
120.990,1.620
131.598,1.613
139.962,1.630
157.426,1.587
194.057,1.600
202.786,1.595
205.353,1.672
229.790,1.640
235.599,1.665
262.019,1.600
267.542,1.568
301.354,1.589
309.257,1.648
7.552,1.715
28.468,1.676
55.030,1.669
84.648,1.700
102.230,1.695
116.890,1.698
129.498,1.738
134.286,1.680
162.782,1.686
207.450,1.737
215.792,1.691
224.076,1.687
237.731,1.714
249.487,1.712
252.588,1.693
268.992,1.751
297.445,1.686
298.608,1.689
312.914,1.720
0.876,1.760
17.351,1.749
83.326,1.805
97.544,1.842
111.875,1.822
141.298,1.755
156.326,1.747
184.496,1.831
186.514,1.800
199.389,1.748
250.667,1.760
285.295,1.760
287.293,1.818
293.423,1.807
5.105,1.866
24.528,1.833
41.465,1.853
42.725,1.849
75.865,1.851
82.187,1.859
92.909,1.958
103.657,1.823
169.332,1.834
177.081,1.873
179.886,1.807
182.003,1.898
187.674,1.853
214.114,1.887
220.650,1.873
227.352,1.840
247.598,1.880
258.544,1.880
300.267,1.880
302.667,1.816
10.858,1.952
23.257,1.975
74.729,1.978
80.397,1.977
86.862,1.880
119.590,1.960
122.570,1.941
152.817,1.931
163.925,1.952
173.943,1.984
201.487,1.898
212.495,1.920
217.143,1.880
253.829,1.944
276.036,1.967
279.906,1.905
290.590,1.920
32.914,2.040
66.135,2.047
137.716,2.007
168.152,2.048
175.048,1.960
192.686,2.000
232.135,1.987
233.659,2.013
273.448,2.009
311.811,1.968
46.365,2.040
47.762,2.120
90.550,2.120
107.152,2.120
115.733,2.080
143.709,2.142
145.981,2.080
178.590,2.120
183.217,2.091
198.154,2.067
244.038,2.080
246.398,2.054
282.099,2.052
305.238,2.105
8.703,2.147
14.437,2.192
27.133,2.126
35.637,2.214
40.364,2.147
64.946,2.203
110.819,2.184
127.221,2.173
158.421,2.149
166.993,2.173
173.049,2.149
195.335,2.209
218.458,2.175
225.236,2.191
228.610,2.184
260.210,2.178
271.255,2.147
278.054,2.165
283.352,2.160
306.459,2.149
12.131,2.253
15.962,2.200
19.916,2.288
36.855,2.229
48.858,2.225
73.563,2.208
99.162,2.280
160.874,2.222
209.087,2.251
230.607,2.294
239.830,2.255
242.362,2.240
296.152,2.273
30.682,2.330
50.286,2.360
51.390,2.344
85.607,2.331
88.136,2.377
94.057,2.344
104.800,2.320
118.378,2.303
123.751,2.305
130.667,2.320
142.626,2.346
154.971,2.320
165.350,2.333
171.619,2.360
190.265,2.307
206.324,2.360
240.876,2.320
255.141,2.360
284.433,2.338
308.305,2.296
25.840,2.446
44.130,2.396
45.255,2.426
53.274,2.413
56.398,2.387
62.254,2.466
63.550,2.360
68.343,2.400
77.904,2.447
101.185,2.467
124.933,2.405
126.056,2.368
128.440,2.387
133.143,2.424
138.905,2.440
151.657,2.400
170.496,2.425
188.990,2.424
219.757,2.428
221.906,2.432
264.136,2.423
274.440,2.374
288.593,2.387
291.640,2.387
303.962,2.400
313.926,2.411
1.943,2.480
29.164,2.467
33.905,2.480
37.867,2.487
54.340,2.537
60.893,2.467
79.200,2.480
91.810,2.520
109.426,2.467
136.457,2.480
148.284,2.493
196.897,2.491
211.505,2.480
223.124,2.456
265.410,2.520
286.268,2.542
310.307,2.467
31.924,2.590
69.595,2.594
72.184,2.600
81.431,2.547
162.071,2.568
185.431,2.573
204.114,2.553
234.697,2.592
236.080,2.629
238.474,2.573
251.788,2.614
256.360,2.549
262.607,2.607
268.007,2.600
277.012,2.573
299.314,2.560
4.042,2.680
9.960,2.651
13.379,2.648
18.476,2.640
22.078,2.653
84.362,2.698
95.678,2.627
96.852,2.702
105.790,2.616
108.152,2.640
117.477,2.662
135.010,2.640
150.265,2.662
181.105,2.620
191.287,2.658
200.457,2.660
210.226,2.627
216.387,2.693
257.524,2.673
266.610,2.623
270.324,2.640
281.009,2.630
289.562,2.680
57.812,2.707
67.068,2.709
70.907,2.739
102.622,2.767
113.600,2.768
121.676,2.715
157.410,2.720
159.993,2.730
207.895,2.760
215.191,2.760
226.362,2.720
248.817,2.731
261.410,2.720
294.631,2.714
6.249,2.771
39.679,2.857
76.817,2.787
114.741,2.806
147.065,2.787
153.752,2.800
176.000,2.800
213.922,2.811
237.181,2.770
245.105,2.820
249.960,2.811
300.668,2.811
301.830,2.833
7.431,2.858
11.302,2.938
16.897,2.893
20.800,2.840
41.583,2.929
42.890,2.915
82.665,2.875
140.116,2.913
144.670,2.895
177.517,2.933
179.886,2.850
194.269,2.893
202.821,2.875
205.305,2.897
232.952,2.904
253.240,2.911
269.084,2.869
272.229,2.880
279.049,2.886
292.838,2.908
309.295,2.856
27.943,2.964
55.407,2.947
89.489,2.938
119.450,3.017
129.600,2.920
131.810,2.930
164.428,3.000
199.010,3.008
201.674,2.967
212.668,3.021
220.975,3.018
229.676,2.960
297.105,2.960
312.836,2.975
15.221,3.053
52.173,3.028
97.964,3.027
112.229,3.040
116.122,3.119
134.057,3.016
145.966,3.120
163.105,3.022
166.231,3.027
183.793,3.058
186.667,3.020
224.098,3.023
259.315,3.018
302.965,3.080
0.724,3.080
47.086,3.120
58.933,3.096
75.560,3.131
86.964,3.160
93.105,3.090
94.583,3.192
100.154,3.152
182.073,3.153
187.755,3.137
193.236,3.107
197.760,3.152
217.621,3.109
247.678,3.133
283.238,3.144
290.622,3.193
307.314,3.120
40.610,3.170
49.693,3.252
80.229,3.200
141.351,3.191
143.505,3.200
149.235,3.217
155.962,3.200
168.746,3.223
195.810,3.240
225.265,3.272
273.200,3.218
285.426,3.213
287.504,3.247
5.163,3.271
32.984,3.346
34.840,3.291
74.364,3.274
152.593,3.293
167.550,3.248
174.836,3.269
192.192,3.312
206.857,3.280
231.640,3.269
243.276,3.280
254.286,3.304
271.106,3.291
275.790,3.312
311.602,3.293
8.738,3.394
23.030,3.349
24.419,3.343
61.507,3.343
104.098,3.377
122.933,3.360
124.318,3.394
137.448,3.330
171.184,3.417
172.305,3.360
173.790,3.369
240.133,3.418
241.474,3.378
282.024,3.396
19.429,3.440
29.906,3.511
38.777,3.491
46.040,3.439
62.785,3.499
64.173,3.429
65.127,3.455
88.457,3.440
90.784,3.462
99.200,3.473
120.718,3.440
125.552,3.480
126.988,3.423
128.131,3.457
147.826,3.463
154.590,3.440
189.303,3.512
223.039,3.480
228.495,3.440
246.345,3.451
295.744,3.502
306.133,3.400
12.427,3.528
14.268,3.581
37.274,3.533
43.828,3.505
44.838,3.587
48.533,3.520
50.781,3.480
56.914,3.480
60.076,3.520
72.952,3.520
83.617,3.520
85.924,3.538
118.438,3.520
158.590,3.520
178.722,3.499
190.621,3.568
211.048,3.520
219.538,3.538
227.383,3.552
265.829,3.591
278.019,3.520
284.343,3.550
304.684,3.571
1.694,3.631
26.631,3.600
36.054,3.657
106.272,3.592
107.446,3.587
111.103,3.613
130.743,3.600
138.552,3.664
161.166,3.653
209.448,3.606
233.981,3.600
236.571,3.640
250.952,3.640
255.602,3.587
260.609,3.595
264.589,3.611
267.459,3.608
298.434,3.640
308.402,3.613
310.307,3.587
68.907,3.712
70.514,3.680
101.770,3.676
133.068,3.689
136.000,3.680
142.514,3.680
170.019,3.680
204.318,3.752
235.391,3.646
238.911,3.707
244.419,3.680
263.314,3.680
274.364,3.686
291.946,3.703
313.714,3.680
17.922,3.773
25.579,3.749
71.924,3.800
77.790,3.760
79.065,3.771
150.341,3.747
153.493,3.832
176.669,3.773
181.105,3.780
184.857,3.765
200.299,3.806
207.983,3.747
221.961,3.770
237.698,3.783
252.360,3.773
262.188,3.773
276.857,3.743
280.610,3.760
299.716,3.768
10.400,3.840
20.458,3.912
33.888,3.863
42.315,3.913
81.752,3.811
105.013,3.889
109.850,3.853
113.867,3.840
162.325,3.886
196.907,3.854
270.019,3.840
293.531,3.894
21.617,3.931
31.543,3.920
53.143,3.920
54.573,3.945
66.331,3.886
67.615,3.948
91.946,3.977
96.742,3.981
108.762,3.920
151.638,3.988
156.838,3.920
157.769,3.937
163.695,3.920
183.155,3.953
205.488,3.946
216.229,3.960
230.588,3.960
256.744,3.898
286.370,3.952
288.440,3.908
301.213,3.950
28.876,4.000
76.465,4.054
95.372,4.055
102.855,4.033
115.179,3.989
117.350,4.013
145.067,4.000
146.743,4.000
165.390,4.018
175.619,3.970
193.905,3.970
195.031,3.987
214.599,4.040
218.055,3.994
220.738,4.012
226.265,3.989
248.457,4.000
258.032,4.008
272.198,4.048
296.855,4.013
303.568,4.022
4.364,4.093
55.924,4.040
84.952,4.040
97.867,4.080
134.552,4.120
140.061,4.141
159.962,4.104
186.000,4.075
212.058,4.099
224.114,4.080
249.659,4.067
268.724,4.080
6.762,4.132
15.771,4.142
57.981,4.160
87.495,4.185
94.078,4.173
129.011,4.149
155.671,4.222
166.629,4.200
179.845,4.200
198.950,4.173
201.557,4.179
213.430,4.149
232.495,4.160
242.402,4.228
289.524,4.120
302.324,4.190
11.535,4.288
47.069,4.253
51.884,4.280
59.182,4.262
116.343,4.240
119.340,4.262
123.505,4.214
131.771,4.216
141.600,4.226
173.010,4.223
187.200,4.220
188.571,4.280
202.827,4.270
206.912,4.223
229.295,4.240
259.430,4.264
273.159,4.297
311.176,4.302
312.400,4.235
0.686,4.320
5.714,4.294
16.969,4.367
27.619,4.296
40.988,4.353
60.817,4.307
89.562,4.320
122.281,4.391
191.712,4.307
192.723,4.352
245.465,4.309
247.106,4.309
266.517,4.287
279.429,4.337
309.316,4.307
75.050,4.367
80.212,4.413
100.744,4.444
112.080,4.440
136.935,4.411
143.487,4.440
177.812,4.387
182.115,4.425
233.541,4.387
285.410,4.400
291.159,4.440
306.989,4.391
7.962,4.480
9.330,4.446
13.274,4.493
22.726,4.527
45.677,4.553
49.785,4.462
63.410,4.520
73.752,4.460
120.796,4.549
124.687,4.487
127.505,4.480
168.550,4.493
172.009,4.520
210.286,4.520
225.126,4.493
228.274,4.502
241.164,4.520
253.371,4.480
254.646,4.493
271.183,4.469
294.744,4.512
297.943,4.480
23.941,4.556
30.589,4.569
39.695,4.569
126.021,4.593
130.192,4.551
149.105,4.560
158.840,4.582
178.705,4.560
189.850,4.547
239.812,4.582
265.171,4.600
275.354,4.606
282.876,4.543
14.615,4.658
26.346,4.680
44.287,4.695
57.143,4.688
72.801,4.649
82.624,4.664
84.038,4.620
88.686,4.640
90.847,4.665
104.043,4.668
145.888,4.653
147.893,4.648
169.676,4.649
197.880,4.668
217.159,4.663
219.503,4.687
222.895,4.600
234.647,4.686
236.914,4.640
260.591,4.655
305.505,4.665
19.446,4.733
33.036,4.746
38.346,4.739
48.612,4.694
62.190,4.715
65.027,4.748
78.552,4.760
133.486,4.690
142.445,4.760
170.932,4.713
174.491,4.798
209.126,4.707
243.738,4.753
250.455,4.733
281.676,4.740
287.545,4.767
308.016,4.781
37.046,4.787
43.065,4.788
69.752,4.800
71.297,4.787
118.019,4.840
153.007,4.823
160.783,4.833
183.949,4.796
204.417,4.808
207.984,4.823
227.141,4.787
255.812,4.840
284.190,4.800
292.512,4.857
304.495,4.800
18.057,4.880
24.952,4.880
34.574,4.867
86.162,4.897
92.457,4.880
99.010,4.904
102.138,4.920
105.787,4.938
106.971,4.840
108.207,4.937
154.116,4.893
181.064,4.902
199.830,4.858
221.856,4.920
231.543,4.860
235.962,4.847
251.713,4.869
261.674,4.872
263.010,4.850
267.826,4.893
274.136,4.913
276.571,4.888
299.081,4.856
31.875,5.022
35.740,4.989
77.389,4.971
81.181,4.960
110.781,4.930
112.951,4.992
137.998,4.947
144.610,4.993
161.732,4.987
164.497,4.966
185.238,4.978
195.695,4.960
200.783,4.949
215.069,4.947
249.241,5.047
264.114,4.960
269.579,4.973
278.207,4.955
280.591,4.979
295.906,4.938
313.617,4.991
20.861,5.098
50.840,5.029
52.893,5.053
55.276,5.040
66.113,5.080
109.514,5.058
139.149,5.098
150.002,5.053
151.602,5.053
162.991,5.036
176.291,5.102
211.316,5.072
230.265,5.018
246.438,5.064
300.311,5.020
12.381,5.120
53.850,5.133
68.478,5.107
96.503,5.168
136.000,5.120
190.818,5.191
205.823,5.120
257.181,5.120
310.171,5.120
1.790,5.200
4.895,5.221
10.704,5.248
67.408,5.189
85.046,5.191
93.743,5.277
97.752,5.232
114.400,5.176
132.512,5.213
155.276,5.200
156.722,5.172
166.171,5.200
167.515,5.262
187.856,5.240
193.275,5.282
194.629,5.200
212.495,5.264
238.802,5.205
258.474,5.200
301.884,5.258
131.276,5.310
140.862,5.326
173.210,5.320
189.079,5.302
220.550,5.298
244.820,5.313
247.930,5.333
286.454,5.263
303.314,5.280
47.407,5.373
100.284,5.373
117.232,5.418
119.418,5.385
146.857,5.336
159.712,5.373
179.698,5.376
186.317,5.433
196.990,5.360
201.981,5.339
225.981,5.360
232.838,5.360
22.019,5.480
29.429,5.458
41.960,5.495
60.055,5.453
75.849,5.408
79.467,5.440
95.429,5.440
123.294,5.431
127.010,5.470
128.838,5.410
158.019,5.470
203.281,5.471
206.990,5.495
213.922,5.429
218.400,5.440
224.307,5.434
237.695,5.445
242.243,5.464
272.059,5.427
293.845,5.423
306.477,5.462
309.008,5.465
312.593,5.463
7.070,5.535
16.114,5.520
23.312,5.528
28.250,5.507
30.857,5.520
58.498,5.543
61.257,5.520
87.278,5.552
89.826,5.514
115.522,5.507
124.571,5.543
134.857,5.520
170.400,5.520
191.941,5.507
198.764,5.507
229.198,5.507
288.504,5.560
289.773,5.531
0.744,5.578
3.542,5.607
5.979,5.651
8.498,5.622
13.720,5.579
40.686,5.600
72.132,5.611
103.179,5.609
111.827,5.611
121.846,5.591
136.884,5.632
143.467,5.633
183.127,5.634
215.979,5.611
234.095,5.600
252.745,5.655
254.895,5.600
259.691,5.643
270.781,5.648
273.175,5.600
285.183,5.647
291.293,5.613
296.703,5.587
311.200,5.600
18.865,5.728
19.962,5.680
27.218,5.658
33.730,5.741
38.476,5.751
39.543,5.680
44.838,5.704
56.107,5.712
64.016,5.707
70.493,5.667
73.388,5.667
74.569,5.685
120.669,5.693
175.390,5.680
177.430,5.658
209.391,5.731
253.731,5.737
260.985,5.754
268.571,5.680
274.704,5.712
298.038,5.720
14.895,5.760
25.774,5.793
36.558,5.778
46.189,5.745
101.447,5.806
208.207,5.786
210.607,5.773
228.040,5.735
277.314,5.742
278.878,5.771
17.295,5.800
51.908,5.850
57.371,5.840
62.705,5.840
69.283,5.898
82.156,5.858
91.140,5.863
125.676,5.816
130.057,5.810
147.980,5.895
149.275,5.862
169.106,5.833
171.657,5.840
174.362,5.840
217.164,5.851
219.426,5.866
235.221,5.829
236.533,5.867
241.103,5.814
265.890,5.846
275.862,5.855
283.010,5.816
304.288,5.897
9.620,5.924
24.268,5.941
32.602,5.948
35.041,5.927
76.890,5.938
83.692,5.898
118.248,5.920
133.638,5.920
156.021,5.907
163.733,5.920
178.531,5.907
181.867,5.900
221.964,5.931
223.010,5.902
239.885,5.967
250.341,5.909
256.246,5.933
267.314,5.920
292.552,5.915
295.145,5.907
299.542,5.926
307.826,5.907
43.356,6.000
48.843,6.040
49.831,5.974
78.231,6.023
86.194,6.010
88.474,5.987
110.878,6.004
139.848,6.040
150.819,5.976
165.240,6.013
195.543,6.000
199.846,6.046
201.181,6.067
243.369,5.987
245.749,6.050
251.564,6.049
280.229,6.006
281.237,6.009
301.009,6.025
11.657,6.089
65.219,6.080
80.571,6.056
112.868,6.120
138.269,6.067
142.210,6.080
153.465,6.067
154.375,6.152
162.476,6.080
180.478,6.102
184.876,6.080
204.821,6.083
211.900,6.142
262.228,6.055
263.469,6.095
284.114,6.080
53.007,6.143
54.419,6.178
66.877,6.215
92.800,6.127
96.748,6.214
104.473,6.210
107.124,6.160
108.457,6.160
109.678,6.192
128.038,6.160
135.910,6.219
146.171,6.136
161.350,6.229
194.196,6.207
227.010,6.160
244.419,6.231
247.429,6.160
248.762,6.160
264.610,6.160
68.038,6.240
94.362,6.240
105.905,6.240
113.964,6.253
152.376,6.261
160.229,6.240
176.381,6.240
192.862,6.335
214.705,6.240
231.351,6.272
258.681,6.250
116.455,6.360
119.580,6.368
159.001,6.378
166.895,6.320
172.669,6.315
188.457,6.320
189.676,6.320
191.048,6.320
198.126,6.352
213.240,6.333
230.210,6.320
238.648,6.338
257.486,6.344
269.829,6.344
286.248,6.368
287.619,6.280
302.615,6.400
310.227,6.309
99.410,6.418
132.505,6.428
186.065,6.408
187.335,6.387
196.710,6.426
206.036,6.387
220.952,6.400
225.122,6.411
305.380,6.423
312.762,6.471
18.043,6.542
30.324,6.520
131.314,6.466
157.600,6.480
202.705,6.492
288.821,6.467
308.966,6.534
12.792,6.568
22.688,6.547
58.226,6.573
75.446,6.573
84.843,6.600
115.087,6.592
137.219,6.640
141.187,6.567
143.409,6.655
145.219,6.590
223.962,6.560
233.126,6.573
293.460,6.618
311.543,6.560
313.942,6.590
4.858,6.625
10.667,6.640
29.064,6.666
31.739,6.622
45.438,6.647
50.895,6.701
71.541,6.705
79.505,6.640
83.022,6.680
98.133,6.640
123.410,6.650
168.288,6.627
169.905,6.640
171.086,6.680
207.221,6.627
218.324,6.600
237.570,6.672
271.560,6.653
278.127,6.660
1.350,6.737
21.486,6.700
25.237,6.729
26.571,6.703
27.771,6.720
35.870,6.845
37.426,6.743
41.964,6.707
47.983,6.707
59.352,6.720
60.512,6.733
61.812,6.703
72.894,6.738
74.379,6.733
95.771,6.720
100.435,6.743
122.131,6.767
127.010,6.750
134.950,6.733
183.945,6.731
234.230,6.731
254.056,6.752
273.981,6.690
296.004,6.778
6.139,6.870
16.520,6.854
39.178,6.823
117.418,6.822
125.752,6.800
129.111,6.833
173.811,6.811
182.744,6.832
216.208,6.789
229.012,6.813
252.686,6.840
259.792,6.845
272.686,6.800
290.057,6.800
303.467,6.770
3.729,6.933
7.414,6.960
14.000,6.897
20.380,6.888
46.788,6.848
56.655,6.946
70.002,6.893
81.295,6.889
87.450,6.867
90.476,6.856
91.810,6.880
111.695,6.889
124.589,6.871
130.141,6.952
148.817,6.893
177.410,6.937
208.648,6.897
211.103,6.891
235.507,6.865
249.563,6.943
255.335,6.869
263.992,6.961
276.403,6.937
282.327,6.885
291.429,6.951
297.465,6.893
300.268,6.887
306.723,6.956
63.390,6.920
64.464,7.023
86.229,6.942
88.800,7.000
102.987,6.984
140.093,6.977
164.406,7.090
165.848,6.985
195.643,7.022
209.867,6.984
219.604,7.013
240.705,7.000
242.324,6.960
246.569,6.947
256.580,7.052
284.875,7.047
294.743,6.960
298.612,6.949
14.993,7.063
33.067,7.040
34.226,7.104
40.346,7.041
44.249,7.049
55.335,7.126
66.009,7.074
68.841,7.080
76.648,7.067
78.188,7.162
151.429,7.016
155.581,7.040
163.315,7.048
175.221,7.053
181.202,7.051
217.288,7.065
226.274,7.037
227.864,7.066
251.282,7.106
261.195,7.048
262.621,7.080
301.699,7.104
308.068,7.166
2.813,7.541
9.034,7.122
138.844,7.192
147.638,7.115
150.116,7.109
152.954,7.143
156.673,7.178
190.438,7.120
200.686,7.120
201.752,7.099
203.869,7.151
212.364,7.109
214.038,7.115
222.743,7.144
239.467,7.120
243.467,7.137
248.047,7.160
267.773,7.152
275.086,7.120
283.788,7.198
53.731,7.223
67.390,7.200
101.772,7.185
133.907,7.216
146.684,7.213
154.303,7.178
159.657,7.269
167.507,7.240
176.267,7.200
189.198,7.187
191.924,7.200
199.295,7.192
232.135,7.213
266.341,7.189
268.933,7.205
279.586,7.279
280.731,7.260
23.589,7.384
93.449,7.312
110.552,7.280
112.845,7.309
136.302,7.330
142.302,7.285
144.268,7.314
161.743,7.305
180.036,7.251
187.839,7.361
205.179,7.254
245.200,7.468
258.122,7.345
270.629,7.280
99.276,7.360
118.666,7.500
160.610,7.330
172.289,7.421
178.781,7.360
185.257,7.360
186.560,7.368
194.303,7.373
215.145,7.373
265.181,7.336
12.145,7.519
52.798,7.494
104.065,7.569
105.616,8.539
108.070,7.463
109.316,7.453
127.848,7.410
158.402,7.446
196.838,7.440
225.250,7.448
230.265,7.427
43.203,7.524
48.858,7.539
49.867,7.520
84.208,7.608
96.783,7.560
114.074,7.507
206.349,7.542
236.876,7.520
286.886,7.671
292.838,7.520
26.440,7.727
38.040,7.640
94.688,7.631
97.870,7.682
106.840,7.599
168.952,7.600
296.629,7.768
309.013,7.917
312.212,7.623
29.928,7.798
30.848,7.697
71.319,7.913
80.305,7.712
121.380,7.819
122.745,7.895
132.839,7.751
233.257,7.656
285.761,7.818
289.500,7.938
304.533,7.680
307.254,7.865
313.315,7.778
4.375,7.924
13.320,7.814
17.367,7.837
28.354,7.838
35.048,7.792
36.857,7.934
115.356,7.811
116.533,7.760
135.229,7.843
140.978,7.849
145.735,7.747
198.002,7.747
218.969,7.788
277.447,7.850
44.969,7.859
46.058,7.808
47.416,7.862
51.558,7.885
57.645,7.903
59.950,7.952
61.909,7.960
124.151,7.949
207.493,7.817
216.533,7.880
221.193,7.869
223.868,7.851
238.097,7.846
241.555,7.883
252.515,7.866
253.514,7.951
260.492,7.926
290.775,7.905
302.762,7.856
305.694,8.035
310.705,7.840
0.533,7.880
8.251,8.051
22.385,7.960
24.453,7.942
40.838,7.960
54.605,8.144
56.133,8.063
73.798,8.521
75.321,8.069
79.325,7.979
89.714,7.947
91.010,7.920
91.505,7.880
92.488,7.981
125.468,8.169
126.590,7.920
129.106,7.968
131.410,7.915
137.676,7.920
148.167,7.985
157.511,7.978
177.867,7.960
193.445,7.914
278.588,7.898
282.818,8.104
288.237,8.031
294.171,7.992
299.640,7.984
300.627,7.977
5.620,8.035
6.558,8.737
14.918,8.678
21.159,8.061
65.524,8.040
72.528,8.018
82.784,8.019
85.583,8.011
87.170,8.072
100.876,8.080
118.048,8.598
149.541,7.989
166.597,8.040
170.362,8.040
174.398,8.034
209.448,8.091
213.067,8.024
217.748,8.021
228.990,8.000
231.275,8.048
234.462,8.015
259.234,8.070
271.351,8.104
272.598,7.997
273.944,8.032
295.546,8.125
10.457,8.134
32.125,8.104
33.942,8.239
39.374,8.137
41.981,8.089
58.866,8.130
66.684,8.067
130.171,8.080
139.588,8.149
153.752,8.071
165.122,8.102
173.373,8.052
180.988,8.120
182.230,8.084
183.259,8.081
227.543,8.040
235.804,8.140
247.543,8.040
254.722,8.336
269.862,8.262
297.631,8.178
24.990,8.160
88.131,8.177
143.352,8.120
146.958,8.251
150.888,8.186
152.389,8.232
156.000,8.200
162.667,8.173
189.774,8.173
192.381,8.160
200.305,8.160
203.088,8.160
240.502,8.229
244.105,8.243
248.781,8.143
257.143,8.120
261.965,8.143
275.771,8.160
1.410,8.240
81.573,8.292
163.849,8.243
175.666,8.333
191.067,8.258
201.658,8.225
210.667,8.240
214.192,8.229
220.135,8.248
222.248,8.280
226.210,8.248
242.639,8.232
255.908,8.752
263.162,8.200
267.211,8.298
301.943,8.502
19.810,8.280
63.898,8.398
68.158,8.392
161.562,8.442
167.868,8.367
171.677,8.361
184.757,8.341
187.238,8.296
188.554,8.307
194.839,8.346
195.936,8.375
204.324,8.375
250.744,8.379
264.508,8.342
281.219,8.848
284.148,8.712
49.815,8.863
134.171,8.471
179.181,8.418
211.907,8.383
225.007,8.449
232.249,8.462
291.984,8.767
293.303,8.627
77.592,8.520
119.460,8.793
122.247,8.887
160.097,8.505
185.981,8.527
205.655,8.467
60.190,8.520
93.521,8.866
102.761,8.675
124.015,8.932
239.274,8.632
279.639,8.616
18.210,8.600
69.027,8.766
99.997,8.618
110.632,8.725
121.026,8.811
122.895,8.600
136.522,8.686
199.010,8.673
215.522,8.629
230.112,8.627
258.179,8.773
303.890,8.993
3.284,8.980
37.889,8.982
60.827,8.848
104.160,9.004
158.798,8.707
174.564,9.038
245.149,8.912
278.378,8.858
18.917,8.870
25.328,8.922
30.570,8.876
57.941,8.838
80.251,9.007
144.457,8.806
177.206,8.861
237.095,8.783
277.333,8.760
305.195,9.025
4.843,9.032
10.807,9.130
17.510,9.057
44.237,8.870
56.827,8.987
72.743,8.966
96.295,9.007
113.537,9.058
142.343,8.853
246.670,8.894
257.275,9.111
296.754,9.113
298.526,9.064
307.778,9.003
311.525,8.886
312.689,8.905
314.112,8.937
7.884,8.983
8.946,9.068
21.423,9.051
22.707,9.029
27.792,9.012
29.213,9.028
32.941,9.019
35.456,9.018
40.288,8.983
43.040,9.065
47.932,8.988
51.367,9.039
53.772,9.055
59.427,8.988
63.272,9.055
64.840,9.059
66.109,9.014
70.348,9.108
82.339,9.068
83.713,9.042
87.913,9.048
89.255,9.070
91.934,9.030
97.665,9.036
101.613,8.982
125.976,9.004
127.359,9.000
138.480,9.051
141.284,9.007
145.654,9.021
259.202,9.135
269.092,9.023
286.335,9.108
310.459,8.982
12.334,9.063
16.499,9.063
20.364,9.051
31.594,9.112
41.451,9.042
46.594,9.042
52.590,9.021
55.415,9.080
62.074,9.080
67.429,9.095
71.454,9.083
75.166,9.077
76.796,9.080
78.089,9.126
84.988,9.067
86.647,9.057
90.571,9.071
95.236,9.049
109.105,9.263
132.207,9.027
156.741,9.027
217.647,9.119
233.357,9.062
234.645,9.094
236.028,9.172
247.938,9.098
249.314,9.140
252.267,9.048
253.377,9.112
261.455,9.054
288.273,9.146
290.713,9.119
295.773,9.115
299.747,9.101
306.399,9.111
1.215,9.141
45.451,9.130
98.937,9.134
117.100,9.161
129.656,9.135
131.010,9.096
148.939,9.146
162.281,9.227
165.831,9.120
168.762,9.120
238.191,9.166
243.118,9.296
260.169,9.211
267.771,9.160
271.827,9.109
276.648,9.242
294.664,9.181
303.024,9.191
309.391,9.118
107.657,9.180
112.078,9.253
115.192,9.340
128.513,9.179
133.314,9.183
135.221,9.215
137.417,9.254
150.362,9.218
153.011,9.261
154.193,9.257
155.598,9.271
163.302,9.265
172.800,9.211
176.259,9.208
192.935,9.218
195.302,9.258
197.680,9.210
202.129,9.258
207.596,9.190
208.613,9.283
216.568,9.176
227.130,9.281
240.705,9.281
241.880,9.179
254.710,9.233
262.722,9.191
266.590,9.209
270.396,9.302
275.449,9.189
282.159,9.235
282.895,9.160
287.733,9.280
289.391,9.262
301.274,9.214
146.629,9.304
147.826,9.293
151.712,9.293
170.057,9.280
171.234,9.438
180.080,9.269
183.866,9.335
189.350,9.293
191.674,9.291
194.303,9.293
196.499,9.340
200.897,9.267
206.273,9.324
222.821,9.262
224.133,9.320
225.679,9.315
228.608,9.351
263.983,9.293
265.332,9.273
273.007,9.267
274.441,9.294
140.040,9.393
159.568,9.418
164.610,9.400
167.107,9.420
178.417,9.413
181.199,9.351
182.494,9.422
185.297,9.389
188.145,9.408
199.807,9.394
209.922,9.373
219.181,9.384
221.562,9.360
232.152,9.440
250.893,9.524
143.415,9.462
157.752,9.440
160.933,9.422
186.763,9.487
190.552,9.440
203.641,9.497
211.217,9.427
220.362,9.504
230.895,9.464
212.381,9.544
213.562,9.520
214.612,9.507
204.893,9.587
79.619,9.640
68.267,9.720
