274.580200,-7.687101
190.068500,-5.180425
294.763100,4.195787
57.971990,-7.854649
45.190000,-1.202967
204.067100,-9.382983
295.829300,6.033243
61.412960,-0.442982
177.372900,2.145722
164.025600,0.527846
179.520200,-4.286575
228.990900,-3.548405
261.495600,-5.827779
303.573500,-3.645984
309.280400,-5.244795
65.448270,8.280913
137.003000,-7.253127
25.786410,-1.343174
208.664000,-9.356168
10.428920,2.135357
294.090300,-9.382306
32.512010,-5.083158
93.472940,-9.036529
126.287600,4.026726
133.254900,-4.212293
214.471400,-9.382388
14.395940,0.166950
266.527500,1.448582
186.601600,3.729531
87.086790,-0.377618
263.151200,1.996408
148.562600,-1.566126
89.999240,-6.622937
102.613800,6.567510
299.524700,5.637906
213.083200,-2.045425
123.416800,0.861564
162.345100,9.382302
198.763200,-3.414248
260.885600,8.924854
208.727400,-8.123290
76.392950,-5.860161
22.236610,-1.028412
210.663500,7.271300
83.535760,-7.549382
123.486500,2.109833
313.965500,-7.648414
99.604330,2.525003
28.558460,3.730057
88.423470,2.955451
190.384200,3.197970
130.991000,-7.213929
33.188900,-8.298769
208.884100,-6.913101
313.568500,-8.802423
167.210600,7.260283
259.754300,-7.029918
27.344600,0.450687
88.492490,9.382541
310.553200,2.726932
203.949700,8.329057
279.951800,-2.518665
53.048370,-9.382313
8.763718,5.939007
115.887100,-2.542805
14.817500,3.633343
277.246400,5.251062
210.143200,2.901601
194.793900,5.642488
146.664900,8.032916
279.894600,4.215949
95.123950,-2.292599
165.365600,8.302016
10.784790,0.704950
52.869960,7.017448
181.664800,4.221871
229.656200,-1.953279
277.237900,-0.984012
18.588020,-4.800245
109.905900,-0.184150
54.746200,9.274274
144.107900,-7.656345
281.552200,-4.044006
95.681740,4.540544
135.010000,3.084143
86.831260,5.257525
279.777600,7.397664
60.866540,7.449835
78.231170,9.382345
-0.344525,5.256832
250.971300,5.234490
134.610400,-9.382478
82.355690,-6.457589
102.887300,5.378506
179.845900,1.347268
187.604800,-5.692935
270.301700,-9.382645
83.563510,-6.283428
119.315200,-6.535186
286.266700,-1.848631
51.864590,-0.569050
219.925700,-6.519215
78.309290,-4.417089
162.273100,-7.639766
246.989500,-5.408786
243.179000,5.517282
121.148900,-0.022519
181.654000,-7.146649
192.636900,-1.642274
308.858800,-9.375310
302.623900,-5.460158
121.068500,-3.228364
51.369540,-8.220030
28.935930,4.890605
15.924080,3.118793
233.666700,-5.418974
248.205600,-0.517945
259.524300,9.382369
190.583000,-0.597295
202.099500,0.726194
197.238900,-4.889875
45.446810,4.567353
271.916500,-0.421056
92.874820,-4.421488
77.485640,-5.317289
119.445000,-1.271227
288.325600,-1.797704
269.797200,0.793567
164.385900,-2.249064
192.476200,2.994910
41.610240,2.487700
137.526300,-4.523740
271.512800,-1.572785
258.510700,3.160117
265.035500,-3.378125
111.516500,-6.094224
126.275700,8.421778
222.401400,9.334559
231.667800,1.082900
13.924590,-0.984816
116.662600,4.046157
128.949500,-1.509474
142.073300,1.595022
160.263700,-5.084262
289.408600,5.633414
175.527200,-7.839322
160.230600,-6.304116
79.650760,-2.438856
277.166600,9.166140
263.966900,-5.703021
107.640900,0.011766
228.822100,1.061122
171.627300,3.471089
27.067560,-4.031568
69.445480,2.791609
36.663040,-0.644274
165.522500,5.993847
281.459400,5.612632
70.963260,5.936263
205.397700,-4.245315
202.345000,5.375338
171.101400,-2.144614
297.751300,-7.269288
103.209100,-6.177560
235.445300,-1.253596
237.833000,4.513319
85.747430,-7.333973
118.006200,0.702880
189.638200,-6.341075
254.706800,-0.991906
272.173200,-3.716544
90.158730,5.465302
51.671710,7.248780
94.643180,-9.382455
24.641290,-6.017971
157.033200,5.068652
117.389700,9.382758
194.125700,0.029042
308.154100,-8.276346
152.485900,-9.382382
167.754800,0.848004
49.466140,2.934688
83.973310,2.199612
276.502600,-4.635578
233.673300,1.401895
8.699739,-9.382384
155.176500,6.093412
171.828400,0.768979
278.002200,-0.032811
42.361870,-6.532748
121.852000,-4.163983
35.314550,7.767900
87.272180,9.382581
269.231600,3.735068
100.775700,-6.363613
175.788300,8.874823
51.524230,8.460217
230.146700,-3.156804
67.949640,-2.824958
111.734500,6.130265
180.320100,-0.720443
32.627770,-9.382369
97.926910,7.961002
246.194900,-9.382361
50.149330,-8.199618
23.407020,-7.847696
263.336200,-6.762211
92.667390,-7.806336
126.185500,-2.494262
49.329960,-4.020167
293.225400,-6.159762
230.164700,7.001081
279.380100,-4.692827
162.856800,6.208095
74.188980,-5.202192
86.915950,-2.236698
15.568670,1.951304
155.837300,2.922131
115.559900,8.324974
205.768100,6.771192
300.729200,5.442519
313.141500,-4.977550
197.484000,3.882559
227.319400,7.274122
283.168900,-7.668262
168.773400,-2.502824
99.481090,-3.136950
254.866200,5.309624
121.385800,9.177034
81.437450,-5.284662
142.022300,-3.219149
7.663936,-6.366784
73.673010,-7.656995
111.380000,1.779814
94.138870,8.420739
210.224500,-3.460016
88.788660,-6.469766
186.405500,-7.066235
265.954500,2.526087
105.063600,5.479473
293.810200,4.958000
24.152240,-3.789675
204.687400,3.637818
99.975380,-2.021658
104.012300,-0.209721
166.588100,8.309787
158.746900,-3.976220
46.501320,-0.278623
278.095500,1.183729
114.951300,9.382440
275.305900,-8.668151
163.173300,-2.111681
297.750600,7.592460
52.483760,-4.097503
199.537100,3.334274
136.864100,4.097519
286.726700,7.150828
267.659400,9.149037
82.151050,5.178587
92.767820,5.747126
178.919500,5.022506
0.291054,-3.283797
178.307800,-0.105095
290.337100,3.681111
94.123090,-4.492716
273.106300,-9.226197
290.636900,8.309769
122.680500,-8.590090
258.342900,5.958060
113.459400,-2.936955
205.728400,0.433856
291.218600,9.382397
195.417700,4.593944
129.770200,3.467224
33.781730,-7.232181
96.674840,1.146605
296.765700,-3.290393
217.582600,-5.913483
108.207700,8.013767
289.889400,-6.500566
128.822600,0.076893
153.611100,9.351853
210.993900,-4.406638
221.488200,4.808146
252.494800,-4.796477
33.571700,5.463392
274.813000,-0.954610
146.136600,-5.797420
264.759300,2.280296
37.959470,-0.007201
91.124380,-7.228078
152.254300,0.083221
110.074700,9.383148
101.533800,1.698535
239.197900,-8.051239
45.800500,-3.719838
287.526800,-2.720347
116.163700,-3.730703
75.111300,8.159598
30.980740,-0.077007
74.046830,-6.414328
149.759300,9.381786
136.624200,-0.192883
11.204750,-4.530546
73.890890,6.942206
36.885050,3.288361
307.068100,-4.761959
27.464850,-0.770886
169.862900,4.380215
2.679642,4.531546
239.908100,-4.462294
190.424000,-7.274526
67.667100,5.633539
148.187200,-5.398478
87.851110,5.926469
46.506240,-6.062935
182.369000,-1.311583
223.620800,9.382302
40.775860,-4.382489
29.031260,-3.045497
105.284000,-9.382540
117.999900,8.326621
29.312080,-1.857870
34.346220,-6.150348
182.055500,-4.887619
303.769100,-1.223722
260.428600,7.076408
76.301580,6.670093
204.126400,-8.165510
180.330000,8.323725
52.099370,6.061705
275.356100,8.325505
128.484000,5.539954
226.891300,6.131323
89.504920,4.297397
9.450829,1.405698
250.420600,0.397849
262.847900,-0.424013
63.168080,-2.110507
282.813200,7.570618
170.740200,-7.643185
178.300500,2.938632
274.519700,3.359172
72.870350,-6.737905
92.074520,-5.341646
123.006800,5.517018
106.171600,9.078060
241.313800,-1.851040
238.207900,2.110447
262.733600,-5.701372
216.445300,6.451934
79.181690,4.413143
151.342800,6.616965
101.280700,3.814668
280.515300,-8.092924
132.180000,-7.487440
214.324200,9.382696
229.465700,9.285418
248.797600,-3.988196
118.878400,-9.383186
145.942800,7.013100
112.499900,-2.156441
35.532670,5.427476
200.375700,-7.919255
58.932350,5.907303
103.074700,-2.483714
70.633770,-7.710190
205.345200,-8.148580
268.468400,-5.017200
295.689300,-6.110942
295.824200,-2.514093
285.079600,-1.567289
141.164100,-0.433713
211.273600,8.326906
294.121100,-6.988468
242.608600,-9.382302
230.271700,-0.899486
107.064600,-2.969227
211.745000,-5.828300
270.990800,0.541067
58.898550,-0.127060
234.979800,6.109868
38.878170,4.827518
289.533300,-0.312349
12.902420,4.337224
173.093400,-8.200927
284.009300,7.812389
252.963300,6.631253
54.963420,3.711371
112.513400,9.382302
188.989200,3.737697
90.445200,-1.954606
98.861280,3.491418
252.959300,3.839747
293.751900,-2.151492
10.122520,-2.595374
30.006860,-5.320367
263.594900,-1.408131
14.979590,-7.950675
170.306800,0.056942
50.475840,-3.600294
31.930100,-8.279498
214.137200,-8.208815
115.381500,0.019301
159.266300,8.261969
236.836700,-2.957982
236.648700,-1.041763
133.405600,-3.001838
253.676900,5.583014
151.786900,7.756654
120.246000,-2.282992
241.140700,-3.064469
39.755560,-1.123410
292.630300,-4.266896
138.008500,1.906311
112.353300,7.187402
277.980500,-3.303625
100.205400,-4.118554
201.573200,2.771474
133.425800,3.452238
150.105800,6.075549
2.588608,-2.484852
134.457700,6.263966
312.561600,-6.051328
140.098100,-1.048765
21.990930,-4.642289
101.991900,-6.264266
85.826480,-8.551687
112.322100,4.947254
21.342400,7.591508
261.204700,-3.675480
226.493600,0.359171
240.030900,-2.556923
259.598000,4.965376
130.280500,6.654057
296.866100,-5.787915
274.880500,4.625180
133.824100,7.306846
167.198400,-1.036308
245.332600,-3.777400
129.214800,-8.956398
204.792800,2.427357
132.782200,4.614983
259.581300,3.746050
6.770425,4.937973
87.646880,7.129191
95.965320,2.157945
22.667920,-5.657608
93.557820,-3.411504
273.605500,1.120840
104.761300,8.184937
156.342300,-0.939794
22.853780,1.904830
138.774600,7.256511
129.351200,-2.660451
178.819900,-2.216277
143.376100,-1.429520
99.468540,8.532701
235.992100,5.428331
264.378900,-8.608880
103.219500,3.087621
23.440220,5.591145
229.465300,2.098236
35.744030,-6.213218
137.695600,-2.089184
247.640800,-4.376720
204.792500,1.214065
17.488540,-5.329393
146.965700,-9.382329
186.257600,0.784981
128.100600,-2.383954
279.738500,2.264641
273.894700,-6.677455
117.876400,6.160362
139.638000,-4.667922
123.744800,-5.076671
283.510200,1.167902
116.104600,-7.478413
5.138408,5.798583
4.178000,-6.496118
231.362500,8.287807
193.601700,8.631218
92.148800,-6.559640
299.405100,-0.849015
204.933500,-2.303194
167.317900,-8.041747
27.641430,-5.556386
207.003700,9.383413
64.696140,0.329676
85.485520,7.999435
82.399140,-3.021976
2.552339,3.201819
66.453290,1.638055
26.708270,-9.382383
89.995810,-5.402544
172.826500,-5.014397
58.821610,8.262896
98.993320,-4.257963
173.371500,-3.595638
42.939060,-5.457492
312.003300,-1.174850
200.076300,7.257912
47.018460,-3.796869
223.079200,5.975103
287.067000,-5.399772
266.822700,4.174459
1.474814,0.351431
184.915100,3.725649
113.615000,-1.666700
177.309100,-3.616228
82.257220,0.349108
300.222400,-3.597359
150.481800,1.179717
282.243000,1.442276
59.311170,-1.275578
187.983000,-0.968555
306.017200,-4.141587
71.865310,-6.043841
87.530850,-6.814954
58.293230,4.387161
188.605000,-3.233888
102.675800,-7.274971
219.652900,2.201695
9.285126,2.614702
300.339500,-6.050490
73.012350,-5.525982
68.221450,2.751243
37.745110,-1.208621
58.335510,9.382302
85.678090,-2.328767
153.374700,4.959870
263.104300,-2.535770
30.200180,-2.694880
65.697330,5.219486
216.043400,-2.358934
137.177800,-9.382391
210.088000,-6.713494
159.965000,-3.901129
73.660030,-0.703732
277.211500,2.029366
215.391300,0.757317
8.540203,3.581381
180.120900,4.808482
164.852100,-0.370079
5.393590,1.717705
212.951600,-7.922177
209.443500,9.383149
115.383700,6.121739
136.790100,1.974189
32.226700,8.176035
218.792300,-6.068151
304.817000,5.588074
293.111200,8.291910
297.898300,1.523462
176.982700,4.676357
65.596380,2.653173
291.421000,4.249551
19.383400,-5.728777
128.027400,2.327155
96.037640,-0.025821
311.858000,4.374144
142.317000,-2.035397
149.288600,-8.630792
46.484340,6.634362
48.756890,-5.421390
49.229290,-9.382312
173.059400,0.924936
226.455600,4.991086
36.860890,-2.049738
35.698680,3.002201
147.692800,5.819937
164.307400,5.880000
109.771900,-4.007766
213.251100,-9.382337
33.182360,8.948124
295.920500,-8.325633
123.307200,-0.433265
115.034700,-6.892313
140.612000,8.324421
126.801900,-0.423155
47.550510,8.815955
127.587200,-4.343524
109.627300,3.085333
164.806900,2.986117
45.613580,-2.445764
295.098900,7.010846
39.240600,-2.229839
163.354000,-4.411737
289.886000,-7.720906
124.775800,-0.969032
184.575500,2.553492
296.009400,2.311527
192.641300,9.382743
147.007100,4.810554
165.606800,-7.257216
282.724600,-0.930096
203.549600,6.594102
7.989711,4.887491
132.208800,3.540800
98.762660,-2.142934
36.973520,-5.953140
61.349350,-8.563621
304.827000,-5.678543
35.778820,-1.485415
75.325370,1.377489
44.137060,0.327089
267.085900,2.983227
32.170540,3.177786
156.454900,-5.060705
289.078400,-4.149348
146.615900,-8.213184
8.524478,8.819191
129.686400,-3.832470
47.529930,-1.096624
41.935280,-4.763409
198.234200,-1.368744
212.493500,8.326434
269.661100,7.257792
92.308020,2.197551
300.182300,-7.260669
231.038800,-1.848608
15.444910,-5.199286
299.025900,6.751642
184.755300,-0.695181
113.305700,-7.462473
88.608020,-0.478835
277.996200,-4.523789
242.424000,-5.553116
48.236080,2.488667
310.979700,-3.623148
107.791700,4.293399
309.119600,6.231050
288.718400,-2.983400
149.572700,7.172843
80.916600,-9.382310
6.578696,0.176279
48.631520,9.382307
110.735700,0.743448
131.920000,8.331606
83.001450,2.936977
101.596300,-0.522912
106.117200,-8.491871
280.261700,5.379511
57.337040,6.612462
27.047280,-8.210151
254.633700,-3.660405
48.928890,-8.199484
127.696100,0.542711
304.910900,8.540907
174.522400,-1.125717
36.682910,5.835277
103.512500,-4.390761
29.053650,2.614653
310.952000,-0.555063
48.929470,0.406854
135.501100,-3.154961
72.197240,-3.594872
142.434700,7.221404
175.475100,6.250083
188.304500,0.208651
278.043700,4.327388
207.816700,-3.845615
6.992779,7.115396
1.647679,5.183122
151.629700,4.301752
50.770250,-7.142555
308.271300,-4.558413
90.797970,9.382461
2.343591,-8.021557
242.334700,-4.335473
31.407460,-9.382306
285.508300,7.084034
96.421090,5.683711
56.300420,-3.630892
243.552600,-2.856458
192.817000,-4.948904
141.157900,-1.653882
190.200900,-1.756239
101.740400,4.962973
149.624600,-3.405931
277.639200,3.172283
122.936100,9.034018
12.011590,-8.006582
257.872600,7.148402
161.041400,9.382314
91.065540,2.668610
54.860330,-9.020669
196.831200,8.108021
71.859010,4.523526
187.784100,8.305290
307.008800,-3.430283
276.845100,4.098681
37.369030,1.672106
102.742700,1.860779
309.213400,-7.670607
262.175700,-7.139248
245.956000,-6.057661
148.464100,0.253289
150.529100,-7.947689
262.341200,-8.846061
133.057400,2.289225
288.111000,-7.332015
233.585600,7.612315
155.171400,1.690149
184.229800,1.362356
195.995700,5.853023
35.063260,9.382316
311.057100,1.615560
272.190500,7.310807
237.205300,5.559844
97.785240,-5.954496
63.989590,2.514149
223.182500,-3.246685
199.008500,6.605549
276.438800,6.165760
64.714000,3.496252
117.316800,-4.129667
307.784000,-6.999088
162.160800,7.210529
178.348600,-4.628261
25.201240,2.994958
29.200140,-8.664685
70.907340,-5.286132
284.303100,-8.969927
12.853610,2.414241
204.238000,-4.624691
202.331600,8.705202
249.669800,3.455703
120.430400,0.961796
250.743400,4.035663
107.426300,5.785161
4.314315,-5.283414
168.413700,1.875278
13.482120,-2.332999
23.611480,-4.883698
120.427200,4.316002
223.233400,-8.106388
171.029600,-0.926363
108.164000,-9.383942
294.681400,-2.942021
126.882300,1.914117
182.529000,9.382318
232.200900,-1.476226
280.519200,1.326727
239.226300,1.438024
154.817500,-4.158704
58.890130,-7.050680
245.092200,-6.919669
159.778500,-0.581002
63.392730,0.146341
108.963900,-1.719151
121.010900,2.510913
110.683700,8.325982
122.159000,4.642038
6.327103,6.074908
9.115784,-3.290040
280.879700,-1.726292
12.406420,-4.318757
282.632600,-6.189482
249.607000,2.237154
221.713600,-1.570901
232.436800,7.164846
81.002340,-7.790846
305.349600,2.189896
170.114500,-6.589351
291.887300,0.025014
34.755370,-2.150274
91.197080,7.187644
16.757450,2.227254
190.247500,0.575973
61.154160,2.760274
152.734700,1.821051
56.701010,-5.223708
180.683700,0.453259
42.785030,2.157241
172.667300,7.990663
48.787140,7.920858
202.126800,-3.502678
225.671100,6.148919
207.003000,7.273544
12.260550,-5.530967
240.989600,-8.447127
54.937340,-0.264420
236.027600,9.382356
61.767410,8.273103
85.654080,5.576986
95.070590,2.986559
302.522800,-3.025436
107.957200,-5.313665
127.266000,5.477948
77.669040,0.751071
246.477900,2.489065
196.007900,-9.383154
208.249700,-2.705328
293.194900,2.593302
311.688900,-4.937235
141.867000,8.301884
264.303600,8.710499
154.862700,9.382414
184.977300,-8.925143
168.693700,0.068480
298.049300,-6.086350
144.725600,0.996475
42.116810,-1.097012
292.216100,3.323805
275.008500,1.249089
183.562900,5.716629
134.428800,-2.336869
148.415400,-4.199710
174.629000,-7.013083
102.805100,-0.372699
218.442400,2.050848
234.164500,-4.304783
288.951300,6.764767
246.804500,-8.325287
108.954500,2.067296
162.555300,-8.827055
254.440000,-4.865167
1.143397,1.566097
130.341300,-6.181872
195.052600,-6.706536
40.198660,-5.457732
298.508600,9.118360
5.648718,-0.651159
234.885300,-5.483628
176.560200,1.235363
275.393000,2.501070
183.765000,-4.225793
166.734400,6.136720
61.887890,3.735438
132.838000,-5.359142
268.496500,6.893397
86.417980,-6.314518
68.574450,9.382361
74.186130,0.397404
93.346730,-6.792710
118.548500,1.850655
97.929150,1.090902
25.556240,5.508325
218.551500,-7.264479
176.834200,8.239076
278.367600,9.382409
83.812760,-1.037027
180.741400,6.601130
40.858640,-8.831777
151.701900,1.171287
45.315780,0.010911
142.442600,9.382321
23.224460,3.067571
38.468300,8.219688
299.445500,4.420120
248.258000,-2.893643
149.721100,4.737769
119.450400,-4.584936
276.023800,-1.106021
180.461900,3.636855
108.777000,-6.217382
248.358700,7.850574
127.113100,-1.667499
160.696900,0.356191
227.783500,9.206572
158.719100,-8.215219
145.418500,2.003612
223.634500,2.062742
164.145300,8.303118
219.188000,3.329926
235.635400,8.226782
144.775500,-4.429450
202.030300,-9.384094
29.125480,6.899310
197.908000,-2.544087
277.804000,8.125481
176.409500,-9.246309
295.195300,-0.366760
19.270570,-6.943903
221.036500,-8.254657
213.699400,-6.957688
131.136900,1.385138
40.635180,4.241096
257.931700,9.382669
217.727000,-4.686121
157.615600,6.169028
16.956290,-9.382310
218.135000,-9.382586
31.401450,-2.909888
30.159190,-0.979419
155.498400,-3.146022
175.472400,0.682159
10.218730,-3.811868
114.966500,-3.343057
177.467600,6.729911
227.628200,0.808514
3.751261,-2.114058
36.693150,4.493579
214.934200,8.326276
177.150000,3.345599
257.475300,-4.191077
8.827498,-6.734471
280.429500,-0.161311
70.367470,7.731245
23.780840,1.111154
0.300506,0.683559
71.234720,-2.844659
272.473800,0.664608
178.481100,9.370833
293.829200,7.179733
240.579300,-0.188336
145.503800,-2.622515
75.876690,-2.212200
47.128570,7.670831
139.804000,-2.232900
8.953958,-5.520082
180.476700,-6.825443
246.970800,7.388221
62.254360,-9.382320
127.964500,-0.790687
110.173400,1.993573
14.367210,-5.771921
268.963100,-9.304566
21.283530,-9.280272
3.156640,-8.931615
230.544500,-4.323357
291.368400,1.129607
189.406000,-4.155639
13.249140,-6.261069
277.278000,-9.382367
244.136300,9.382310
62.987660,8.254780
135.057700,5.196409
37.945260,-9.152284
200.665600,-4.991614
237.486200,6.747407
135.693000,6.237687
285.817800,5.578308
75.832910,5.543366
202.323400,6.594705
293.714200,1.487911
213.737300,-3.074328
117.977500,-8.561801
279.867400,-5.844553
24.086530,-2.571064
311.970100,9.007730
242.680200,-6.746284
67.553220,3.772380
16.116710,-1.530866
245.285100,8.970577
63.569040,4.038979
295.945600,4.497102
220.245300,1.134918
222.431900,4.034512
96.338100,-2.188357
256.085600,-9.382480
301.441800,-3.645607
310.122400,-6.128041
48.383130,-1.969186
193.199100,-8.221311
91.581180,6.030190
220.641500,6.056008
0.677630,5.923429
276.812400,0.236802
91.817790,-3.811930
62.895480,-4.595849
110.691400,-2.857628
111.523500,4.024979
225.968100,2.579935
168.805300,-7.398599
223.370100,3.254071
51.657150,3.813432
64.404910,-6.513499
103.513600,7.391594
171.059100,-9.382329
189.126300,6.633741
6.671137,-9.382431
186.596900,1.957022
238.393500,-5.666209
49.535610,6.904373
263.234400,-7.978342
54.892180,0.955136
192.070200,-5.914044
166.160700,-8.429747
256.431400,-3.559780
186.118800,5.775492
202.320400,-0.473304
167.065800,4.162032
207.963900,3.044886
230.805700,0.219201
139.302500,4.051126
191.140000,4.882201
284.722500,0.842580
28.564740,0.426773
17.040260,5.839799
84.932430,-9.382314
242.089800,4.665826
55.943820,9.039684
67.116170,0.575187
46.314100,5.425918
236.956300,2.545131
299.583900,-8.324260
292.601400,7.183173
303.958300,6.560229
31.128920,-1.720321
20.771620,-5.299359
302.713300,6.214115
304.933700,-2.040732
241.028200,9.382344
204.487000,-3.434504
163.538500,7.239526
137.796200,-0.532080
46.702440,-9.382302
292.417000,-7.074016
259.952500,-1.590861
5.030480,-7.369340
190.191600,7.228955
68.577790,-6.105920
28.145090,9.382302
201.517000,-5.864563
205.740200,4.254340
211.141900,2.089394
162.161000,-1.347367
266.608900,-5.242609
209.024800,3.677718
266.710800,-1.921931
222.081100,2.016199
245.013800,-9.075458
80.291040,-5.703045
44.384250,1.522185
263.616200,7.702353
311.736700,3.127204
104.003600,-3.274746
226.756500,-5.612944
16.508990,-4.601705
153.287100,0.733326
301.559800,-6.057333
27.612250,-2.939497
69.094000,-9.382398
288.207500,-9.382401
145.079400,3.175862
179.997900,-1.897529
43.147840,-1.749925
183.725000,3.434608
92.391960,6.941711
298.728300,0.166314
148.958700,2.543120
126.602400,6.502032
182.625600,-9.382383
22.226580,5.462954
212.983000,0.045721
109.210100,6.280287
265.197000,-0.010310
18.369460,4.829957
215.843900,7.513359
160.941300,7.163228
251.862100,3.217713
107.169400,3.204146
146.670800,-1.350998
245.860300,7.894287
206.772900,6.078536
193.685600,-5.940784
154.481500,-2.335436
40.137250,-6.676575
228.367700,7.898881
263.436400,-9.382756
86.874550,-7.843800
150.680000,-2.793653
161.588000,6.128275
110.158200,-1.470192
291.606400,5.455832
223.481200,-4.436263
64.858090,-5.380381
297.154100,-0.800907
108.388900,3.156672
191.490200,3.713400
178.683200,6.622135
3.142189,2.133541
276.114600,-5.792549
58.252960,0.908591
73.584030,-9.334238
15.854180,6.771561
62.276290,9.382310
171.295600,-6.282144
270.327200,-7.066459
239.150300,8.113340
135.105400,9.382844
128.279900,-6.732718
282.392200,-9.382382
11.641010,2.276799
27.940330,-9.381287
17.197140,-0.963453
117.933400,-2.050245
251.895400,4.437583
266.903000,5.391800
77.751790,-9.382334
92.401700,4.558360
108.529800,5.265211
297.716500,-4.912651
0.736830,7.142256
295.545000,8.146757
217.663400,6.514094
44.418100,6.439731
98.395040,2.364348
232.564200,1.911071
270.313000,-1.799242
200.371600,-9.160156
211.126400,-8.165993
226.376100,-9.202398
159.222400,-1.667230
163.536700,-6.323677
192.349900,-9.382797
79.518900,-4.257275
197.020300,2.754687
136.952300,8.326975
181.870000,0.739152
208.155400,-5.934311
39.359380,-3.912989
160.486200,8.295543
44.851270,3.414292
76.400060,1.955757
169.052300,8.322693
227.987600,-4.293351
9.785599,3.727558
265.770800,4.793030
1.095173,-0.808384
135.830500,-9.382623
210.659300,-2.321136
203.564800,5.374798
259.872200,-3.736616
124.960300,8.301864
176.108200,-5.470059
32.608310,4.714249
275.564100,-3.247901
40.424670,-2.525302
73.491550,-1.912412
80.254090,0.605409
27.035100,7.136268
33.903760,1.382777
200.101500,9.382348
192.257000,5.371971
212.179800,-4.689512
88.291490,4.168690
221.527700,3.215084
70.334700,-9.382302
185.338300,-2.757620
113.540200,4.873638
129.157700,-5.885252
63.948850,1.294460
103.370000,-8.278582
301.662200,0.007555
310.382300,-7.320395
152.114900,2.871646
62.217330,0.503140
88.941640,5.379756
256.239000,3.443350
270.215800,3.014241
160.400800,5.803397
201.247100,1.596195
155.633700,-1.933263
48.802640,5.928408
262.016400,9.382538
195.388300,6.971489
281.911500,-7.173782
119.647700,-8.437313
33.358910,3.752012
136.334000,7.275564
44.326700,-2.065547
277.322600,-5.541344
93.902270,6.196331
2.038604,-6.452185
76.323990,9.112723
197.081500,-7.270591
147.344000,3.637816
159.494200,2.835123
269.119300,-1.545949
165.515800,0.654073
260.178500,-8.173554
242.015100,5.884366
115.386500,3.917639
32.621740,-2.922129
117.654000,-0.862724
56.165520,3.500835
256.711400,9.382364
52.876650,3.767120
280.588800,-4.860279
282.282500,4.711666
246.421400,-4.328545
102.552500,-5.148962
185.325900,8.985534
265.520200,-8.177849
75.380410,0.146370
278.458600,-1.164460
179.379300,-5.498979
265.332300,1.202510
94.886870,9.383396
54.602780,-7.501848
167.588200,5.264843
262.788300,3.160808
289.916600,-3.214639
136.228700,3.056401
76.383310,7.887736
283.570800,-5.409243
12.929800,6.777411
130.209100,-1.793405
134.425000,4.152034
190.996000,-2.808870
57.115120,9.382302
116.779900,8.326297
273.931500,5.474171
15.980290,4.337898
62.883330,3.029448
198.594200,-5.797468
126.496500,0.757466
198.883000,9.383031
127.179200,7.601669
97.254000,0.072909
226.099900,7.314777
154.906900,7.283523
187.012200,-4.626102
133.440400,-1.078056
198.886000,0.982969
277.522600,-7.766193
274.216300,2.177275
74.806970,-1.120964
169.493600,-0.853108
38.980680,-8.451281
4.565994,6.876412
306.164000,1.279812
298.971700,-9.382431
287.519800,8.568304
136.280200,5.168500
156.140900,7.303458
297.405200,4.259661
233.315100,-7.848215
253.551100,-0.601575
79.984020,3.104280
243.828800,-9.367062
268.042200,4.131718
20.457930,-8.381524
206.615600,-4.047898
307.560400,5.169762
42.979710,-0.234030
225.858700,-6.439631
270.860600,9.382483
51.990340,-7.169326
70.730850,-6.493682
135.417800,-4.379469
283.971400,3.164804
136.682200,-1.410011
53.161740,1.518212
35.001080,-7.181692
302.703300,-1.818491
66.824200,4.751038
156.501400,-3.841222
56.463970,5.578965
23.874280,-0.419214
26.518270,4.757425
125.360200,-3.405541
24.526010,6.162524
298.362600,-8.325217
39.262320,9.382302
149.739300,-4.620726
230.362500,4.576499
33.331760,-0.572447
280.542900,3.182273
247.973400,6.692660
118.089600,-6.586685
91.014310,-4.730377
188.984400,-1.665639
17.166240,4.625922
131.998900,-9.382806
181.156800,5.453615
279.857700,-7.064909
32.788990,7.092920
224.841100,9.382342
181.187900,-1.625899
230.494700,1.419222
217.977400,3.178985
197.590400,-9.382333
299.224600,-2.055907
233.740000,-6.637166
72.570400,-8.180005
15.137970,-0.801901
22.868300,-2.642615
11.899910,0.167668
126.767300,-5.246977
191.274600,-4.989244
158.274600,2.793948
45.366280,-9.382360
244.265200,3.336801
210.908200,0.891966
21.543040,8.795300
187.437900,2.840929
247.356000,8.546194
228.043900,-9.382329
150.953100,0.054028
295.308400,-7.270142
86.722630,0.798393
311.105700,-2.409289
145.651900,-9.239392
142.452100,-5.617708
175.855800,-6.664008
205.326800,-6.921299
46.929780,-2.579732
247.010500,-0.265674
230.510500,-8.805037
169.439300,5.944126
217.223000,2.030900
129.882300,1.330225
110.305300,4.099964
97.174840,6.665144
40.977310,7.757232
235.731900,-2.439761
173.222700,6.622663
171.471200,7.040432
152.840000,-3.903707
168.446800,9.382302
312.813600,-7.245401
10.072090,-5.023385
179.756300,-8.219258
51.278850,2.653157
62.500250,5.963127
123.301300,6.991783
49.871340,-0.412255
226.115300,-3.216589
23.932480,9.382310
260.798800,-4.825485
130.555400,0.314581
76.418790,3.176005
38.031430,-2.394954
271.738200,6.177604
19.309080,6.373949
268.240400,-3.819034
40.883610,5.612035
244.762600,-2.698345
256.627300,-2.355551
70.114910,1.695364
286.328300,8.304369
209.020200,-3.652734
273.473800,9.382386
296.540700,-7.107131
72.725140,3.663772
46.749050,0.916335
141.223200,9.382302
52.323680,9.382303
110.849500,3.008203
209.864500,-9.141089
19.362210,-1.293197
54.652780,-5.286831
109.997300,-6.226273
239.664800,4.952869
199.089500,-2.238820
306.643600,-1.949132
39.688830,5.860755
148.352500,7.173620
105.844600,-2.956766
283.411700,4.249117
290.276600,-4.380834
290.573900,6.106311
116.766300,-1.698459
159.161500,-5.608135
98.592810,9.382371
207.381800,-4.994198
114.171500,3.804385
231.149900,-7.765565
281.946800,8.430037
158.224800,-9.331004
221.858900,5.970860
114.339800,8.323719
237.846500,-0.759855
219.930300,-7.739476
227.924100,-5.969250
247.953400,-1.711946
191.979800,-8.221048
4.361651,8.079578
155.624400,-9.382337
18.360790,-0.595734
138.083100,4.060799
104.435900,3.217031
215.537800,3.157707
60.676670,3.884696
244.122600,-3.935447
95.474700,-4.463707
53.936920,4.371414
19.433790,-2.511471
214.154200,-5.444582
138.538800,-5.204314
181.741700,-3.708329
302.651600,7.432732
69.945160,-4.535430
212.204500,0.984108
61.716140,-1.625029
87.637830,-3.220310
105.667000,3.194696
98.383550,6.829376
187.480200,6.000476
46.375540,-1.492484
52.555210,0.437134
281.641100,-5.478146
179.243900,3.712579
4.896771,9.382378
195.016300,-1.106638
312.414500,-8.402372
257.922500,-9.382909
146.931300,-3.279877
130.870000,-4.127551
270.939700,-8.342584
119.393000,8.450897
33.737080,-5.092856
34.507390,3.268119
42.908130,3.371398
183.846000,-9.382433
257.131400,-1.244694
304.028700,4.242505
4.558195,-1.198613
237.283100,1.314244
269.657400,-5.290547
158.777800,1.682125
82.019400,-8.859716
77.332600,5.962801
41.616940,8.796576
73.876100,8.162498
170.419800,3.294349
43.200150,6.362682
312.869500,-0.312382
114.166900,6.029778
244.399300,5.518763
287.570000,0.368966
135.094300,7.300690
268.825900,-6.183610
218.384000,-0.115038
285.167400,-2.784505
265.421300,3.623785
212.491400,-6.792560
271.519500,4.977270
205.715100,5.473611
65.612790,-6.339320
118.615200,3.068434
78.588230,7.479116
36.575310,-7.106721
89.329010,-1.462739
75.776610,4.213770
139.994800,7.269638
70.168760,-0.877474
36.846210,-8.296646
196.606700,6.908986
216.764700,9.382393
32.594580,1.754212
241.517200,0.592361
41.358950,-3.310440
262.610900,-3.652024
198.810600,-9.382785
286.553600,2.981397
31.943190,-4.003438
172.762600,3.023559
227.575900,-7.138896
61.828560,-4.003635
106.278900,5.371844
264.316200,-2.392480
83.667170,-3.044392
170.963000,5.772626
297.358600,6.436907
243.615700,-0.454150
294.065500,-0.828067
124.508400,7.168930
246.656600,1.281837
252.337000,-2.325191
232.647900,-6.090718
103.961600,-7.140604
123.873300,3.269632
164.381000,-7.204869
211.631200,-0.089841
238.050800,-3.082193
249.057500,-6.380893
18.206740,-7.542460
270.272600,8.313394
113.569500,7.093561
182.264300,-6.089990
171.981000,-7.292077
123.620200,4.462916
33.163510,-4.015663
298.912100,7.966678
83.172110,-4.168550
142.992500,5.909588
264.457200,4.373930
60.608300,-4.006643
68.754640,-4.803676
248.692600,9.024380
77.250500,-6.988874
10.698990,7.454925
5.028116,3.352246
12.366330,1.295380
96.152210,9.382352
163.660600,-3.230542
120.179300,9.383218
239.382900,-6.844946
190.610900,-3.966012
236.031300,-5.063876
260.639000,-0.574359
39.051070,-7.232940
131.277400,-8.399565
221.092700,-4.199963
190.780500,-8.441137
228.150700,4.562890
90.371050,-8.525107
52.722500,8.228910
261.710100,3.732258
203.686800,2.940053
300.804200,-8.324325
110.990800,-4.039504
224.473900,-9.022004
255.216000,4.109226
162.317400,-3.767775
241.574400,8.291041
270.589200,5.766801
211.386800,4.999297
226.126200,-1.996239
273.414400,7.341363
17.356920,7.777741
304.725300,-3.243165
219.604000,-0.095108
233.705200,-3.039579
299.946800,0.446345
275.305700,-4.873514
9.813960,-7.452838
166.012600,-0.747911
184.944400,-3.912540
69.537500,-8.245667
81.342640,1.156923
108.735400,-0.522348
225.302500,-5.266953
58.730500,3.048253
56.959950,-7.172250
38.493030,6.106155
196.724800,-2.848767
85.490750,-3.534232
71.348060,-8.702111
199.740400,0.112717
149.615300,-2.183366
269.288100,2.216154
79.741550,-6.909601
236.619800,4.381804
301.642200,2.086158
78.046880,4.861829
48.090060,6.919160
228.311700,3.353100
44.159350,-5.472109
111.327900,-1.817432
275.119200,5.821892
5.725698,-1.933530
105.880200,7.698583
130.922700,5.616730
23.976000,8.162704
1.599206,3.963770
107.363700,-4.152291
44.415200,5.219363
135.570200,2.001553
300.152600,1.956286
156.151300,9.382348
32.441230,5.923140
224.491000,3.736388
137.872200,-8.378924
159.997400,1.723305
227.178700,2.733903
146.912700,1.976640
130.463900,2.402809
19.023610,8.723568
69.486930,0.635652
276.227500,1.307762
73.197010,1.112170
24.871070,7.333122
259.063100,-6.024546
258.366500,-5.023466
249.859300,9.382310
273.335700,-4.087594
103.828800,4.591888
84.291320,1.021646
224.937100,-0.208049
159.419200,-7.215616
126.073100,5.225870
143.310000,1.260918
197.000500,9.382844
195.827400,2.483839
46.384390,9.382314
181.359600,2.810242
307.834000,2.788111
55.531470,4.791521
278.650600,-5.671200
42.420950,7.315108
129.454500,-7.068651
94.346120,-1.105656
26.044690,-4.697134
281.528000,-0.692481
308.559800,1.709164
241.204700,-5.501713
189.779100,-2.901335
176.316200,7.134180
185.075400,0.482440
137.447000,3.002651
135.581900,-1.937312
68.795290,3.828312
215.694600,-9.382951
48.712200,-0.794014
260.685300,0.677038
182.884900,4.319738
12.732220,-0.724848
206.798700,4.860877
3.096224,-7.060953
73.913390,9.382308
33.848160,-9.382302
132.370800,1.281025
301.012800,1.040710
88.240540,-7.807563
102.572700,-3.616958
65.148770,1.517822
39.986880,7.044199
219.034400,0.983964
87.651410,1.713967
32.972660,0.593873
306.234100,-6.973899
272.058600,-4.931432
155.506900,8.346087
171.051600,-3.411174
306.981600,-7.938482
305.544700,0.228282
152.391100,9.382314
49.549880,-7.136626
170.258300,6.901211
100.705400,7.105161
109.384300,-9.382499
177.619500,-2.436005
8.319609,1.868476
309.055500,-1.844516
239.221100,2.791990
190.639200,8.364203
157.495600,-3.133584
200.053800,5.977351
200.661600,-6.733721
191.323900,1.150661
213.103100,7.269956
113.479000,2.799638
78.480110,2.078492
168.328900,-8.725389
281.636200,7.248607
172.512700,-6.193637
240.324700,7.152594
192.369400,1.779737
141.529500,3.971981
30.306030,4.763016
213.085800,3.265074
274.135800,8.325302
245.444100,1.419729
207.044600,-2.897210
217.087200,-0.153678
307.019800,-6.040317
197.052700,-1.673872
261.800100,2.445689
197.579900,-3.718815
306.140600,-0.836731
68.568030,6.456746
172.141600,-2.782767
271.554700,-7.289023
60.899430,0.664005
224.415600,-7.802999
114.776700,-9.382432
164.194900,-5.296010
17.143260,-2.191557
296.024300,-1.262123
96.385430,-8.252529
102.068900,0.601860
179.852400,2.579605
11.919370,7.461805
94.564240,-6.874205
223.344500,0.176516
43.907960,9.382306
312.325800,-2.381936
22.449950,-7.090474
154.436900,-9.101030
123.067200,-4.062486
62.708050,-6.330344
140.105300,0.171182
223.685500,7.036319
188.282000,1.959735
258.537800,-7.124664
220.028700,7.111365
248.209100,-5.456676
137.612600,-3.306684
299.102800,1.327708
202.582600,3.455854
52.589520,-8.251480
269.640300,9.382446
200.271600,-1.933484
167.015400,1.818788
286.706300,-4.234159
112.867600,3.855628
243.874300,-6.998113
67.641620,8.595586
74.782710,4.921907
172.787500,-9.382325
112.749500,-4.044816
237.940400,7.954297
95.924170,-9.382329
267.046200,-4.069689
194.198000,4.577810
190.319100,1.842467
168.723800,4.817957
277.330300,6.999167
260.648900,4.336904
89.645130,8.982834
181.407800,-9.304165
27.710150,8.228972
151.283900,8.869267
190.034500,4.366970
222.709500,-0.865558
149.684300,0.256182
193.980300,-7.285487
95.055160,-8.234055
212.951600,-5.649863
185.802000,-4.779851
100.260000,5.969198
284.925800,-7.030364
31.778690,0.846382
123.142100,-7.460407
282.598500,-4.671950
160.944200,-2.052556
226.576000,-4.346766
105.070600,4.259274
210.766100,3.948775
196.383600,-4.019780
57.058660,1.159596
158.575500,7.255907
278.674300,-7.362678
245.586200,-1.107467
94.543880,4.086142
241.308700,1.794760
202.937700,7.648248
100.701500,-3.002625
219.084900,4.545778
234.545100,2.255867
17.109980,3.406821
157.055700,2.853869
163.753800,2.336862
24.570800,-1.450868
84.921190,9.382489
168.378200,-1.348212
22.110450,3.565934
263.233700,9.297292
213.714000,6.214449
195.869500,-1.978791
284.483100,4.833301
201.727200,4.323977
26.455920,-5.846015
251.816800,1.998193
13.685950,1.521731
58.456510,7.098394
121.559000,1.420518
277.534100,-2.167827
258.727500,8.458274
287.918600,7.414956
116.500100,-0.468579
117.322100,-7.533890
214.505700,-4.020810
203.767100,-1.946671
29.461510,-7.472610
156.152300,-8.282137
303.876700,9.382340
196.796900,-8.455361
167.821800,8.316586
66.730250,-2.873408
3.849992,1.138777
293.389500,-7.965189
160.095400,3.899157
293.658900,9.382346
242.360000,-3.115341
74.512660,-8.542432
9.732003,6.681809
171.175000,2.335658
241.115400,-4.284591
116.170400,9.382683
294.476300,-4.145017
267.886300,7.949934
187.904800,-2.234496
239.210900,-3.460681
203.507300,-0.754679
193.463600,5.551922
220.606300,8.186211
104.473800,1.007434
194.789000,-9.382438
230.682200,9.382302
200.595800,-0.757219
222.465400,7.029840
286.193800,-0.556952
239.101200,9.332775
23.165010,4.325107
91.454290,0.263871
173.302500,-1.157513
270.839800,-4.990149
266.391700,0.235830
302.037900,3.343042
43.582130,-6.547287
286.509900,-7.674991
245.928900,0.299784
88.867260,1.818627
236.766800,-7.601065
111.226500,-8.328688
103.624600,-1.394291
7.757876,-5.150148
44.668640,-7.102923
174.270200,1.078436
110.427300,6.197551
53.519490,-4.767972
257.140200,6.172654
303.995600,-0.024681
68.894560,1.702638
53.798280,-8.419507
278.195200,6.018322
66.678200,-9.382464
285.518800,-3.953189
281.438700,0.524578
200.945500,-3.805403
91.054050,-6.009889
108.578500,-4.263656
256.234200,2.223145
298.950400,-6.913103
162.297600,2.236543
250.765100,-2.694565
134.464200,8.345176
76.526360,-4.562942
8.110516,-3.981929
101.611800,9.310409
11.028520,-0.686696
248.450700,-8.733678
236.743500,7.715740
181.033600,1.627745
204.666300,4.851664
237.489200,-1.926704
72.582470,0.057624
259.615800,0.089675
64.588320,4.710138
296.331900,0.100711
284.991200,-0.350101
174.513000,-2.363003
189.143200,1.095135
306.378600,6.169433
64.314320,-3.219455
182.963900,-7.106872
238.222700,0.402542
106.945300,-9.383895
146.069100,0.971132
303.674700,-6.080482
109.396500,-5.167014
111.026100,5.136780
275.914200,-7.370683
60.777730,-7.485388
298.088600,-2.501331
31.588390,6.796090
35.820420,-2.746016
255.472100,-8.323899
50.517030,4.248709
305.906700,3.419767
258.508400,1.940089
9.953103,8.420854
79.284070,-0.135100
81.167260,-2.869053
131.564000,4.579198
310.339900,6.216603
209.121900,-0.426502
43.492700,-2.956479
303.781000,-2.443685
147.337600,0.832933
172.143600,-4.003084
72.681560,7.105855
153.927600,6.047671
127.821200,6.564139
210.663500,9.383037
38.463980,1.133083
83.326890,5.504141
10.023550,-1.379056
116.393200,-4.928880
106.727200,-7.422200
52.786010,-2.603736
106.412300,4.160043
31.208180,-5.104928
224.911100,-3.017799
207.917700,-0.621582
141.326500,-5.146621
177.780400,0.995411
257.300500,-7.102065
113.915700,-6.406892
90.086220,6.683376
29.777320,3.663047
216.431800,-5.510423
53.855520,7.775495
273.871900,-1.731314
61.333980,6.322515
116.603900,6.125967
294.333300,8.291049
174.045000,-9.382335
217.996600,7.687925
178.078100,4.138568
106.460700,2.147565
53.570670,-3.542569
41.947750,-9.382359
161.468700,-9.382337
159.763300,6.844567
220.212400,-1.152821
82.531100,9.027204
60.819140,-2.802804
166.700000,-2.278704
194.059500,6.616355
66.364710,-7.300414
19.539890,5.175575
294.879200,9.382370
174.773600,4.257486
173.990300,-4.647452
191.424200,9.298481
105.874400,-1.737074
283.818400,-0.012927
6.130081,3.899177
35.068530,-9.376752
152.143700,-6.132347
132.540300,9.382421
204.560500,7.277264
117.226100,7.191692
227.334800,-3.262225
58.255630,-3.360995
50.450210,-9.382314
6.194295,-7.002433
77.068380,-2.475203
60.001060,-6.544038
83.120970,6.707049
229.590000,0.112655
143.505100,0.056425
60.497360,-1.562499
161.078500,2.289462
15.668880,-2.666078
292.554900,-1.914323
234.545400,-2.154433
238.929900,3.978573
43.522160,-4.385419
295.310600,-9.382427
88.505910,-2.363128
164.596800,-4.021928
118.725100,-0.282938
55.840330,-8.293197
26.923340,1.937979
99.114860,1.379669
101.852600,7.521192
3.610759,-3.326277
274.316500,-9.382346
262.383400,-1.551331
74.645290,-2.330607
138.141700,6.197020
10.802180,-8.168802
280.643900,6.538315
30.369670,6.860016
199.944600,-3.108984
85.863850,-0.068093
48.158320,4.891965
51.484580,-4.798193
294.502300,-5.828059
11.529050,6.152155
96.762250,8.325450
84.592660,-6.939284
106.127200,-6.256413
309.883800,9.382462
181.357000,7.654874
132.228400,-0.910699
176.638800,-1.154809
297.482400,2.670709
119.710600,7.275004
113.056200,-9.383377
301.516500,6.452037
251.218100,-3.827687
196.524900,0.372020
163.633800,3.887284
41.281600,-7.100409
97.311970,-7.458315
112.695700,-6.406208
240.503700,-7.327615
-0.537676,8.741710
175.569700,-1.752701
195.525600,-3.152325
68.737780,5.047354
19.188170,-9.382387
270.678300,-3.780890
0.622210,8.357124
140.251400,-5.722922
229.466600,3.747887
114.733700,-2.147378
131.840700,2.379810
186.196900,-3.624734
96.204340,3.437911
144.201400,2.098203
57.964050,2.094297
205.843100,-3.109367
50.248960,1.998442
65.314470,-4.248577
35.499290,-0.274455
303.332900,-8.383515
100.344100,9.382552
184.059200,-6.175700
129.631600,7.708931
251.079600,9.382417
265.339100,-6.630955
36.923240,-3.268510
250.121800,-1.655134
138.666700,2.989522
30.348030,-6.492120
186.672300,-2.493871
237.006800,0.125586
274.745200,9.382421
54.504830,5.451612
246.524600,-7.137473
159.470500,5.013479
248.553500,1.621691
183.229500,-2.176833
136.513700,-3.842959
135.268100,-5.590469
46.488190,-8.180861
311.620700,0.465816
147.702900,-0.700176
279.004900,8.341946
254.233400,0.427371
97.146870,-3.754963
213.713500,8.326566
49.323320,4.502489
218.992300,-1.172989
137.449400,-5.867561
9.207070,4.802036
24.195320,2.261911
269.818600,-2.914953
122.298900,2.388774
91.221120,4.865451
233.990300,0.222392
146.362500,-7.019403
99.503300,7.313110
77.452810,-8.192387
74.356470,-3.990687
61.634300,1.638310
289.391900,8.228963
192.368800,6.586411
240.803500,6.030172
264.789600,-1.160841
249.635200,-0.536099
253.959500,1.970966
275.608100,0.041301
192.391300,0.560446
286.338800,-8.926323
3.755032,3.409507
191.631300,-7.052855
179.722800,9.382318
258.572000,0.721750
253.426500,-2.876514
79.696240,-9.382317
51.154380,5.289467
211.429100,-3.267291
278.921500,3.479789
130.345600,4.541876
213.628700,2.152459
5.116252,4.578402
244.802500,-0.169882
40.939640,-1.418887
290.671400,0.127926
256.692300,-8.323982
83.721530,-9.010939
80.746690,6.609955
300.192000,-9.382328
177.054500,-6.242064
24.701650,-8.449046
30.580060,1.075715
50.088600,0.788638
117.347200,3.027812
85.190450,2.283046
59.729680,-4.853608
168.064500,6.388420
125.917600,-6.122452
98.116770,4.456730
59.170430,1.909909
225.461700,1.010542
2.451559,-3.707738
235.776200,3.500014
169.972300,9.382302
152.963900,-7.296478
296.755700,8.298933
231.261200,3.750968
198.082900,7.399422
313.741800,-6.363129
161.247800,3.497963
139.575200,1.269217
274.552700,6.902671
173.433700,4.469113
102.347200,-1.503987
276.768400,-3.444569
137.505600,5.135554
297.523900,0.362032
263.824000,-3.521168
271.493000,8.312198
169.888800,-2.007716
267.527300,-9.382409
26.420400,3.049918
269.719800,-8.310481
301.417600,-7.269399
150.164600,2.357895
127.396800,-7.604560
165.836800,2.135315
201.856100,-4.692473
189.966500,9.382358
113.732400,9.382305
18.762840,1.336653
255.017400,1.362584
255.021200,7.937778
151.192700,-8.971872
129.061000,6.614810
202.571100,-2.186344
116.129300,2.950454
229.576000,8.070033
144.312900,7.960888
266.634800,-7.681933
272.776600,8.380987
174.313700,-8.191928
88.754260,-3.712956
47.726550,-6.075413
272.739100,5.010043
233.618600,9.382338
83.698530,9.382446
24.474410,4.943218
177.144300,-4.825417
175.178100,7.817945
11.864240,4.978703
47.127120,-5.012378
231.914800,-0.289883
124.752100,-5.763752
7.617283,0.870583
89.889130,-0.378630
111.906600,8.323423
65.906510,-8.437265
49.276120,-2.800985
49.089830,1.616646
131.770300,0.219562
136.921600,6.206588
159.899200,-2.682641
52.773520,-1.383396
154.593100,5.021604
180.975300,-8.161954
10.928240,-6.955170
291.468800,-4.641170
304.731100,1.137864
300.833300,8.930190
16.665150,1.010355
83.056530,7.925741
301.966800,9.382349
59.649960,7.353436
30.215140,2.240227
113.123200,8.229326
163.442400,-7.988930
177.382400,-8.509757
285.389800,-8.159125
292.101500,-5.684508
153.408500,-1.576887
294.324600,6.064563
151.814900,-3.241862
244.641900,7.825664
206.223800,-1.950866
159.750500,9.382302
64.756450,9.382329
286.356000,-3.065416
198.683400,4.204047
273.711900,4.273704
12.131310,-6.750654
264.112800,1.245483
113.914800,-8.518770
254.034900,4.416182
195.781300,9.382442
120.866900,-8.390110
287.120900,-6.618761
9.941751,-6.236764
73.656110,4.452789
71.767970,-7.260577
96.781640,-1.051929
199.129200,8.027473
127.730700,4.349875
215.608200,-3.498667
297.751400,-9.382303
245.266900,2.639732
266.230600,-3.131540
290.376300,-1.194431
81.839250,-1.850335
193.155000,-3.758776
228.517400,-8.257591
211.272000,6.213888
14.548000,-3.148696
158.250500,4.983819
114.785900,7.186169
256.304600,7.062543
85.263340,-5.919778
30.929160,3.229914
205.017700,-5.563469
251.811400,-8.263744
268.625300,-2.661397
122.648900,-1.867910
82.102400,2.111895
153.686900,7.243963
170.259000,8.140427
122.277000,0.434616
141.634300,-6.523389
255.434800,9.381915
269.435200,-4.074840
21.721850,2.405680
34.987980,-5.112449
144.735100,4.346562
3.693501,9.179338
295.362700,0.842060
86.096750,9.055515
14.794850,4.853515
50.813060,-1.188461
187.407100,-3.467975
262.778300,4.380301
75.294980,2.650879
65.711430,-1.840492
280.769800,8.108029
224.107000,-5.511999
140.885900,1.975878
272.080500,9.382562
214.823300,-1.332103
284.387200,2.016488
162.164300,5.052522
276.037300,5.013402
234.027900,-8.956344
157.655700,3.916614
231.247400,-6.549080
237.918400,3.295943
5.461756,-4.868077
13.384610,-5.048266
96.125290,7.284536
194.863400,-5.501276
178.513300,-3.419049
215.836500,5.394487
129.244400,2.368184
67.766560,-4.031533
203.683100,1.720887
143.198300,-2.879441
6.601918,1.547341
38.087580,-5.351554
240.877100,4.812072
262.542100,8.281521
127.187000,-3.190829
118.555500,5.147784
182.534000,3.150868
41.895350,4.929518
187.443000,1.074194
60.129590,-8.524697
242.717400,0.371951
230.365300,2.922328
193.459600,-2.577036
220.815000,0.055661
224.452100,6.086858
271.769300,2.780809
148.073300,-8.506736
47.026590,4.435119
195.344200,0.068034
185.937300,-0.392361
268.072900,-8.291098
212.155000,-8.846035
5.786529,-3.455470
255.582000,-4.435780
157.598000,-4.387672
201.103200,6.598648
260.491100,-2.685683
25.092070,-0.339561
66.596540,7.867612
301.937600,5.272241
309.777700,1.784633
293.016600,0.486629
22.055890,-8.245479
176.628200,5.844125
183.464800,8.046636
33.841530,-2.959050
43.105900,0.979809
120.658600,-1.137136
109.366900,8.391232
75.133760,9.382302
63.462780,-7.289357
113.322600,-0.484262
44.047640,-8.153488
279.395400,6.238848
169.207900,3.151607
19.787700,-4.577349
266.290100,9.382598
101.335200,-5.235878
194.561900,9.382607
0.214562,3.112823
273.345900,-7.850259
117.948000,4.089756
28.737170,-0.781377
138.172000,8.319307
146.099000,9.382302
302.116900,-8.271105
77.254600,-0.934676
88.869010,6.599082
231.902500,9.382302
213.103800,9.382881
71.976650,1.118576
312.214900,2.001587
196.619400,4.804307
152.337000,5.601749
107.342100,-6.367296
10.911330,3.256312
124.121500,9.324346
139.002900,-0.351085
121.446400,-2.068415
98.761540,-6.686686
278.595300,-8.757036
14.109550,7.089727
6.811265,-1.021744
71.404480,-1.636124
143.863900,3.270700
261.708700,0.012478
248.932900,0.461917
293.536600,-3.366410
256.192800,8.277781
139.361900,6.186393
1.922930,7.970056
222.886700,-5.501901
193.569800,-9.382779
204.739000,-1.106176
285.932700,-6.340854
174.943400,-5.833965
60.117410,6.226122
309.402000,-3.014594
223.386900,4.794207
48.406440,3.697080
292.871200,-9.329773
20.516520,-1.689281
147.318800,9.382669
130.859600,7.727847
202.684500,-6.216427
150.841600,-4.011070
90.206400,7.899466
261.170000,-1.672544
247.974300,4.578078
266.699700,8.233468
7.818375,-0.332917
35.380710,0.940157
4.071254,-8.123658
106.742200,-5.202540
243.505700,-4.988366
212.407400,-1.030283
26.390630,-3.016115
75.319020,-4.740851
206.906200,1.208970
109.747200,5.184613
45.906800,-4.999912
132.848600,-8.507761
304.033900,-9.382413
85.509130,1.099541
217.814400,0.963811
118.609200,9.383309
206.417600,-6.376715
290.151500,1.247275
109.068500,4.170260
79.794740,1.763862
12.449080,-3.099156
69.927340,4.773020
197.705600,0.677183
218.178900,-2.320919
147.530200,-2.216668
232.337800,4.325762
26.815500,-7.012099
72.651470,5.881563
133.202100,6.257633
165.039600,-6.176684
158.875700,3.935764
121.327700,-5.389329
54.003000,6.564044
87.075870,4.062737
220.667300,-2.285109
119.052200,-2.533075
307.912500,6.410865
167.668600,-3.021127
34.370640,0.255258
91.483460,8.373137
110.615500,-7.275431
111.862500,0.274829
162.413800,3.857913
219.878100,-4.082307
63.758800,-9.382326
312.017400,7.788248
73.473310,-3.132639
69.088340,-2.386056
89.126080,0.626024
128.538000,3.434837
162.419800,-5.197003
104.658500,6.969693
18.313200,3.610857
20.390230,-6.458624
257.517000,-5.901127
209.988100,1.692200
138.199000,-7.015016
263.978300,0.032991
4.166448,-0.039865
203.298300,-3.165177
102.023400,2.846424
207.961100,0.597175
77.512460,3.718148
21.663570,-2.105890
11.759100,9.336061
154.505600,0.667440
32.349240,-1.732555
6.907480,-2.238093
100.119000,-5.335492
149.623200,-0.962513
3.361963,-0.957466
174.613100,-3.579254
222.308600,-4.098463
151.131100,5.415133
112.446400,-8.327352
193.831400,-1.395958
132.632400,-2.060599
78.774010,3.262933
267.719300,-7.123193
308.235400,7.587790
194.828400,-8.162907
52.511960,-5.456839
211.702900,3.172956
65.809750,6.436773
22.155620,6.681287
166.114600,4.926725
201.273300,-2.630538
68.138920,-1.619328
247.223300,3.616214
140.165500,-6.940961
272.783600,2.022714
235.147800,4.546207
111.835700,-7.271550
54.926170,-4.097472
310.143900,5.012123
163.064900,1.287511
120.651000,-4.374810
86.720420,-9.382340
265.363500,-5.410995
230.040200,-6.727524
232.294700,3.101984
209.890600,-1.373636
290.652200,-5.548009
290.388800,4.900281
260.279300,-5.928632
20.588110,-2.907572
124.284800,-3.982322
117.054800,-2.897142
208.223600,9.383347
302.721800,-0.597570
292.715100,5.968168
91.323340,1.476598
302.632500,-9.382469
161.312800,-4.460753
87.784140,-1.379081
220.229100,9.346789
178.539800,-8.122792
152.830700,-5.123842
22.499650,-9.382314
179.106900,-1.030126
197.942700,8.609546
53.840080,-1.976514
86.644960,-3.929483
34.322310,4.501140
71.680750,8.413565
154.157500,-7.550394
294.894700,-1.723477
279.718900,-1.312554
140.203700,-8.405770
120.112000,-5.610400
131.204800,-5.300389
116.786900,0.715676
212.326000,4.220517
171.912900,-8.510513
85.448760,6.779758
177.985700,7.834858
231.756400,-4.180062
276.319900,-2.289827
291.103800,-7.798162
310.719100,3.935884
12.347700,-1.883028
292.216100,-8.300141
192.216100,-2.786466
217.046400,-3.053685
6.309216,-8.217155
161.594000,1.183407
249.058700,-7.675579
235.997300,-3.843951
105.506500,-7.439199
173.057500,9.161084
113.009200,0.692315
92.699010,8.264688
241.353300,3.688503
108.105700,6.798292
98.469840,-0.027395
42.961120,-7.597802
91.007270,-0.871492
255.967800,5.834739
95.516980,8.340492
199.656800,-4.297917
62.588310,-0.771410
259.220200,-2.685609
137.565200,9.382302
56.799040,2.457756
177.856400,-1.238887
182.193000,-8.241392
176.104900,-3.812996
16.218410,-0.234452
99.050670,5.807961
119.218700,0.832291
200.392300,2.465088
148.377800,1.470412
308.279100,3.984339
294.576200,-8.249714
97.552390,-2.288804
233.797100,6.410433
215.357100,-8.211406
224.880000,7.284790
128.663200,1.286402
247.093300,-3.257879
260.710400,1.897093
119.989100,3.178138
296.530900,-9.382405
100.071200,3.652086
73.861390,5.722187
203.304400,0.561971
114.962000,2.594595
185.412000,1.664975
4.290605,-9.382355
240.342700,8.372766
62.242850,-7.469475
187.016700,-8.122160
114.494600,-0.818929
67.131540,-8.249609
10.262650,5.582825
308.225600,-3.338895
41.925760,1.290626
307.377700,1.406023
223.937200,-0.915854
203.343000,9.384240
113.969400,-4.045657
59.441350,-3.649658
125.524900,9.382844
179.719000,7.267322
80.738690,-4.284121
245.153200,6.499802
17.128680,-8.114428
268.306000,2.940292
249.816700,5.629590
28.092410,-1.817546
234.556100,3.476204
4.661779,-3.946479
209.454800,-2.513241
214.802400,1.825086
228.313900,-2.533037
133.182000,8.344472
141.800500,2.783375
206.176400,-5.183446
217.291000,-7.098246
198.560100,-0.193100
138.625100,-3.987231
63.468300,6.706275
309.499100,3.959879
34.913810,2.067702
122.529200,-5.178920
2.317646,1.233980
229.142500,-5.899474
267.658700,1.905961
87.755720,-4.434711
254.174800,8.816837
14.462260,-4.475585
81.952180,-4.157507
265.989100,-0.938266
24.513770,-7.243263
225.032600,-1.453735
17.858950,0.516692
161.705600,8.342875
5.558509,8.357040
280.897200,-9.293081
270.717500,-0.647896
230.362400,5.796845
153.366500,-8.514812
39.769550,-9.382339
273.323700,3.116833
61.407310,5.104323
54.115940,-6.382773
28.005840,6.356973
2.725915,0.083982
207.963900,1.817243
300.859600,3.022438
171.070400,4.556978
141.159000,0.786621
131.416300,-1.967020
175.210300,-9.019777
215.649300,-0.434559
281.098100,4.417992
139.391700,8.327562
283.627300,6.653371
199.811000,-5.860647
275.096400,-6.465006
22.934430,-3.868278
58.547670,-4.549974
267.632900,-5.906224
100.386900,-0.687839
26.874530,-1.895758
53.285340,5.566629
209.789700,-4.599351
190.142900,5.585758
0.230861,-4.817371
28.287800,-4.013262
286.382200,0.648782
11.226140,-3.123019
95.458760,1.048472
1.273115,-4.182580
158.657100,-2.759175
87.886780,-5.647790
145.376800,-0.035301
49.854480,-5.954881
234.535400,-7.846492
172.458400,-0.276192
260.973100,-6.931986
197.641500,6.263316
238.801100,-2.119734
252.970100,7.851600
295.418000,-4.921259
241.541900,7.010674
268.069000,5.750679
246.002900,3.613248
153.448100,-6.176354
249.365900,-5.068177
301.641300,-1.217271
155.257600,-5.296901
85.897930,4.381402
297.317200,9.382352
188.000400,7.104315
25.625730,-6.740470
194.685500,2.916564
14.688560,-1.936491
42.687580,9.382303
199.415200,-1.063378
251.355300,-0.398395
76.826850,4.835289
252.355100,-9.382302
210.316100,-0.175148
83.081860,1.366193
183.201200,-5.308022
271.651900,1.566481
36.165570,1.874663
134.659300,-1.138505
253.645100,-9.382458
253.030000,-8.328766
57.564430,3.408278
14.461280,2.464183
243.882100,0.736728
128.071200,-9.382329
135.404600,-0.170303
97.841730,5.644419
232.762000,8.513128
99.209260,-1.007285
46.089000,3.529618
151.776900,-1.039720
103.278100,0.764504
207.842500,5.492985
180.882000,-2.842215
86.219030,-1.235236
49.605210,-1.625807
307.340100,8.417353
26.354990,-0.263422
260.655100,3.116256
215.507900,-4.714768
158.559700,-0.642432
24.239100,3.745720
210.053200,8.327107
137.257900,0.848561
115.063300,-8.112150
236.125900,6.641362
313.221300,7.588807
139.205700,-7.704091
75.706930,-8.201962
118.746500,-7.614682
177.978700,-7.039114
79.107330,-5.406161
238.496600,-4.450173
43.863410,4.130858
15.347060,-6.499330
115.974000,5.053642
124.731600,-9.047282
183.413200,-8.241543
284.484000,-4.599854
165.547900,-1.876347
75.380780,-3.327286
65.522230,-3.046074
233.547100,4.162652
121.138300,5.306273
8.302882,7.069034
165.748500,3.762526
41.999250,6.145484
253.534300,-5.683036
156.383500,1.830954
204.413100,0.061261
17.960510,2.432203
167.937900,-6.539632
244.361000,-5.858923
258.932900,-0.920866
264.814100,6.763091
224.039900,-2.163372
221.248500,7.117936
248.584700,5.636540
13.628910,3.356661
265.511200,-2.145717
78.301990,-2.164695
185.760400,2.845472
250.745700,8.208660
123.752500,8.126975
21.444560,-0.099967
272.234300,-8.353541
74.849730,-7.333353
175.210600,-4.643269
144.879200,9.382394
304.702100,3.224941
50.693560,6.519019
7.914889,-1.549279
267.905900,-1.675811
33.113770,-6.144879
180.595600,-5.610892
288.091100,2.726326
268.315000,-0.234142
59.460280,4.030329
282.811200,-2.147315
238.401800,-9.382344
117.269200,5.103325
182.909700,-3.355513
72.648250,2.348623
87.208210,2.850420
235.765200,2.279731
149.348200,-5.776629
257.889000,-0.288882
154.709400,-1.136530
258.655000,-3.822447
157.359800,7.362310
213.104600,5.158483
98.907020,-5.475080
157.499000,-8.189959
312.757900,0.908642
105.493900,-5.172107
122.351600,-3.051089
283.095100,2.315712
281.702300,-8.375947
228.794200,-7.069062
145.369600,5.388915
66.821160,-6.168640
195.613300,8.173932
224.649400,-6.605215
21.178870,-7.396834
193.019900,-0.484759
270.858800,7.023602
290.082200,7.222888
238.244200,-7.283992
148.512100,4.915566
272.683500,-6.825451
198.030900,1.853110
169.054600,7.102297
296.361100,7.142972
62.272220,7.162021
211.883100,7.270090
130.358400,-9.382310
278.573600,7.178483
203.029000,-4.355482
144.926500,-5.640205
128.837300,-4.708359
250.419800,6.838155
55.775360,-2.528639
34.409310,-8.298523
81.558490,7.538714
37.899340,3.966994
119.760900,1.980531
313.233000,-3.198239
172.155800,6.030156
196.198000,-0.803510
214.913000,-7.075825
154.654800,-6.357941
234.958600,-6.701820
287.263100,-1.144845
49.678180,8.754744
50.562360,-2.382967
193.997900,-4.641130
28.232810,-7.920731
269.050700,8.314238
208.686400,-1.566725
11.892600,-9.221155
104.064500,-9.347176
305.313700,6.765473
106.423600,0.009219
84.502320,3.504651
106.999900,8.182329
108.295100,1.040552
28.924020,8.102962
148.442900,-6.594926
3.137850,8.092792
37.707460,5.172208
61.928380,-5.340306
231.585700,-9.382326
136.503300,-8.365431
101.862700,-2.627293
178.708000,1.788357
72.528820,-1.161595
243.363900,-8.236441
96.901500,4.561932
118.657300,-5.508225
93.537460,7.360188
283.332800,5.466959
245.935000,-2.359732
26.863320,5.928020
145.479100,8.319831
51.941360,1.520968
163.895800,-1.128193
267.430100,-2.907265
7.006905,-3.454223
292.438800,9.365204
33.525700,2.543101
199.211500,2.159006
37.258600,8.380818
42.518370,-3.691331
308.910200,5.028792
152.153100,-8.208444
5.480858,-9.113254
140.780600,-4.055443
209.165000,0.792623
194.335000,-3.449234
209.930700,-7.922988
186.767400,6.991119
153.953000,1.755948
298.686900,2.474884
247.364400,5.635106
196.200600,3.658188
34.290800,8.437530
104.913600,-6.376860
271.578100,-9.382425
288.175500,4.968538
140.863300,-2.838036
3.179158,-5.731430
234.258800,-0.968101
183.146500,6.868501
90.814310,-3.117665
52.294490,4.854178
157.302400,-0.186563
136.346300,9.384521
171.222900,9.199734
101.460900,-9.382395
173.408700,-7.022061
305.772500,-8.103589
278.743000,-2.351038
100.534800,4.780489
35.750900,6.628192
201.319800,9.382940
207.444700,-9.384935
136.035100,0.874429
59.942930,2.909462
224.681600,-4.216350
284.829100,-5.770463
167.226500,9.381911
113.798900,1.622301
309.073200,2.816228
243.797100,-1.660905
252.404800,-3.543682
53.699430,2.823077
115.241500,-4.529461
219.458600,5.756294
82.364290,3.977350
178.207700,-5.840442
97.997730,-1.152651
107.549100,-8.324330
232.698600,5.878861
27.722220,5.018174
109.382400,-7.276352
103.949700,5.977009
213.807400,0.945385
92.168240,9.382539
216.914700,-9.371667
249.652100,-8.947978
212.411600,2.183991
111.836500,-9.383362
46.035220,8.212964
264.383100,-7.388888
18.342460,-1.965102
259.595500,6.184938
181.419700,8.873637
7.546572,6.027754
236.081400,1.101104
20.902880,3.366155
262.553100,7.061420
100.324300,1.541957
308.553600,-0.732208
240.432500,2.644203
20.175830,7.233088
175.198000,1.871204
164.415000,-9.382337
101.420900,-4.018651
142.969200,2.432489
164.785800,9.380287
104.990100,9.382710
176.054300,3.882847
238.683000,6.985948
276.585900,8.051538
151.506900,-7.173313
82.322140,-7.677495
174.052700,5.520862
58.055580,-1.009508
73.712270,2.946233
126.213400,-7.306295
96.660340,-6.426477
78.775630,-3.289381
232.710000,-8.908015
100.858500,0.446708
118.493100,7.211740
205.850800,1.819726
67.615930,-5.242578
108.162200,-7.270398
134.407900,-3.695202
296.565700,-4.506383
185.331100,-6.448019
257.671200,-2.987297
124.879000,2.582040
107.771300,-1.974445
282.453200,6.320749
198.987300,5.385549
259.916400,8.183924
221.687200,-5.265696
100.918400,8.306333
212.615100,-3.550328
95.710040,-5.661133
103.616600,8.607553
43.904070,2.644153
184.928500,5.506320
161.026800,-3.270152
176.415100,-2.632745
1.472685,-2.978662
169.244600,-5.686792
224.237100,8.322013
120.474700,6.327366
64.490880,-2.011920
237.304500,-6.505539
89.991390,-4.018816
188.785800,-9.382592
31.884560,-6.129892
140.398800,3.517501
37.264880,6.907977
49.960660,5.543222
7.364618,2.628266
76.574780,-9.059921
305.017100,-6.883992
252.405100,-1.020689
114.196800,0.364513
16.424650,-5.926937
241.921100,-0.596495
39.637220,1.469054
66.073010,-5.204536
93.657280,1.060307
84.273510,7.107346
225.635300,8.455669
257.901400,-8.164210
215.280300,-5.913164
39.112450,-6.014038
261.890800,-2.667018
75.397790,-9.382421
127.022500,9.383641
202.993900,-7.444363
232.950700,-4.430707
98.461790,-7.869628
174.419300,6.862178
215.544500,9.382515
78.636530,-7.427603
15.848640,5.551176
141.891100,-8.624922
247.838300,-7.676880
217.886900,8.903277
181.961500,6.576911
26.057550,8.270777
254.023400,7.235368
309.009200,8.531446
80.398460,4.319663
255.070000,2.590908
221.588900,-3.085046
299.655000,3.217863
149.078200,8.288142
234.442000,8.481660
170.076600,-4.145768
182.213600,1.938732
255.403400,0.065912
21.588220,-6.226334
27.840110,2.743473
37.971860,2.733219
200.920800,0.418385
67.487070,-0.587448
265.322800,-9.382337
86.368510,1.965809
99.325840,4.619403
38.178110,-3.606492
86.724210,7.940834
216.757600,3.158616
262.977200,0.788958
65.134070,-9.382302
239.613700,-5.646628
50.724830,9.382314
286.822600,4.288937
156.842100,-2.102962
169.504800,-8.398574
255.130600,6.722406
1.177759,-5.587217
228.395600,-0.140735
234.128200,5.235815
84.309840,8.326645
228.593200,-1.345030
166.786200,-6.943245
147.159500,6.917452
29.714430,5.830436
255.486300,-2.787714
252.456000,5.521490
150.366800,-6.738138
291.595900,-1.159925
286.815800,1.789501
104.589900,-8.244874
205.847000,3.039499
251.306800,-7.147647
193.198400,7.480535
218.972200,-8.494987
177.075700,-0.000972
6.145303,2.679015
282.635500,0.286907
158.284000,0.546280
40.604070,-0.245534
253.093400,9.382340
311.295100,5.456942
111.133500,7.192229
200.717400,3.641095
120.594000,8.237336
273.800900,-2.949566
70.492670,3.418500
129.184300,9.383076
145.451800,-1.392625
76.030620,-7.025409
3.361531,-4.520928
90.620910,3.804220
171.609400,-5.102670
125.626700,-0.096267
261.415900,7.793783
12.938830,5.557067
116.492100,-6.322069
35.599120,-3.946172
105.206100,0.032899
254.250300,-8.322800
247.698200,2.492109
143.660900,9.324471
306.764800,0.211903
153.735500,-0.401314
108.656200,9.382555
285.746500,9.382329
213.658600,-0.969784
111.294200,9.382399
148.480800,-2.981206
9.926429,-0.162551
180.126100,-9.382302
44.910290,8.686137
184.435500,-1.872724
260.653400,5.577374
291.652100,-9.382339
154.620400,2.830577
111.040200,-0.626952
186.963400,4.895011
12.759970,8.346539
31.329860,-7.216931
29.527660,-4.160368
223.035500,8.108850
132.142400,5.653452
233.374800,-1.809506
80.894860,2.292101
7.441761,9.382302
19.529920,3.705492
77.481920,8.419088
140.582100,6.202520
280.006600,9.060293
204.563100,9.383277
134.258700,-4.905472
240.200600,-1.348433
16.876390,9.084472
30.725290,-3.925834
104.925200,-4.074623
123.606000,-2.968488
11.127500,-1.903053
14.229090,-6.988348
60.727200,-5.556685
138.791100,-1.552428
89.502510,-9.382329
47.445770,5.882714
169.911500,2.153115
85.001270,-1.313387
126.367800,-4.094092
268.907300,-7.400750
274.098800,-5.053683
141.215100,7.261975
251.341600,-1.619021
206.863900,-0.009748
93.884990,-7.887926
307.986800,0.348471
136.600000,-2.626375
177.260800,9.382360
134.169600,-6.121847
245.610300,5.368268
162.925000,8.294473
81.141320,-6.578412
68.334200,-8.043507
81.397830,-0.697619
96.631320,-4.860958
184.347400,6.651450
288.824100,-8.322122
196.043600,-5.191128
240.141100,3.829270
55.923490,1.607628
291.385100,7.084320
28.001040,-6.722581
211.866000,-2.128384
72.361310,-9.382318
164.948900,-8.285053
156.755600,-7.221265
173.853300,-0.068527
112.067400,2.934713
192.617500,4.206666
57.376210,-4.207117
97.180730,2.256694
288.681100,-6.253191
63.496680,9.382275
101.459400,-7.374042
294.232200,0.382647
254.695500,-6.058300
7.685444,-8.703972
246.443400,9.356344
288.342100,-0.575848
53.533090,9.141215
166.006100,9.382351
312.183700,-3.821674
252.086400,8.693121
298.865700,-4.470075
191.954900,-3.977415
292.498300,1.591387
20.904700,-4.086164
289.151800,1.983715
67.886100,-9.208769
160.986600,4.732807
167.991100,3.058236
47.746150,0.104450
161.869900,-0.005389
70.273020,-2.093387
208.222500,7.269780
8.677522,-7.952399
148.538900,9.382469
159.502700,0.607747
73.180660,-4.317375
122.475000,-6.398063
201.715800,7.653012
253.493400,-4.095044
245.284200,-5.038827
282.430200,3.341060
56.104480,0.398748
191.364700,2.471782
155.418300,-0.142655
97.372510,9.382302
60.171630,8.456717
45.567580,2.426237
3.278523,6.880584
119.937000,-0.153947
5.258397,0.504982
306.408200,4.767552
64.616110,7.142577
121.169600,-6.598565
233.093600,-0.605431
113.027000,-5.232582
74.189080,1.822857
104.819500,-1.123933
201.543500,-8.267957
216.571000,-8.090506
41.787450,0.078094
164.739200,7.021442
64.207460,8.292454
69.750180,-5.767089
125.950700,-1.296958
207.490600,-6.954138
63.006570,-8.421335
206.432500,-7.596014
144.793900,6.601783
184.274000,-7.376800
299.187800,-5.647137
117.330600,1.807864
25.316550,1.780041
66.008510,3.803755
47.708530,-8.191772
59.212750,-9.330158
84.722310,4.708837
144.425200,-2.051773
145.947200,4.205965
140.934700,-9.382524
44.819500,-4.445747
16.097670,-7.461510
219.119000,8.166907
281.444900,-2.807895
146.593000,-0.133381
261.245100,-9.382326
47.902570,1.314761
250.568500,-4.860630
152.918000,8.214699
137.554300,7.266184
41.738380,3.719257
50.422760,7.776923
105.157300,2.086984
99.874740,-7.186759
207.508600,-8.170501
222.087200,-6.423613
220.371600,3.627343
79.829440,-8.127866
14.027700,-9.382306
302.864700,2.130131
259.582500,-4.921279
307.857400,-2.076450
3.896684,4.621600
187.122700,-0.103047
173.292800,-2.377821
65.156820,-7.474481
82.657780,-5.275199
85.607160,-4.748908
179.105200,8.322083
265.906600,7.306417
231.398800,2.273279
117.075600,-9.382674
197.412900,-6.096845
258.527600,4.380094
272.640500,-2.569201
44.264770,7.650445
205.174400,8.328588
84.479130,5.904740
179.284600,-7.086481
195.902200,-7.583394
108.769900,-8.328485
197.379300,-0.498536
122.074600,8.169606
216.594200,0.962525
17.854430,-3.183326
133.822600,9.382676
294.332300,3.054123
48.157410,-4.358393
135.644500,4.126984
152.321500,-2.131698
189.386400,-0.357769
29.382050,9.234144
216.447500,4.338510
60.419320,1.785930
272.958000,6.210142
123.695000,-6.372731
62.039520,-2.801680
173.887300,7.960494
207.955200,4.265221
29.758500,0.173298
45.888930,-7.115578
81.260870,3.456237
74.666400,3.707089
95.379550,6.319513
304.084300,2.172739
222.104100,-7.643888
270.458200,1.818824
266.548000,-6.464616
305.254800,-9.382311
133.579100,1.111970
78.552930,5.972315
143.469900,-4.070268
203.013900,-8.664122
62.573590,4.744951
257.404100,1.075493
306.005500,-5.361919
119.760700,5.338024
289.790000,9.382397
135.271200,-8.294514
109.472200,-2.826554
87.882150,8.326141
195.670400,1.243094
0.430263,4.313994
12.123500,3.397744
226.705600,1.607273
165.942300,7.226398
259.579500,2.526564
76.448760,0.736331
111.852200,-4.903877
86.762690,-5.144000
6.221363,9.382302
120.215400,-7.358157
250.092600,-7.027346
139.945500,5.088809
67.220440,6.769257
292.603900,4.752960
82.612190,-0.818489
254.862200,-7.267021
311.687100,-9.382307
94.721630,5.292797
92.439540,0.983982
163.069300,-0.230304
91.664050,-1.909982
97.424500,3.452135
211.282800,-6.956932
94.489890,-5.656336
132.053500,-4.423380
105.855500,1.087886
264.548800,-4.502688
307.354600,-0.957349
2.699051,5.803033
6.657213,-4.623037
200.689400,8.313118
18.072250,-8.888377
13.198620,0.402867
84.234250,-5.263937
31.281510,5.543118
234.861300,1.077166
162.045600,-2.578072
199.481300,-7.039495
178.369900,-9.331294
72.833890,8.813062
262.541400,5.839402
161.311500,-5.710059
130.092500,-8.108609
289.455200,-5.309981
257.427900,3.722873
296.697900,1.302713
163.384200,5.081893
160.972600,-0.832579
309.737400,-0.437309
55.088120,2.497360
229.161000,6.306195
25.436540,4.192448
313.177300,-1.507740
250.709800,2.815824
41.358060,-5.838674
72.366970,-2.386374
129.703500,5.578503
2.220006,-4.952434
15.962250,-8.674349
197.979200,-8.158012
35.627700,-8.228930
127.950300,-5.545913
124.119000,6.012983
225.510500,-8.342139
228.241800,2.134704
69.787990,6.488527
227.290800,-8.389700
66.807230,2.806001
25.487910,-9.382325
80.353030,8.698396
18.983780,-3.645840
183.050000,1.050377
252.880700,1.400390
225.710800,3.772895
53.210320,-7.200799
143.122500,8.229393
309.832400,-4.156486
298.371600,5.038105
147.282400,-6.217371
274.544000,-3.917508
306.446700,-9.120779
61.499700,-6.501453
190.838400,-6.127205
193.497400,1.074743
75.176350,-5.952817
55.046200,-1.548704
194.463200,7.767452
274.397600,0.192739
46.753390,2.136710
249.579100,7.850545
88.989320,7.813382
299.700000,9.382339
95.992840,-3.358790
97.534640,-8.663136
92.851620,-1.631969
144.402700,-0.770008
220.872700,2.185481
196.850900,1.547412
304.565700,-8.284251
182.050100,-2.489519
275.688200,3.710475
34.565490,6.171706
182.715000,-0.141301
57.293750,-0.056102
81.363620,9.382344
204.649100,6.065575
230.437800,-5.573339
193.616300,3.505853
310.406100,0.583458
165.373100,-4.977930
60.190740,5.007940
172.263300,4.814514
247.558500,-6.489057
10.756480,4.466834
272.712400,-1.350949
191.799800,-0.506247
56.024430,-0.819019
236.696100,-9.269869
8.823262,0.359281
121.449400,3.649587
64.103320,-4.421436
138.472900,0.747715
285.564200,4.259261
125.688300,1.669797
131.500700,6.690840
68.308910,0.316969
276.504400,-8.438689
279.339800,1.012911
134.656800,-7.240238
172.311400,1.889699
283.994000,-2.447834
233.493800,2.875571
263.336200,-4.640218
64.214900,-8.250402
106.143700,-4.139342
264.006000,3.240201
99.516420,-8.483685
199.196300,-8.225828
106.897200,6.966352
183.740500,9.235484
194.542400,1.704699
142.832500,-6.776969
206.903700,3.647320
234.891800,-3.324850
261.836700,1.225956
193.475100,2.294652
163.565500,9.382271
291.285100,-6.591433
115.612900,-1.303685
249.999100,-3.774578
173.675600,2.144212
99.649510,0.283435
229.691900,-7.897168
228.059900,5.779886
257.412800,8.278520
296.831200,5.336491
310.688200,7.386166
143.625000,-5.280730
56.977440,-1.581304
237.231000,-5.287428
183.575400,-1.006715
298.477400,3.677071
254.007800,3.191916
42.066890,-2.316382
283.907100,-1.230077
206.367300,-8.814299
68.905260,-3.592616
195.185100,-4.324227
271.131000,3.820787
83.051530,-1.990689
19.360570,0.259474
80.627330,-1.707012
130.662000,-2.925907
214.838800,-2.551720
302.921800,8.622659
36.869870,0.558463
48.048810,-3.142861
114.757100,4.962237
205.911900,-0.771976
289.214700,3.202285
305.901400,-2.917692
36.203660,-5.006282
147.535600,-7.411142
166.586800,-3.585809
306.996300,7.223934
93.388340,9.382502
98.269100,-3.276172
26.209480,0.948199
79.139760,8.567677
180.735300,-4.398579
150.291500,8.158980
64.993030,-0.854011
158.003600,-1.728632
285.577700,1.714170
7.349412,3.848557
63.592260,5.416962
198.435000,-4.588687
125.324700,6.187174
123.864000,-1.776725
296.519500,3.420201
295.622900,-3.718323
199.976500,4.610757
122.110200,-0.773729
38.026250,-6.570389
183.895600,0.170761
249.208800,6.687724
311.601000,-7.382291
83.457700,0.130490
79.530130,6.703296
239.591400,6.171021
218.846300,6.811870
43.096470,5.146151
206.908000,2.428387
144.005300,-6.440329
259.084000,7.291835
57.676450,5.440215
18.239430,-6.291314
23.529670,-6.521650
303.511500,1.095305
272.350900,3.853444
152.779800,3.894663
242.100200,2.723529
142.934800,-7.992807
240.370700,1.014096
288.981000,0.775544
210.051300,6.217458
5.754702,7.152618
154.262500,8.319913
184.071100,4.607108
19.179340,2.493888
115.422300,-5.735756
86.626400,6.460413
5.343744,-6.082752
257.476500,4.999736
135.731600,8.336129
150.551200,-5.531827
207.425000,-1.737721
43.203270,8.252588
301.412200,-9.382341
224.858700,2.071551
93.587650,4.843482
166.677000,0.275734
53.820470,-0.756283
133.838100,5.217678
34.489200,-0.959327
127.018600,-8.764800
242.834100,3.698712
297.140800,-8.325673
64.701740,5.925234
104.163900,-5.417982
237.136100,8.872160
188.208600,-4.387878
92.049560,3.390179
237.706600,-8.379489
142.358400,4.867107
142.297400,-4.407606
183.391800,2.256554
219.904100,-9.282848
63.783650,-1.017354
39.688650,8.227863
287.882400,-3.907032
156.378400,0.610632
144.392000,-3.271184
223.420700,-6.843638
212.492300,6.213424
79.735790,5.500410
158.050600,8.368323
32.111720,-0.535500
125.292600,-4.670023
245.623400,-8.018295
175.127100,3.089437
187.616200,-6.913227
310.819600,8.599361
122.212600,6.441288
170.692000,1.214931
214.318200,3.158173
192.836400,-6.863464
66.547130,-4.079985
48.329530,-7.136423
157.261600,-6.093566
94.563270,1.877301
162.319700,-6.413263
155.813200,5.038566
294.844900,1.946902
44.145360,-9.382302
87.910760,0.522023
100.766600,-8.378749
119.221900,4.126580
143.625100,6.952969
267.087900,6.688622
107.075900,1.093479
307.081600,3.749408
291.108700,-3.475304
226.048100,-0.776940
221.824400,8.259151
208.946500,4.975456
147.858000,8.288682
153.400200,2.843894
250.645900,1.597192
47.274560,3.240204
27.343230,3.858113
1.283710,9.382473
289.427700,-9.382429
92.406820,-0.496805
218.935000,-4.856361
280.919300,-6.463191
13.019410,-8.694791
243.971800,6.805721
89.622450,-2.855536
20.584290,4.544237
308.226800,-5.860578
251.752700,7.519352
52.498360,2.606839
288.252000,-5.106297
205.287400,-9.382362
103.938100,2.102872
119.866800,-3.440699
291.892100,8.236949
247.417000,-9.382322
90.080720,1.948174
186.019900,7.981729
131.302900,9.383066
275.965700,9.382443
216.104600,-6.812839
175.588900,-0.532555
231.360000,-3.025884
186.193700,-9.022955
142.696500,3.621777
170.408600,-5.320147
124.444500,0.205065
45.390980,7.176494
4.344690,2.341159
39.185230,2.602661
94.777020,-3.462476
252.358500,-6.009160
134.265600,2.119162
300.271600,7.810875
105.776900,6.483050
69.519500,-7.025426
284.734400,6.139935
101.466600,6.151789
22.690880,0.240020
138.708300,-2.769830
166.218800,-5.862240
121.288700,7.235988
278.519800,2.327606
214.616300,5.393587
66.919510,-1.667800
36.084730,8.714552
143.526800,4.515903
124.991800,-2.242190
14.118560,5.869370
300.596600,-0.586634
250.594400,-8.172564
114.246600,-5.233666
259.641400,1.308894
138.783700,9.383311
173.936500,3.357126
189.587200,-8.186228
290.964700,-2.263515
302.776700,4.386400
169.492000,0.991550
51.741680,-9.382302
211.095100,-1.183138
252.926000,2.619874
189.338900,2.568830
112.207900,-0.973091
305.233200,4.437979
289.266400,4.421439
155.217800,3.973356
313.319600,6.372374
25.367780,-3.681804
203.814900,-5.765303
94.783460,0.033013
50.264210,-4.805336
306.657500,2.457650
293.605700,-5.000178
109.918400,7.304741
102.673400,4.177454
201.595900,-1.454398
129.126400,4.503284
55.743920,-7.069264
65.896020,0.552318
256.303900,4.661844
109.999400,-8.328618
102.153200,-8.377597
179.494700,0.178511
227.260700,-0.590015
9.019370,-2.073509
30.187140,-9.382326
229.253900,5.086703
90.338760,0.755865
232.534600,-2.694608
93.906110,-2.243333
189.036900,5.069898
146.838500,-4.496695
16.157360,8.098460
252.525000,-7.218022
300.303600,6.586358
306.241500,8.948977
166.700300,2.997725
21.848100,-3.312226
208.585300,-4.792841
128.501600,-3.535746
220.268400,4.843356
47.976860,-9.382302
97.871060,-4.737226
124.738200,4.951842
235.805000,-0.087508
37.955850,-7.788720
53.775310,0.463272
312.969300,3.869043
10.676520,-9.382449
159.937500,-8.320492
217.056600,5.395969
145.821400,-3.800815
261.486700,6.468519
314.044600,-0.648202
173.723100,-5.842839
224.241400,1.004006
303.283300,3.276284
243.311500,2.575442
174.584400,9.074075
118.497800,-3.822107
218.275200,5.458538
309.468000,7.400618
40.471590,9.217986
94.768910,7.375898
219.270500,-3.024051
301.539400,7.934892
292.270100,-3.100930
128.576600,-7.916336
311.342500,-6.107437
140.003600,9.382535
71.066280,-4.053365
251.529200,6.319745
23.695740,-9.140023
139.771300,2.472403
210.164900,5.005917
281.183600,9.382330
271.387400,-6.080510
210.559400,-5.546212
121.925600,-7.556163
247.737100,0.714690
13.111350,-7.477872
23.352530,-1.522441
185.550600,6.855326
75.111260,6.939202
310.239600,-1.549548
273.265900,-0.263523
291.488700,2.343976
256.681900,-0.110101
188.801400,-5.453954
221.501800,-9.382461
246.613400,4.673219
246.759300,-1.459873
16.651610,-3.389672
23.277300,7.162117
156.048500,-6.226309
93.238540,3.665206
31.429230,2.116538
8.014078,-2.765387
287.499900,-8.388319
244.313200,1.878389
108.279500,-3.082279
154.051800,-5.108984
242.154200,-8.075129
7.323516,-7.538614
227.332100,-1.808301
217.720100,4.371784
258.175300,-1.876561
256.626400,-5.066987
124.496000,1.424387
151.623000,-4.948435
2.474811,9.117312
1.383585,2.762595
41.880050,-8.163932
1.923234,6.749658
134.195500,-0.009887
30.586930,-8.220177
33.569060,-1.769510
271.384200,-2.785810
33.998890,7.252580
128.103100,8.820578
300.074600,-4.808742
263.620800,5.262385
125.716100,7.340743
226.854900,8.414651
207.613600,8.327577
117.439500,-5.554127
239.431500,0.234842
136.430400,-5.060142
133.072400,-6.655376
57.017640,-8.615289
263.627000,6.482244
3.918852,5.841734
235.703400,-8.200257
81.945180,6.381240
208.833100,8.327273
282.548200,-3.338927
71.300220,-0.420208
40.075980,-7.895426
2.199357,-1.328220
40.403700,2.670989
146.473800,5.908102
132.978000,0.051169
149.349400,-7.411940
32.557420,-7.231083
243.789000,4.460386
66.214740,-0.625749
84.646280,-0.145843
299.048700,-3.263502
186.394300,-5.846392
239.055500,-0.926171
149.769000,3.518321
297.912100,-3.708502
68.959160,-0.715738
201.116500,5.379131
138.725700,5.126047
130.020800,-5.005120
107.733400,2.122977
287.587600,6.183228
66.325850,9.128971
44.681290,-3.233260
276.933000,-6.697805
43.046520,-8.851364
36.288910,-9.382319
37.281990,-4.434924
256.082400,-7.267202
209.441900,7.271536
51.274250,0.499054
270.196800,4.606114
302.504400,-4.245671
191.417300,-1.664343
301.293900,-4.859735
184.623000,-5.093501
77.350140,-3.662582
144.161200,5.558314
288.591800,9.151458
179.684600,-3.077350
300.416400,-1.793558
6.830868,8.325006
251.571900,0.802614
218.165100,-3.541182
158.830800,6.057382
215.226900,4.337331
153.999600,3.907859
86.030140,3.168391
261.394600,-8.076820
303.864800,-7.285541
92.501190,-2.800935
191.250800,6.097405
188.796400,-7.223458
303.686700,-4.860629
191.407000,7.337081
288.005200,1.509025
269.524300,-0.395287
125.023700,-6.953166
130.243100,8.779468
91.580060,-8.360099
209.017900,2.431241
126.073400,2.826933
63.650220,-5.554687
267.522400,0.693579
40.749190,0.966201
200.066500,1.289071
185.617600,-1.569877
130.989500,3.503399
214.006100,4.337078
256.184000,1.003945
283.779400,-6.611594
201.828600,-7.083444
112.598800,1.839106
8.920395,-0.857199
31.041060,7.886865
242.752500,6.856790
254.865300,-9.382435
145.334500,-8.061001
59.005310,-5.835746
255.924400,-1.066824
267.184000,-0.692158
29.143790,-6.294308
177.824700,5.561675
303.612900,5.389715
152.548800,6.803465
185.756300,4.609717
125.091400,3.783698
89.636320,3.084275
217.772100,-1.170567
129.805500,-0.643471
155.445600,-7.287357
182.376900,5.429370
139.721000,-3.450403
176.218400,2.541380
260.017200,-9.382588
51.722020,-2.002800
172.123000,-1.470668
11.058530,-5.741935
44.010860,-0.886755
261.701800,4.953787
168.935900,-3.712339
229.384800,-4.703427
28.080240,1.546875
279.186800,-3.487865
80.952470,5.407032
290.539900,-8.880314
148.562200,3.696745
34.383340,-4.052483
158.392300,-6.555566
187.799200,4.006371
236.104600,-6.282239
264.808100,5.542748
289.517300,-2.061063
175.700900,5.050856
186.803200,-1.280703
72.028460,-4.804023
209.356400,-5.738689
93.578350,-0.157234
153.351300,-2.795768
258.969800,-8.756306
127.100300,-6.421025
146.289400,3.025335
216.003900,2.030370
25.901310,6.678940
281.323500,2.244473
204.107900,-6.947396
252.635600,0.204969
242.513200,1.575137
89.457380,-7.716225
63.106530,-3.393899
211.059800,-9.383263
227.094600,3.951374
15.476360,0.734419
109.512200,0.969528
188.223500,-8.300281
70.093960,-3.315837
285.108600,8.342012
265.846100,-4.290184
262.013900,-4.716046
93.497890,2.472681
60.195030,-0.365443
45.563510,1.205875
150.679400,-1.573403
142.322400,-0.815454
132.560900,7.294531
280.395500,-3.655398
128.399000,7.638321
296.098200,9.327060
131.012700,-0.816010
17.175460,-6.889052
232.777000,0.573728
93.272390,-5.574835
283.730900,-3.639584
25.302120,-2.463259
134.050300,-8.298767
134.825500,1.035021
176.799700,-7.437544
214.323300,7.270570
100.814100,2.683912
19.257070,-8.164068
296.953800,-2.052636
265.900100,6.086452
127.220800,3.241509
143.030000,-9.209368
9.688075,-8.666689
78.723960,-8.644779
161.152800,-8.203561
141.802000,6.177983
192.236700,8.231709
213.383800,-4.498509
101.135900,-1.650555
214.483500,-0.070484
309.168800,0.651626
88.871960,-4.927572
37.956870,9.382302
104.790500,-2.343075
87.868990,-8.969913
110.612800,-9.382909
268.640700,1.181766
28.784190,-5.128126
216.610900,-4.193599
157.566700,1.533455
300.650100,4.224699
311.643300,6.626585
59.651620,-2.447519
188.834600,8.926353
304.920700,-0.820450
35.506810,4.207379
70.828410,0.705271
304.838700,-4.458241
116.114400,1.732314
268.968400,4.926152
29.379540,1.335323
138.985200,-8.904535
150.965000,3.278774
95.565500,-1.151154
226.418000,-7.524559
187.041600,9.273781
185.422500,-7.789035
107.437500,9.321525
112.947200,5.995133
302.538300,-6.786491
21.887380,1.159543
222.822300,-2.080692
111.871200,-3.198899
285.869300,-5.122156
265.496900,8.455595
92.293610,-9.350026
273.038800,-5.658129
293.367600,3.801351
47.109210,-7.128664
181.509200,-0.445533
110.672400,-5.213773
216.874300,8.167021
279.002300,5.082722
279.210200,-0.203059
203.582400,4.155348
245.000400,4.310928
62.842590,1.809738
15.526360,-3.878099
301.460300,-2.425356
198.263700,-6.971681
13.483930,-3.746042
237.335800,-4.071605
131.905700,-6.298628
106.917800,-1.104905
142.335400,0.403972
249.459500,-2.680035
269.406000,6.064842
242.526100,-1.710296
251.140200,-5.938703
58.465860,-2.158857
145.153400,-6.854131
57.415020,8.192388
198.355800,3.028931
116.006000,7.189343
115.926400,-8.973995
71.464580,7.196789
246.361700,6.330683
4.803267,-2.732615
131.939300,-3.069522
54.618280,-2.916575
84.671680,-8.157090
32.041820,9.382320
255.915700,-6.058629
215.225700,6.450470
249.194700,4.579648
234.819200,7.319582
51.074850,-5.960768
164.688600,1.552413
179.705600,5.955963
141.160100,-7.647828
217.784900,-8.213916
45.254260,-6.032210
206.393400,8.328023
238.537400,5.511150
148.885900,6.076718
290.274200,2.462383
25.838290,-7.950422
208.829200,6.210943
24.829750,-4.812212
45.267900,-8.166028
31.448610,4.334218
253.700900,-6.891986
184.089200,-3.042739
219.009300,9.382332
232.253900,-7.245681
136.280500,-6.270805
298.269500,-1.294788
302.292000,1.052643
39.505020,3.780413
6.563405,-5.839537
156.437700,3.990101
190.005700,-9.382719
59.687140,0.804308
275.743600,7.168516
78.246630,-6.271273
157.371600,9.382321
0.766193,-1.983576
77.400020,7.201486
275.015000,-2.158101
51.635490,-3.220117
196.231100,-6.396322
248.449400,3.453924
83.569600,4.308138
102.844900,-9.382510
156.396700,6.110280
122.685700,3.544253
221.031300,-7.034628
211.883700,9.382843
307.638600,-9.382370
161.242300,-6.986481
194.674900,-2.277673
257.423900,2.499503
139.154900,-6.257319
67.674930,1.660103
231.645100,-5.395323
292.849300,-0.728125
114.975100,1.302229
254.428300,-2.179908
197.812400,5.056870
205.783600,9.383695
95.734240,-7.220468
84.386670,-4.053237
57.179860,-2.784777
141.168300,5.135135
71.661090,3.066183
67.729680,-6.983431
56.931450,4.451665
124.274100,-7.915958
216.554900,-1.251643
202.461700,1.891578
19.983760,1.331390
