88.885600,-9.882145
110.428500,-9.988442
130.600500,-9.718785
0.567365,-9.305796
46.520170,-9.708022
48.024820,-9.781645
52.466130,-9.831587
76.323830,-9.421442
100.769100,-8.266027
111.836400,-9.741611
113.446100,-9.562647
169.131200,-9.284573
197.500200,-9.692413
205.500600,-8.441938
211.428300,-9.957071
216.250800,-9.186045
220.749200,-10.020580
237.375500,-9.026012
244.015400,-9.900374
254.818700,-7.871859
259.838300,-9.302611
268.853100,-9.973691
8.485460,-9.818535
12.204580,-9.294596
14.214190,-9.807858
18.867300,-8.776037
21.089610,-9.375115
23.640850,-7.769670
28.601940,-9.798464
30.029130,-8.422273
35.819110,-9.981191
38.213090,-9.413865
39.679930,-9.440245
44.449960,-8.218889
48.791710,-8.807244
49.522460,-9.807397
57.422990,-9.405666
59.317250,-9.591079
64.214260,-8.355846
66.290550,-8.798121
70.883670,-7.052207
78.488520,-8.917828
80.997330,-9.544496
84.976230,-8.942131
83.879070,-9.162312
91.438430,-9.649123
92.758000,-8.795160
93.875100,-9.717382
95.351840,-9.997558
105.776900,-9.408111
108.209700,-9.309241
112.618800,-7.560852
118.925400,-9.532971
119.460600,-8.368577
128.547400,-8.377810
123.184100,-8.683070
126.014100,-8.528251
130.823600,-8.310018
134.255200,-8.400309
137.443600,-8.183669
143.041500,-8.328796
146.587000,-8.461039
143.251800,-9.699377
145.897600,-9.677677
148.431500,-9.557980
150.598500,-8.409730
154.882800,-9.388443
165.618700,-9.733444
167.013600,-9.739429
181.073100,-9.634617
185.523400,-9.115788
188.081400,-9.079946
201.319700,-9.438353
206.712000,-9.270924
217.870000,-8.832272
220.344700,-8.837244
225.938300,-9.210396
229.835300,-9.044785
232.441000,-8.641636
233.555600,-9.406019
235.051100,-9.905287
247.977500,-9.207071
261.584900,-7.496728
266.505400,-9.988256
265.667600,-9.022964
280.846200,-9.122766
292.790700,-7.737888
285.935600,-9.510802
288.208000,-9.546837
291.280500,-9.789116
297.347200,-8.945822
302.521200,-9.925920
310.250500,-9.655315
312.538100,-9.637426
1.710526,-9.410649
4.628981,-6.956468
2.917517,-9.463823
7.353915,-6.343571
7.760397,-8.680421
12.713290,-8.053459
14.268850,-8.307212
13.324990,-9.126716
17.696800,-7.193341
19.536690,-9.690839
22.442510,-9.784165
25.052070,-8.133949
26.321090,-9.178457
25.109850,-9.392443
27.562380,-8.651834
29.941070,-9.570529
33.593170,-9.296350
33.275590,-7.909249
34.754540,-9.370409
41.000850,-9.554349
41.607060,-8.546620
46.207090,-8.522573
53.016630,-8.381977
53.907010,-9.517161
56.777790,-8.477556
62.180880,-9.044875
61.400300,-9.936910
63.528150,-9.433820
67.563670,-8.415154
70.149290,-8.947327
70.854030,-10.051440
73.716890,-9.769680
75.052530,-9.474419
76.987890,-8.104555
80.843470,-7.329281
86.330370,-7.177162
85.745700,-8.131021
88.807440,-7.830233
90.505000,-8.587785
96.186060,-7.925723
97.369180,-7.063260
99.677960,-9.032722
98.699360,-9.575615
103.133000,-7.724957
100.726000,-9.423409
104.657300,-9.376277
114.549200,-8.897450
117.032000,-9.689873
120.215700,-10.008580
123.355400,-9.880692
127.526500,-9.169677
127.332600,-7.740068
129.707200,-8.850484
136.329500,-7.642002
136.581900,-9.067926
139.941300,-8.302856
140.750600,-9.689901
144.653500,-9.920573
149.425000,-8.774529
149.963000,-7.492973
151.708400,-8.531977
152.548600,-9.269422
153.667700,-9.261796
157.511100,-9.067443
161.036200,-9.610658
158.530600,-8.177769
163.116900,-8.569602
164.018000,-7.904260
170.374000,-9.645080
176.287200,-8.609003
175.019300,-9.513813
176.657500,-6.110980
178.472200,-9.652367
182.319400,-9.441432
184.388200,-9.800278
186.687400,-8.313747
186.934100,-9.589020
191.444900,-9.347668
190.696400,-7.788762
192.287900,-8.371143
195.504200,-8.025016
192.597500,-9.912601
196.662600,-8.764833
199.993000,-9.436934
199.629200,-7.001325
202.043300,-6.336833
202.462900,-9.734700
205.857000,-7.181677
214.956400,-9.249971
212.420100,-9.146338
217.932400,-7.481904
221.797000,-9.633441
222.614900,-8.874434
225.958200,-8.020486
226.913900,-7.267264
228.633800,-9.071033
235.932200,-8.675872
234.634900,-8.756038
238.874300,-8.491385
237.992100,-7.804196
241.657700,-9.098004
238.558000,-9.593353
246.654400,-9.515409
245.317900,-9.690186
245.886400,-8.516472
251.687600,-9.336304
250.693500,-9.849013
252.901800,-9.315606
255.151800,-9.466013
253.901000,-9.991166
256.493300,-9.317537
257.692800,-9.101493
260.586700,-8.290900
264.999400,-9.921157
263.572100,-9.463626
270.814900,-9.382895
269.590500,-7.596465
269.788300,-8.948835
273.003700,-9.284540
274.267200,-6.491612
275.242600,-7.273240
277.297100,-6.819159
277.002700,-9.273365
278.548500,-10.016750
282.147900,-9.270537
283.563800,-9.942962
287.033200,-8.938452
289.297200,-7.620009
294.927000,-8.990390
293.881000,-9.628754
296.137100,-9.490566
298.927900,-8.931945
300.023400,-9.781453
302.994500,-7.528146
307.198300,-9.811354
306.045200,-7.782385
310.620500,-7.252783
311.820700,-7.519305
309.087000,-9.425755
313.657900,-9.640049
3.455443,-8.482280
4.550819,-9.181412
5.891428,-9.993682
8.826063,-5.912772
6.539412,-8.896576
7.230343,-9.929652
6.440517,-5.420202
14.238960,-5.888548
10.989450,-9.375638
13.364410,-7.080779
15.558300,-7.586206
17.984470,-9.827765
17.806570,-8.416291
16.834480,-9.159816
20.223210,-7.194259
21.299240,-8.003164
26.315270,-8.002291
23.830110,-9.108085
28.913560,-8.567804
27.351100,-9.950046
31.973700,-7.889827
31.535120,-6.694010
32.337060,-5.338932
36.960120,-8.982451
36.750700,-7.789135
39.052940,-8.374681
35.747310,-8.567777
37.970920,-8.060175
42.231740,-7.486833
42.524920,-9.757321
41.885850,-6.338878
45.131300,-9.252444
48.219250,-7.696408
45.918140,-6.536687
49.465790,-7.795128
47.934720,-6.613058
49.290280,-6.636158
50.959290,-9.815799
51.851920,-7.282560
55.555810,-6.991553
55.575740,-8.110100
58.375010,-4.785542
57.870860,-7.337589
59.585560,-8.425878
60.749500,-8.881543
61.705730,-7.835154
60.463210,-7.527569
63.855580,-7.158390
66.699820,-7.422781
65.067280,-9.243725
68.652930,-9.157861
72.461130,-7.615985
69.310910,-6.874169
72.738060,-8.905830
72.816090,-6.408946
74.953070,-7.102675
74.029440,-8.412868
77.431140,-9.273430
75.602930,-8.261030
78.458540,-7.800208
80.570670,-8.413247
83.080360,-8.039989
82.487050,-9.231834
86.226390,-9.230283
87.537460,-9.669484
88.204110,-8.771189
89.619590,-7.061460
92.268200,-7.592363
94.573580,-7.708010
93.866780,-8.573858
95.158740,-8.796155
101.501400,-6.173976
97.641060,-9.940772
101.800700,-9.735690
99.034850,-8.116698
103.449300,-9.131807
104.848200,-5.744017
105.893400,-8.058158
108.242800,-7.095561
108.626700,-8.171535
109.602100,-7.312181
112.180600,-8.626856
111.113100,-6.723116
113.405500,-8.383472
115.203800,-9.943858
115.759600,-8.451936
114.095100,-5.271119
116.920600,-8.509779
119.137300,-6.060714
120.620500,-8.964262
120.961100,-7.817163
123.681100,-6.606029
125.056100,-9.925026
126.444200,-9.970971
124.999900,-7.409278
131.792400,-8.995996
129.115400,-9.858096
132.086100,-7.684850
133.026600,-8.536205
132.851500,-9.642529
134.168400,-9.570153
137.936400,-7.093468
134.498600,-5.096924
139.276300,-9.384796
141.106400,-8.491614
138.699700,-8.170382
146.700800,-7.157342
144.124700,-7.530183
145.374600,-8.403832
147.160400,-9.542334
147.858600,-8.333320
150.649200,-9.526158
154.336500,-8.287574
154.101000,-7.193412
156.187700,-9.253064
155.541100,-8.143383
156.597200,-6.818557
164.281500,-9.251954
162.109900,-7.889108
159.960800,-9.298262
162.045700,-9.125905
164.401100,-6.776649
166.484200,-8.753965
167.628000,-7.673049
167.910100,-8.935596
170.175200,-8.417935
172.706100,-9.487291
172.585000,-8.213035
174.840200,-6.946348
173.843500,-8.865489
179.131700,-8.520457
175.970700,-7.263892
180.086400,-7.277831
179.774700,-9.682379
182.371600,-7.362164
183.850100,-8.817971
184.868500,-5.322376
183.772000,-7.608143
189.217100,-9.750065
189.863700,-6.266740
190.323500,-9.089823
193.961200,-7.903377
194.507100,-9.107353
196.641900,-5.327587
193.457000,-4.990915
198.687900,-9.860671
202.340600,-8.618772
203.124500,-7.539780
204.413600,-7.634211
208.037600,-9.033790
208.624600,-7.905046
210.922500,-8.897387
209.121800,-6.334350
209.865000,-8.347730
212.739600,-6.812658
209.288200,-9.306691
213.693400,-9.015930
215.019700,-6.684457
215.642100,-7.978358
217.845400,-6.194057
219.107100,-9.012056
220.659100,-7.495862
221.479200,-8.402092
223.749500,-9.305860
224.673500,-8.046476
227.155100,-4.863112
229.290300,-7.802366
232.630600,-7.028160
227.198800,-8.926645
230.515500,-8.154897
234.785400,-7.563947
237.907000,-6.511874
239.969200,-7.911437
240.009900,-9.144195
241.228000,-6.625139
240.110100,-6.680704
244.147700,-7.097693
248.482700,-8.052733
247.652800,-6.962614
249.736000,-7.796494
251.690400,-7.082860
250.891300,-8.254331
255.172300,-5.203368
252.143400,-8.317283
255.933200,-6.242176
260.671000,-5.320909
258.952300,-8.617370
262.716500,-7.088965
261.050000,-9.743534
262.324600,-9.838011
263.814200,-7.835778
266.841400,-7.456999
266.706000,-8.608800
267.707200,-9.331327
271.898500,-9.112582
271.940900,-7.994130
275.508800,-5.518036
270.796900,-7.972476
274.605800,-9.732923
275.526000,-8.798390
280.301100,-7.986824
277.557900,-8.057852
282.857800,-7.355346
280.665400,-6.775731
281.695200,-8.030258
285.737000,-8.216383
286.951300,-7.588853
289.183000,-8.780664
290.442600,-8.553135
290.471200,-7.197168
291.742100,-8.770469
292.834600,-9.013194
295.268000,-7.016870
295.778300,-8.254599
297.175400,-5.582683
297.725200,-6.555888
299.441000,-7.779103
301.256000,-9.059814
301.580800,-7.745665
305.359500,-9.021665
302.285700,-8.624042
304.408400,-8.028600
307.785600,-6.385422
309.428300,-8.212930
312.120000,-8.598534
313.993600,-7.086445
2.118788,-6.844883
1.261272,-8.240014
0.148037,-8.161139
3.313147,-7.332162
4.491299,-8.064462
5.600324,-8.207817
8.171499,-7.393391
9.030215,-8.676359
10.208690,-8.488315
11.121570,-5.485756
9.444470,-7.335852
15.492960,-6.178369
16.646740,-5.153938
15.546560,-8.957841
16.656070,-7.917971
18.902750,-7.481812
19.338430,-6.320456
20.576270,-5.794035
21.383860,-6.731518
24.572690,-6.927679
24.028150,-5.033632
22.483890,-8.513761
28.240640,-6.239610
27.184000,-7.255194
30.323690,-6.474780
30.755620,-7.569682
31.201970,-9.179528
32.454630,-9.043818
34.297250,-6.744192
35.860490,-7.018560
36.285030,-4.498219
38.055000,-4.914445
40.298190,-8.359470
39.309120,-7.089997
43.034470,-6.584942
43.524270,-7.590268
44.444510,-6.505493
45.427730,-7.668229
47.019230,-5.780408
47.437210,-8.678303
50.248530,-8.720127
53.012940,-7.103250
51.546830,-8.545950
52.643280,-3.845047
54.243740,-7.321299
54.393930,-8.506001
55.449000,-9.290978
58.333950,-8.613955
59.149710,-7.287942
64.810360,-6.526076
62.980140,-8.092283
62.622980,-6.807541
67.225610,-9.809576
67.984570,-7.078844
68.584060,-5.832735
70.077610,-7.829632
71.316220,-8.169346
73.705330,-7.205625
71.630230,-9.244280
76.291410,-7.018764
76.657400,-4.791749
78.580130,-6.033503
78.631080,-10.028020
79.515480,-7.188829
83.261380,-6.727118
81.721320,-8.315579
84.574710,-7.593962
83.421710,-5.233473
86.959440,-6.162527
87.266430,-4.887679
90.542170,-4.928567
91.004390,-7.360959
91.620980,-8.505718
89.423770,-8.876324
94.080440,-4.882838
93.923730,-6.217839
96.491490,-9.233020
96.329960,-6.627511
97.900960,-5.934852
101.915900,-7.470146
100.861600,-7.092721
104.341100,-8.134027
102.252900,-8.696519
105.644800,-3.266489
104.954000,-7.107302
107.324300,-8.018834
107.448700,-5.223497
110.941900,-8.983519
109.694700,-8.832371
109.846900,-6.115844
114.371800,-7.650083
111.028900,-7.866828
115.479900,-6.940599
118.101000,-8.494978
118.410400,-7.237277
117.736800,-6.092362
121.964600,-8.907488
121.540300,-5.527689
122.543500,-7.553769
124.502800,-8.786141
124.796600,-6.039706
127.557600,-6.360009
125.622500,-5.269959
128.752600,-5.636609
132.255300,-5.233228
129.712000,-7.615927
135.035200,-7.439619
132.963800,-6.467540
135.379500,-8.818582
134.279900,-6.371174
138.016300,-5.759696
137.931300,-9.264349
140.467600,-6.049088
143.007300,-6.884520
142.738600,-5.582313
142.068300,-9.260942
145.319000,-7.128842
145.582300,-5.943858
146.730800,-5.828425
149.791700,-6.388620
152.349300,-4.821520
148.239700,-6.865536
152.798400,-7.785886
152.157800,-6.190125
157.606900,-7.548354
156.660000,-8.142627
155.313800,-6.949364
158.793900,-9.265477
159.628600,-4.779058
163.994300,-5.515610
162.954300,-6.799812
161.397000,-7.025451
165.227000,-8.263891
166.578300,-5.205332
168.564100,-6.690134
166.466700,-7.635637
168.854500,-8.038708
171.176100,-7.452058
171.584000,-6.236754
174.999200,-8.214292
173.778000,-7.567905
172.659900,-6.970779
179.104600,-6.035268
177.852800,-8.466166
180.363500,-5.983041
180.343300,-8.561392
181.447600,-8.135058
182.759300,-8.412031
185.850800,-6.063617
185.065300,-7.942101
186.072000,-7.161641
191.123500,-6.121617
188.425600,-6.588262
191.774400,-7.175775
188.194300,-7.856988
192.903200,-7.271631
194.854500,-6.893104
197.070700,-7.584249
195.616200,-9.263955
199.248600,-8.359898
197.970900,-8.522132
200.655600,-3.848563
202.334100,-5.093023
200.678300,-8.318033
205.676900,-5.743056
207.014700,-7.907567
207.571900,-4.745747
204.785200,-6.464439
207.887500,-6.946188
210.803500,-7.687406
213.065800,-8.023932
211.915700,-7.570284
214.432900,-8.038548
216.477900,-6.890610
216.865600,-8.097696
218.894000,-6.652300
219.894300,-3.997498
223.489700,-8.180276
219.283200,-7.819110
224.005000,-4.207884
222.183100,-7.420938
225.405000,-6.832135
227.379800,-6.104588
228.362800,-6.892740
231.585500,-7.676662
231.168700,-9.232484
231.332500,-5.987751
233.902500,-6.722972
235.860700,-7.254899
236.878200,-7.717315
233.578900,-8.015014
241.219200,-7.906154
239.718600,-4.681054
240.687200,-5.532516
242.902400,-7.944811
244.753900,-4.126543
244.349200,-8.576840
246.775400,-5.949755
247.170600,-8.237718
249.498100,-5.846409
249.575200,-9.104250
252.838100,-7.446123
251.580600,-5.755076
253.779600,-8.529983
256.991700,-8.042639
252.875900,-4.732158
255.778100,-8.456175
258.166000,-7.615229
257.173900,-6.683282
261.751100,-6.132553
262.268600,-8.566639
264.917000,-6.700592
262.938700,-5.597264
264.594800,-8.703234
264.832100,-3.909558
268.525200,-5.616614
269.467000,-6.328775
270.630200,-6.673334
274.220200,-8.165956
273.060500,-8.035542
273.201500,-6.924310
278.348200,-7.199396
278.249100,-8.938294
279.553300,-9.076088
278.401800,-6.081424
284.382800,-7.519920
283.239200,-8.566723
284.557400,-8.859360
285.831200,-6.908096
291.478600,-7.684482
288.079200,-8.215486
288.210200,-6.936831
292.013300,-6.701649
289.776000,-9.731252
291.361300,-4.957224
292.464300,-4.228660
296.848600,-7.683437
298.796600,-6.868887
298.440100,-5.062804
300.548800,-7.073904
303.403500,-8.673680
304.131900,-9.523945
306.703200,-8.781869
305.079700,-7.087020
308.025600,-8.861028
312.006600,-6.191513
309.644400,-5.522210
311.719800,-4.789581
310.722600,-5.963361
313.204600,-8.331797
313.615900,-6.019639
1.076656,-5.841924
2.376266,-8.194408
3.471387,-6.199845
5.322966,-4.913068
1.778753,-4.407308
8.777745,-4.547538
10.048690,-4.708210
10.714220,-7.312542
10.178000,-6.207094
11.847770,-6.688311
11.493260,-8.209832
15.867340,-3.828459
14.562550,-7.073227
16.669080,-6.547324
15.135280,-4.938935
20.074370,-8.465571
18.007060,-4.684370
22.847920,-4.538301
22.527590,-7.151994
23.455890,-6.156227
26.979660,-6.101377
27.358990,-2.928442
29.024590,-5.131394
30.118020,-5.373970
32.780500,-6.605307
33.449370,-5.458870
32.974060,-4.158533
34.114990,-4.195422
36.966770,-5.668686
35.167840,-4.577624
38.568370,-5.975195
39.266410,-4.599742
40.679340,-6.311487
40.542390,-4.354712
42.986180,-3.172607
42.894000,-8.534612
46.887780,-7.387484
45.556610,-5.367687
46.658570,-4.529181
48.839850,-3.548773
50.564670,-7.198442
52.438950,-5.941319
53.688390,-6.081138
56.093690,-5.801585
54.804080,-6.165841
57.430270,-6.006148
58.728250,-6.078281
56.666500,-7.122299
62.269510,-5.531293
60.051330,-6.294549
59.632790,-5.072260
63.078750,-4.596344
63.557150,-3.419099
69.448430,-4.914898
65.345790,-7.715928
68.845430,-8.039433
66.586850,-3.456041
71.649680,-6.235245
72.459390,-5.207655
74.433650,-1.209073
74.516410,-4.943203
75.548680,-5.862770
77.736840,-6.944976
80.974990,-6.218274
79.901570,-5.660013
82.323790,-4.534152
82.208950,-5.810039
82.054800,-7.090309
85.452680,-6.327826
87.823170,-7.222579
87.050770,-8.290608
84.319980,-6.131318
91.571440,-4.150923
93.365300,-7.367963
92.299330,-6.423466
95.249860,-5.683911
95.225020,-6.801987
97.760220,-8.353294
96.623500,-4.192891
100.199200,-5.922129
99.060060,-5.305674
99.754460,-7.257071
101.763800,-5.085367
102.653500,-6.355001
103.861100,-6.639486
106.955900,-9.231835
107.064200,-6.647601
109.575500,-4.833372
108.574800,-5.901700
110.776200,-5.356199
111.803900,-5.835965
114.003000,-6.455639
112.742200,-6.447645
119.655200,-7.247838
116.979100,-7.308471
119.682300,-4.724819
120.621700,-6.682627
119.036400,-3.810835
123.677200,-5.304609
120.992200,-4.522433
126.157800,-6.801013
126.331900,-4.157579
128.606900,-7.031890
123.806000,-7.744176
130.856200,-7.046176
131.008900,-5.625900
131.271800,-2.763404
135.598300,-6.248030
136.865700,-6.488065
137.542800,-4.254763
133.590300,-7.437711
139.263500,-6.924342
139.264700,-5.657700
140.715300,-7.275041
140.177100,-4.792427
144.169200,-6.090746
144.852800,-4.887653
144.175800,-8.799142
147.850700,-5.815611
146.235000,-4.717671
148.882200,-7.782163
151.261300,-7.145766
149.366900,-3.152247
153.782700,-3.965367
153.238900,-6.480208
157.315200,-5.553202
155.863200,-5.516268
159.225400,-7.093293
160.747100,-8.015919
158.008800,-6.504620
160.304200,-6.300739
165.540700,-7.007393
163.295600,-4.368629
165.435400,-5.892829
168.277300,-2.184088
167.769300,-5.660212
169.813000,-7.242465
170.976100,-5.230965
170.106300,-6.121052
171.440800,-8.826944
173.474000,-4.822227
177.885800,-6.354615
177.206400,-7.407553
174.762300,-2.724099
177.679200,-5.123024
178.636800,-7.353851
181.510300,-6.536700
182.496600,-5.470390
183.123300,-6.533590
184.647600,-6.643724
185.065100,-4.175216
187.268900,-7.139839
188.781600,-5.394178
189.427800,-7.381793
192.830600,-3.727023
193.673000,-6.407932
193.364200,-9.024327
194.539100,-5.622034
196.134300,-6.922338
198.318300,-7.202712
197.302100,-6.231768
201.893500,-7.591987
199.771300,-5.616833
200.840800,-7.210516
201.014300,-4.997624
204.593100,-5.214839
205.446700,-4.304852
208.185400,-5.724117
209.819800,-5.267244
211.130200,-5.222497
212.195900,-4.460650
212.252300,-5.791283
213.865100,-7.049825
214.456300,-3.044475
215.101400,-4.263373
215.700300,-5.582779
216.453700,-4.493739
218.681300,-4.416082
222.738800,-4.110604
221.921300,-5.105953
223.394000,-7.065804
224.836800,-9.574539
223.415300,-5.273372
229.602400,-6.418670
226.161600,-5.824609
227.991200,-7.998887
228.663800,-4.533588
233.289600,-2.823809
232.086700,-4.909865
234.379600,-5.668510
235.416100,-6.092879
236.699900,-6.322232
236.478000,-5.087515
238.979700,-7.130212
243.275400,-6.269251
241.427200,-3.286155
242.275800,-7.017253
241.979700,-4.565197
245.186900,-7.585758
245.443600,-6.344100
246.394100,-7.224658
248.131100,-5.568274
249.172600,-4.773718
248.917100,-6.838702
253.865700,-7.019938
255.988400,-7.358015
254.853700,-6.510817
259.453600,-7.394421
256.117500,-4.460304
258.426900,-6.292689
259.246800,-4.891401
261.892500,-4.643237
260.620200,-6.797774
263.798600,-6.505282
265.531600,-7.767965
264.418600,-5.347068
267.444700,-6.235140
267.720200,-8.139449
268.406900,-7.048711
272.789000,-5.700633
271.613600,-4.422049
270.154700,-3.868936
276.218900,-6.521846
279.015700,-8.095274
276.449400,-4.091885
278.704200,-4.933955
279.186700,-3.439488
281.784900,-6.741860
282.471400,-5.827699
283.839100,-2.841737
284.982600,-4.971525
284.784200,-6.174792
287.118700,-6.262433
288.404000,-5.645472
289.867600,-5.061422
290.887600,-6.026794
294.105300,-8.057281
292.434000,-5.593317
294.645100,-5.879210
296.506200,-6.598438
295.894400,-5.523670
300.831100,-5.856251
299.967100,-4.759695
298.106500,-7.922626
302.152400,-6.551764
302.070100,-5.350770
305.162600,-5.970033
307.912400,-4.109092
305.904900,-5.074319
306.469200,-6.503406
309.203200,-4.333044
311.015000,-8.769991
310.523500,-4.578170
312.873600,-7.080513
312.994900,-4.934793
2.217794,-3.099452
0.531700,-4.739216
2.497461,-5.416400
7.581533,-4.934770
4.700555,-5.841623
5.910487,-1.757564
6.837865,-7.619586
6.239368,-4.038116
7.845792,-3.556748
12.673720,-3.997542
12.262080,-5.150136
13.535990,-3.051522
13.024800,-5.970411
16.544500,-2.646633
18.038790,-6.001441
19.332390,-3.986426
20.293000,-4.630962
21.910180,-3.261483
22.141650,-5.712483
25.083840,-1.584996
25.872500,-6.770865
27.551640,-4.971801
26.459980,-3.825482
29.678730,-3.329603
28.264360,-7.550976
29.336120,-7.003263
30.470720,-4.311328
34.566360,-5.522230
35.653500,-5.789320
34.572910,-8.058768
37.584180,-6.835379
35.870960,-2.255908
41.548740,-5.145717
40.948500,-7.398005
41.823540,-3.847388
43.068690,-5.467221
40.814640,-3.074017
44.279060,-4.971278
48.597710,-5.610243
50.165950,-5.534829
51.613610,-4.775154
51.253280,-6.112614
53.224910,-4.918411
54.589920,-2.635265
54.200920,-3.973078
55.757570,-4.577899
55.387890,-3.520581
59.430600,-3.606843
58.849110,-2.344827
63.703130,-5.775236
64.318880,-4.435528
61.020980,-5.310488
66.052260,-6.313459
65.184630,-5.358818
66.537390,-4.950468
67.301820,-5.976959
70.159540,-5.979196
70.413930,-4.121042
71.075090,-5.109593
72.789790,-3.204634
76.009810,-3.359478
73.407040,-4.337329
78.283400,-1.539815
77.838840,-4.911042
78.531140,-3.825249
79.078340,-4.876121
81.228940,-3.626091
82.337420,-3.369706
84.776590,-4.872837
83.585800,-3.834504
88.278840,-5.991521
86.087510,-4.085588
91.603880,-5.420165
89.450210,-5.516053
90.625950,-6.205771
92.971980,-3.839709
92.814030,-5.150030
95.622550,-3.288978
96.661060,-5.496302
97.816170,-3.672530
97.843080,-4.792294
98.701650,-6.876256
102.400300,-2.080521
103.535300,-5.303847
101.661300,-3.571974
105.147100,-4.442433
105.904200,-6.514282
106.856400,-3.799043
108.376400,-4.322196
109.629400,-3.400460
111.912000,-4.721151
113.190000,-4.121688
112.978000,-5.352680
115.707800,-2.324553
115.633100,-3.861833
116.458400,-6.080112
116.844700,-4.774526
118.382300,-4.972953
120.626800,-3.463605
122.622200,-5.926244
122.259600,-4.286309
125.141400,-3.225533
126.272800,-1.204777
131.561100,-4.155310
128.919500,-4.284151
127.720200,-4.870965
127.756000,-3.593827
129.829600,-6.294034
133.304500,-4.101179
133.415700,-5.380616
135.608900,-4.955941
136.760300,-5.255084
136.272900,-3.933089
138.811300,-4.488669
141.982100,-7.684435
141.447800,-5.162729
141.736400,-6.425969
146.206500,-2.013365
143.596400,-4.632336
148.042400,-3.321062
149.085500,-5.500680
148.803900,-4.290712
150.837100,-5.609182
154.684300,-4.878341
153.469900,-5.283559
153.458900,-2.734282
154.890100,-2.764278
156.837100,-4.376573
158.244500,-4.556271
158.874400,-5.775785
161.561500,-4.057038
160.876900,-5.062592
162.550900,-3.532137
164.403700,-4.209365
162.475100,-5.130323
166.882400,-6.532090
169.014400,-4.264982
168.473600,-3.285467
168.983600,-5.392087
172.096000,-4.938830
171.179200,-3.944536
174.903500,-4.478454
175.406200,-5.803276
178.295100,-4.023320
180.270500,-2.365815
177.150800,-3.722811
181.283900,-5.093470
182.693200,-3.174239
182.219600,-4.253537
184.135400,-3.256869
186.223200,-4.956503
187.252700,-3.162931
189.382400,-2.812088
187.633800,-4.507319
187.211000,-5.881115
190.393300,-4.931364
192.452200,-6.043018
194.033400,-3.884843
195.670100,-5.883701
195.183700,-4.549393
198.569900,-5.825216
197.197900,-3.194129
200.784700,-6.093226
203.506300,-6.242580
197.874900,-4.622290
202.972900,-3.933625
202.823100,-2.682559
204.589100,-1.019046
208.165100,-3.595245
209.782600,-7.232823
206.754300,-3.694291
210.758400,-6.412574
214.564200,-5.388793
208.767500,-4.661962
213.547700,-4.526742
215.758500,-2.083294
219.189000,-5.413501
217.686700,-4.930187
220.054500,-6.390478
219.474400,-2.493956
222.627000,-6.212215
221.336400,-6.311413
225.019200,-3.560560
223.723900,-2.938821
227.607200,-3.817005
226.293400,-3.379991
228.558000,-5.658082
229.975000,-5.219356
230.546300,-7.021706
233.037900,-5.705338
234.219900,-4.560230
234.497900,-3.405423
239.057300,-5.733679
235.438300,-4.424164
240.098800,-3.442055
237.753800,-5.190814
243.441400,-0.830480
242.144800,-5.735768
243.117400,-9.080822
244.410700,-5.556038
247.093900,-4.649559
248.450300,-1.263037
250.462500,-6.670167
251.664900,-4.497980
250.455700,-4.997012
251.802400,-1.927676
252.763000,-6.222233
256.686900,-5.423181
253.915300,-5.677351
258.023700,-3.051647
258.264900,-4.144260
259.271100,-3.306561
260.474700,-3.898234
259.641400,-6.097966
263.881900,-3.144216
265.470000,-5.727156
266.516200,-1.567458
266.361600,-3.739330
268.822600,-3.139839
268.959300,-1.846540
269.960500,-2.594963
273.198900,-4.487214
271.429800,-5.678725
274.213300,-5.234395
277.129300,-5.492171
276.392800,-7.850795
279.727800,-5.812893
282.012900,-4.632630
283.567300,-5.132582
281.026100,-5.481472
279.852700,-4.638975
284.191300,-4.178903
286.053700,-5.558788
285.985500,-4.051443
288.562600,-4.357786
289.513200,-6.348203
289.664800,-3.746965
290.850800,-3.960200
294.802600,-4.608936
293.599900,-5.101240
299.544000,-6.036613
296.008500,-4.302327
296.781700,-3.368040
297.956700,-3.507356
300.054500,-3.235298
302.334700,-3.945534
303.188200,-5.286385
303.009300,-2.823262
305.217900,-1.821777
305.194200,-3.996432
309.177600,-6.729582
307.431700,-2.698974
307.165200,-5.230926
312.452800,-3.740113
311.328500,-3.128058
0.363678,-1.869679
3.085416,-3.984164
4.555649,-3.877893
3.864904,-4.981770
5.855954,-6.577563
6.586308,-2.785224
9.397607,-3.416292
10.067180,-1.941712
14.588320,-3.778330
11.316900,-1.964812
12.684780,-1.963206
15.035520,-2.549139
18.351850,-3.443300
17.984970,-2.356647
17.148180,-3.741226
20.805860,-2.125267
20.599600,-3.418950
21.525220,-4.539751
25.006540,-5.755392
21.545120,-1.068173
24.927810,-2.949886
25.198630,-4.372063
28.203420,-3.863629
31.231180,-5.511297
30.975370,-3.311749
34.751460,-2.015545
31.720690,-4.296310
35.149010,-3.328247
37.330330,-4.060367
39.862720,-5.546670
37.696850,-2.745888
38.527820,-3.624875
42.819980,-2.066681
39.724660,-3.329831
42.990540,-4.350959
45.360870,-2.718290
44.127960,-2.134416
46.419510,-3.289405
45.396890,-4.091982
47.953780,-4.550516
52.463520,-2.566788
50.950540,-0.857209
49.318090,-4.613457
53.515490,-2.948323
57.347250,-2.227773
54.604670,-5.065110
56.682190,-3.481641
61.979460,-3.901939
58.428140,-1.100878
61.936230,-0.108967
63.126170,-0.022373
62.815480,-2.531332
65.560830,-4.170267
67.012760,-2.228184
64.880450,-3.169858
69.174800,-3.666781
69.271310,-2.391865
71.782430,-3.979182
70.547390,-2.990260
73.945140,-5.906085
77.935610,-2.692267
73.922450,-2.982424
77.070990,-5.964177
77.238790,-3.684548
79.996430,-4.025645
81.667510,-2.073369
81.072330,-4.962155
83.993320,-2.516163
84.897580,-3.491668
87.321810,-3.548170
86.098650,-2.825718
88.545200,-2.930670
85.859750,-1.258346
90.863140,-3.133085
92.437920,-1.542578
95.369150,-4.527692
97.300120,-1.677751
94.294200,-3.607499
96.063500,-2.075266
99.076330,-3.857391
99.301040,-2.534674
100.184500,-1.777455
102.741000,-0.728615
103.125000,-3.096480
104.244600,-0.342574
106.185200,-5.277776
105.745500,-0.903383
107.392800,-2.479125
109.605500,-1.869392
112.092400,-1.831967
113.447100,-2.046007
111.817300,-3.605103
115.346800,-5.408728
114.519800,-4.234605
119.682800,-1.686403
117.758100,-2.563066
116.694500,-3.182830
121.737300,-6.776605
120.075500,0.635376
126.710400,-5.536516
120.396100,-5.586460
123.479900,-4.202805
124.713200,-4.421484
126.662500,-2.748223
129.151200,-3.009787
130.891100,0.429896
131.843900,-6.445731
133.156900,-1.887114
134.861300,-3.841245
135.320300,-1.556817
135.756100,-2.742198
138.398500,-3.255780
140.435500,-1.322795
141.920000,-2.929374
139.752300,-3.592883
142.353900,-4.233014
145.472700,-3.787577
144.288200,-3.547429
146.643400,-3.352863
150.148800,-2.136164
151.303800,-4.361139
147.585900,-4.646361
150.040800,-4.471377
149.808800,-0.911027
153.894400,-1.631386
154.433400,-0.652253
156.445300,-3.182726
155.450700,-3.998447
160.358000,-3.690497
159.066500,-3.470802
161.387200,-2.713741
161.714400,-5.951708
163.827900,-3.018706
166.401700,-3.901040
167.313900,-3.031782
169.994600,-2.874709
167.732400,-4.373586
171.778000,-2.852474
172.601000,-3.820507
174.050400,-5.990386
172.453500,-0.415156
173.173300,-2.686837
175.973100,-3.303446
176.295100,-4.769131
179.515900,-3.454903
180.108800,-4.695517
181.853200,-2.119733
181.110800,-3.527109
183.780000,-5.627423
181.673800,0.667687
186.327000,-3.792951
185.439000,-3.030143
190.800700,-2.387885
187.913000,-2.196637
191.517400,-3.654169
193.949300,-2.464045
190.513000,-1.101581
191.926300,-4.877630
194.501100,-1.166002
199.399700,-4.436662
201.830500,-3.779738
198.522200,-3.104235
199.455900,-0.812422
203.313600,-1.432561
205.376000,-3.046855
206.867000,-6.241848
206.496700,-2.471060
207.661200,-2.470962
205.560800,-1.743443
210.722500,-4.078913
210.504400,-2.627929
211.989600,-2.158527
212.989100,-3.256303
213.553800,-5.872034
216.814200,-5.700485
217.490800,-3.625608
221.393600,-2.146066
218.273100,-2.200033
220.587200,-5.140974
224.251200,-6.345820
222.383500,-2.922596
225.891800,-4.558981
224.841900,-5.255734
228.815300,-3.294319
226.452800,-2.271971
231.885600,-2.549230
232.033900,-1.245324
229.835700,-3.980091
230.287700,-2.773426
236.062300,-1.326408
233.165800,-4.183326
236.997900,-3.831818
238.050200,-2.966609
239.298600,-2.641207
240.865200,-4.371565
243.359000,-4.695254
242.285700,-2.363901
244.610400,-1.704712
243.876200,-3.066498
247.722500,-2.117234
246.603300,-2.157691
248.256300,-3.959700
250.732700,-1.224610
250.841500,-3.667181
254.197200,-4.431935
253.084900,-2.218139
253.552000,-3.420511
255.249200,-3.528792
257.774000,-5.166469
257.004000,-3.775797
260.269000,-2.200725
263.547100,-4.459739
261.511800,-3.085919
262.663000,-3.645550
265.687600,-4.631409
267.611000,-3.664362
266.697500,-2.672184
268.722700,-4.414241
270.114900,-5.199230
271.162000,1.330046
274.572400,-2.528359
272.472000,-3.408384
273.331900,-2.278998
277.875200,-3.294889
277.019600,-2.553663
278.291300,-2.157457
280.743000,-3.959506
282.235400,-0.855187
277.717700,-4.403749
284.684900,-1.824168
286.749600,-2.889282
283.039600,-3.912497
287.254600,-4.893504
288.829100,-2.800592
287.619500,-3.593426
291.709800,-3.221555
290.432300,-2.619898
293.775900,-3.792578
292.872700,-2.704578
293.767700,-0.229797
297.022500,-0.644067
294.172100,-2.586902
301.123000,-3.571045
299.863600,-2.127741
303.713700,-3.986363
301.165900,-4.690166
304.484300,-2.907368
306.624400,-3.985456
303.828900,-6.504027
308.751900,-3.124330
309.748800,-1.149517
310.088400,-3.475673
313.701500,-3.793381
0.871277,-3.547665
1.336216,-2.414261
2.069179,-0.500277
3.653825,-2.569862
3.453341,-0.992374
5.789429,0.815198
5.215897,-2.808883
8.885403,-2.269282
7.656571,-2.296906
10.655810,-3.181123
13.694950,-4.709702
11.382600,-4.226950
14.108540,-0.421302
13.968770,-1.733706
19.420100,-1.535494
15.977610,-1.642276
19.165390,-5.213783
19.462360,-2.743379
22.376150,-2.011182
23.233180,-3.027733
24.034630,-3.866757
26.175670,-5.198938
27.425220,-1.683052
28.605550,-2.535868
29.775650,-1.611683
27.669210,-0.220437
31.032830,-2.193286
32.239940,-3.115963
33.679910,-1.472765
33.677270,-2.894570
36.980830,-1.657653
39.182070,-0.629955
39.193940,-2.278260
41.650460,-1.190439
40.374400,-1.747077
43.025920,-0.968213
44.214200,-3.576900
46.711200,-0.781985
47.607480,-3.307598
48.448880,-2.278745
49.635500,-1.455065
49.681810,-2.721531
50.785430,-2.201478
51.506930,-3.234436
55.324740,-0.497508
54.815020,-1.538415
57.206970,-0.905965
57.066230,-4.729398
58.010690,-3.498568
60.184800,-2.216112
60.837960,-3.195653
62.688670,-1.247524
64.118550,-2.001761
65.697650,-2.223963
67.894970,-4.496898
69.765670,0.826958
68.043610,-2.966799
71.808170,-2.467192
70.716990,-1.751992
73.320650,-1.910885
75.061050,-2.313219
77.112540,-1.039911
75.564390,-4.550291
75.780270,-0.895971
79.447240,-0.446639
79.536690,-1.693372
82.952380,-1.245166
81.550730,-0.568203
88.163260,-1.642681
85.068270,-2.202185
86.036270,-5.275880
88.507580,-4.461535
90.901400,-1.817140
89.390110,-1.554599
91.464290,-0.617759
89.810560,-3.958571
92.083610,-2.815430
93.378560,-2.525754
95.726490,0.535544
100.397100,-0.647768
96.336490,-0.704598
100.318900,-3.262756
100.398700,-4.559059
102.703600,-4.297475
103.928800,-4.117138
106.217700,-2.218088
104.418900,-3.009606
107.819000,-0.095006
110.693300,-4.092324
108.314400,-1.517464
110.941800,-1.318570
110.993800,-2.664154
113.602200,0.192399
117.883300,-3.794191
120.543000,-0.738559
117.888500,-0.589556
115.276300,-0.574906
118.415700,-1.656313
122.024300,-2.748853
120.761300,-2.191873
123.557900,-3.086072
124.280200,-1.986717
125.544500,-2.106865
127.324200,-1.588732
127.266800,-0.303299
130.279800,-3.597173
130.055800,-4.878568
130.220400,-2.085886
132.016300,-1.827472
134.174500,-2.696171
137.105200,-2.908746
139.396400,-2.357697
137.269700,0.184023
140.648900,-2.657138
141.078500,-3.894288
141.701300,-0.474401
143.887400,-2.135917
143.122100,-3.174931
145.146700,-2.591037
148.653200,-1.894048
147.421600,-2.314559
147.488200,0.056166
147.204100,-1.103224
152.066500,-0.427649
152.305700,-3.357810
154.507200,-6.033572
156.132400,-2.107821
156.658100,-0.930938
157.383300,-2.013759
158.668300,-2.042323
160.058800,0.352590
160.768500,-1.526973
162.075400,0.610580
165.195900,-3.384536
162.698300,-2.375240
165.969200,-1.212690
167.131600,-1.724297
166.125000,-2.530987
170.270200,-1.166845
171.096200,-1.963838
170.101100,-4.532519
173.916600,-3.678658
173.906500,-1.667693
178.882500,-2.014535
177.246700,-2.151359
178.206400,-2.907225
178.157800,-0.816686
179.005600,-4.888580
183.572900,-4.409265
182.881800,-1.223063
183.480700,-2.179278
184.219000,-1.024395
186.428300,-2.223211
190.310200,-3.634890
189.280800,-0.196509
191.862400,-1.398378
192.395500,-2.524254
195.972300,-3.388651
194.878600,-3.150181
196.730100,-4.212157
195.619100,-1.108682
195.785300,-2.227828
198.607300,-1.760213
201.997800,-1.435803
199.758600,-3.177829
204.199700,-3.693554
203.511500,-4.924167
204.277600,-2.328244
206.472100,-4.955169
209.540400,-3.705058
209.021000,-2.548010
209.703000,-1.434390
211.680200,-3.310802
213.352100,-1.910524
215.995100,-0.817723
217.095800,-1.344808
219.803000,-1.328712
215.924800,1.697409
216.000500,-3.318958
220.200100,0.213575
224.939800,-1.947542
221.359100,-3.795847
223.652700,-0.801284
224.643400,-0.282230
226.673600,-1.174866
227.656400,-2.697985
228.905800,-2.126298
228.799300,-0.861948
231.093600,-0.262352
234.849500,0.538758
235.805100,-2.893335
234.652300,-2.119256
238.436600,-1.695371
237.029500,-2.228072
239.720900,-1.437627
240.853400,-2.075881
242.707900,-3.561555
240.666700,-0.562474
244.150800,0.034049
246.059700,-3.870500
245.478100,-2.748128
249.611500,-3.612105
249.545900,-0.921417
251.710300,-0.586440
250.461600,-2.444863
252.065100,-3.238493
254.311800,-2.398024
256.423000,-1.324264
255.311600,-1.860740
256.336000,-2.701561
261.571000,-1.719042
258.726500,-1.864341
264.037100,-1.882177
262.721000,-1.343536
263.411300,0.597550
264.427700,0.091554
267.101500,-5.012697
267.776300,-2.250566
269.944400,0.219640
270.262900,-1.344867
273.989700,-1.192701
272.198200,-2.195303
274.871400,-4.086142
273.766600,-3.453841
276.793800,0.506824
275.179300,-1.424193
279.638200,-0.108596
280.542400,-2.651231
281.177700,1.895376
281.726700,-3.344030
283.230600,-1.694154
283.891400,-0.629552
284.866000,-3.287386
288.568600,-1.598492
287.447800,-1.911276
289.815500,-1.488804
291.624300,-2.104703
293.589800,-6.634347
292.481400,-1.250739
295.209700,-2.122782
297.204700,-4.464250
297.496200,-1.989551
300.044400,-0.143825
298.762200,-2.539153
304.443100,-5.061903
304.618500,-0.825331
302.251800,0.520271
301.451800,-2.392925
305.915500,-2.914860
306.466500,-1.761980
307.490400,-1.133210
310.801900,-1.912734
308.439500,-5.344927
311.876700,-1.600694
312.856400,-2.485469
0.633600,3.332956
2.341384,-1.742173
4.676139,-1.507845
6.935878,0.261367
4.893131,-0.237091
8.326543,-1.241625
7.049176,-1.173582
8.159052,-0.116605
10.745140,-0.584789
11.983520,-3.034003
15.080950,-0.973169
13.029130,-0.713050
17.098230,-1.376975
17.687450,-0.176107
18.307970,-1.170024
19.902060,1.903961
20.333040,-0.666961
22.704270,-0.499051
24.235420,3.003232
24.372030,0.419565
25.356770,-0.318823
26.440460,-0.908911
30.914590,1.336818
28.557420,-1.252846
31.794590,-1.203550
30.710130,-0.931277
32.708160,-0.561545
37.855290,-0.627125
34.746610,-0.697923
35.819690,-1.060300
38.252270,-1.673304
36.496830,-3.184818
42.069300,0.029706
45.461600,-0.140662
41.766220,-2.484303
44.329430,-0.797046
46.509020,0.580615
43.321920,0.110076
46.275830,3.079733
48.325650,-0.974824
51.116250,0.375473
51.958190,-1.567827
53.344810,-1.578963
56.154740,-1.294028
53.774220,0.624986
55.068130,0.592777
57.182040,1.447712
59.732090,-1.040200
61.606950,-2.285325
61.087540,-1.093623
60.573530,-4.283893
64.445090,1.933609
65.182180,-1.048550
66.372410,-1.205222
68.018070,-1.350333
70.629490,-0.478271
69.548300,-1.238947
69.100130,-0.196673
71.871930,1.457308
74.087970,2.374082
72.150370,0.118447
75.731700,0.671734
76.700520,-2.226515
78.171590,-0.254611
79.126530,0.802508
80.471380,-2.582001
82.569130,-0.108128
85.946110,1.429342
84.242320,-1.236446
87.137120,-2.188998
87.106320,0.502222
88.503300,-0.414082
89.896160,1.668125
91.940140,0.533174
93.907710,-1.122551
94.669940,-2.390064
97.038180,0.439460
98.495380,0.304560
96.423270,1.582054
99.207820,1.354758
96.896750,-2.921827
101.226900,-2.389124
102.675100,0.569699
101.403300,0.277995
106.701700,-0.039865
104.851200,1.146880
104.952400,-1.859438
108.423100,-2.993749
110.022300,-0.558873
112.703600,-2.920224
113.009400,-0.964365
114.264500,-3.054962
117.718800,0.644638
114.126600,-0.890927
111.170900,1.157664
116.789800,-1.540568
121.738000,-1.265082
119.190000,-2.701709
122.423800,1.200162
122.985300,-1.721653
125.097200,-0.913623
123.603200,0.628652
128.357000,-0.941276
128.373200,0.289940
129.162900,-1.718491
129.647400,-0.446591
131.008700,-1.084960
132.592500,-3.027186
134.704100,0.949019
134.036500,-1.180564
136.844000,1.519375
137.534300,2.559429
138.829100,0.331484
139.241500,-1.063803
142.583000,0.425140
141.527700,-1.740434
143.854500,1.332006
144.781700,0.032658
144.778400,-1.296671
145.852700,-0.878083
150.688700,-3.307803
151.107500,-1.258051
150.825100,-0.042276
151.509800,-2.376286
155.273600,-1.390661
156.834700,0.377978
152.596100,-1.662320
158.013700,-0.619127
157.768200,-3.283956
162.026700,-1.353940
159.915400,-2.441469
164.755700,-0.950071
164.077300,0.001160
166.380200,1.095762
166.880000,-0.197137
168.027100,1.155899
168.162300,-1.070942
171.378200,-0.732666
170.699900,3.309882
170.381900,0.054835
172.544100,-1.574552
173.860000,1.163506
175.960300,-2.003513
175.063400,-1.096998
180.546700,0.028271
184.792700,-2.115351
181.687500,1.920622
183.845800,1.032484
183.039300,0.026982
185.656900,-1.229149
185.558600,-0.064817
189.389800,-1.592024
188.324000,-1.157425
190.336800,0.177145
188.348300,-3.393998
191.448300,-0.329331
193.888400,0.239793
198.009400,-0.579215
193.214700,-1.236500
196.995500,0.201432
196.729600,-0.966392
201.185300,-2.562568
199.825500,-2.055812
202.425800,2.181859
202.605900,-0.265989
204.747000,0.344174
205.807100,-0.446638
203.724300,-0.203967
206.413100,2.009726
211.013700,-1.251814
211.397600,0.133529
212.341900,-0.939009
212.618800,0.280494
214.979500,-0.269546
214.609400,-1.505295
216.994000,-2.496813
218.322200,-0.992931
222.457800,-0.608633
220.532000,-2.861501
221.279500,-0.944769
222.955500,-1.777496
225.709500,-0.612744
224.212000,0.749159
226.583100,0.131638
227.347300,1.135015
229.858100,-0.113512
227.679200,-0.265334
231.001200,-1.678430
231.780000,0.999105
232.194400,-3.626568
234.708400,-0.847741
236.812400,0.245058
237.526200,-0.836980
238.618200,-4.105943
241.539200,0.506746
242.879300,0.441119
242.089600,-0.955864
245.734900,-5.093888
247.188300,-3.236291
245.950900,-1.248061
246.581500,0.201022
248.195500,-0.019295
248.872300,-2.530518
247.800000,1.231147
256.861800,-0.076657
251.760800,0.655443
257.325200,-2.179414
254.106800,-0.834040
257.574400,-1.091283
260.072300,0.304124
258.277400,-0.223582
261.023700,1.160421
262.747900,-2.462789
265.545200,0.130000
263.628300,-0.689914
266.934800,1.899445
266.549800,-0.362669
265.171100,-1.117698
271.161800,-2.827962
267.807500,-0.832238
271.510000,-1.259148
273.424400,0.043342
275.771700,-2.880526
277.328300,-0.961464
276.286300,-1.663814
276.394800,2.038265
280.054800,1.285093
282.677200,-2.732055
283.333600,1.687128
284.919400,0.362618
286.225300,-1.552261
286.634800,-0.450846
285.689100,-2.533574
288.604500,0.547125
289.073400,-0.551865
290.975400,0.139557
293.563000,-1.541508
291.748100,0.945787
295.388500,-0.094707
296.304800,-2.354976
297.624300,0.299879
298.322400,1.174834
298.531600,3.394578
302.528400,-1.615492
301.595900,-0.690109
303.211400,-0.488654
300.466200,-1.183529
304.382100,1.601075
309.791800,-2.395573
310.885000,0.620350
308.601300,-1.827689
309.599000,2.974491
308.639300,-0.472307
312.611400,-0.756722
0.933215,0.227507
1.068645,-1.000878
3.989998,2.483360
5.490215,2.127116
3.905088,0.289242
6.820313,1.832041
10.425340,0.813110
11.495170,1.542698
9.606771,1.925207
11.992480,0.385040
13.370170,0.534434
16.146620,1.004330
15.006040,0.445895
17.265270,0.891736
19.069180,-0.194352
16.297500,-0.291369
22.163190,1.106253
23.285310,0.688781
24.040750,-0.649924
23.723500,-1.845378
25.352830,0.957968
26.769640,2.178476
29.372130,3.490840
27.471330,1.216681
30.019750,2.386440
30.337350,0.124261
34.389020,0.745283
33.031320,0.728209
35.593610,0.226622
36.780710,-0.243062
37.684940,1.735376
39.819440,2.521377
40.548890,-0.038957
41.611350,1.205192
41.081900,2.492978
44.175010,1.841060
45.531850,-1.452164
47.653840,0.054145
46.957350,-2.071003
50.091930,1.159556
49.802400,-0.185983
47.672050,1.292205
51.657450,1.535408
56.424280,0.209267
54.179790,4.862994
55.894040,-2.435237
59.695670,1.180073
59.081810,0.073253
57.782490,0.203638
60.513400,0.220754
61.545620,0.964624
64.204850,0.666804
66.045450,1.752580
66.816470,-0.177736
65.489420,0.352184
67.927000,-0.032746
71.004310,0.603942
72.749250,2.309875
72.006380,-1.176101
74.783350,-3.698965
74.547680,0.045696
76.889760,0.169763
77.893650,0.963852
79.213390,-2.820629
80.597820,0.535818
80.574230,-1.112736
83.635360,0.229726
82.880680,-2.390355
84.803680,-0.267126
85.933960,0.105439
88.179070,0.824412
87.122630,-0.815497
90.132160,-0.523193
92.904950,-0.308015
89.408160,0.532335
93.516690,2.040036
97.697670,-0.621427
95.183370,-1.383178
98.180980,-2.526474
94.964560,-0.285155
100.563900,1.475532
101.512600,-1.131237
99.860790,2.432317
105.666600,0.382026
103.667800,-1.799196
105.968700,1.672981
107.055600,-1.231879
109.307500,2.173843
108.921700,-0.350643
112.287700,0.724449
113.269300,1.472452
111.012700,0.048869
114.272800,3.709159
114.689400,-1.858896
118.616600,1.604259
119.245300,-0.647786
118.830200,0.392545
121.410100,0.262175
122.618600,-0.268997
127.266700,1.091591
123.851400,-0.677967
125.688000,3.970502
128.104400,-2.391603
130.662100,1.866079
133.654900,0.014681
132.416000,-0.617286
135.543600,1.902021
131.745400,1.587821
132.458000,4.014766
135.948100,0.638676
134.967500,-0.290400
138.151100,-1.994241
138.173500,1.457550
140.531500,2.234545
143.466100,-0.493340
142.527600,1.543904
142.712000,-1.688299
145.463300,1.131897
146.251400,0.168599
148.749600,2.990046
148.573100,-0.540721
149.541700,0.370380
153.289800,-0.086608
154.178000,1.388846
153.071200,1.224068
154.111500,2.504382
157.984800,1.031869
155.710600,-0.122485
159.609100,-0.907084
159.392500,1.777503
162.297000,1.823309
160.927600,1.146129
162.810000,-0.354365
164.764700,1.145677
164.846500,-2.163497
167.997800,0.036441
167.190000,2.182275
169.252100,-1.633213
172.824400,0.641751
175.220100,0.424760
173.780300,-0.368146
176.490100,0.427778
176.585600,-0.723055
179.583500,-0.945178
176.954000,2.922514
179.255700,0.346864
180.821900,-1.255204
181.828500,-0.582783
182.766400,1.328714
186.241200,0.943574
188.164600,-0.052395
187.330000,0.689458
186.913100,-0.725429
189.867000,1.351691
191.359100,0.816251
192.611000,-0.073626
191.141800,3.036781
194.917800,1.163915
195.520600,0.048529
196.316500,3.272009
197.389600,-1.994374
198.904500,0.308879
200.725100,-1.125180
202.216900,0.949396
199.456100,1.408728
203.543700,1.067319
208.966000,-0.353138
206.855600,-1.232045
208.884000,3.285544
210.208600,-0.197310
209.995600,2.611393
209.438000,0.804575
213.726000,-0.374034
214.811600,0.931954
214.410700,2.261149
216.165800,0.460718
218.695700,-3.297750
217.357500,-0.090700
220.808900,1.726853
222.142100,1.148628
222.928000,3.281641
221.463200,0.258923
226.668500,2.287702
227.728200,-1.544415
229.923500,-1.374054
227.947200,2.617772
230.381000,2.447293
232.463500,-0.128726
231.617400,2.275675
233.090700,0.966147
238.013400,0.367005
233.275800,-1.464735
237.567400,1.629370
235.754100,-0.121434
239.095300,-0.317073
239.882300,1.933370
242.229400,1.709483
245.152200,-0.464584
244.850800,2.082098
247.350100,2.541210
246.351700,1.606122
249.971400,3.385086
252.707500,0.058474
255.522600,-0.403193
251.692800,5.262444
252.846200,-1.108166
254.827300,0.685134
255.022600,2.296477
256.036500,0.957069
258.904400,0.702241
259.490800,-0.817482
262.014400,2.040493
262.104300,-0.221921
260.849000,-0.628225
265.327800,-2.592850
266.053400,1.127480
267.308000,0.626530
268.564100,0.372691
271.010900,-0.122391
272.154500,0.122988
272.625300,1.334719
272.753100,-1.053054
274.715000,-0.125897
277.823100,3.874268
274.113200,1.110305
278.077000,0.194080
278.630500,-0.933622
279.566800,-1.792088
282.144300,1.224924
282.766500,0.231138
284.641500,1.653244
283.833600,0.637560
289.861600,0.243080
287.845200,-0.537556
292.248400,-0.114489
290.297300,3.301259
292.258300,1.937845
293.594500,2.013558
294.698800,-1.126267
297.181500,1.706372
296.278900,0.782620
299.043300,-3.905439
300.967500,0.698793
298.709200,-1.053704
304.508600,0.289338
302.953200,2.069179
301.563800,2.987925
307.762500,1.383596
306.008900,-0.415188
308.503800,2.397995
308.821500,0.893089
310.954700,-0.637724
312.028100,0.196073
313.510800,0.176789
312.870400,1.368663
313.501200,-1.428252
1.937799,1.119354
2.425210,2.244514
2.757854,4.484344
3.298043,1.392807
5.970967,-0.539872
7.871644,1.119712
6.235991,3.198064
9.089602,0.784940
10.307440,3.903590
11.925410,-0.897749
12.981480,3.139436
14.884760,4.726941
14.204240,2.632636
16.987570,2.141337
18.675810,2.270900
18.895910,3.458374
20.027490,0.623703
22.025550,4.195080
21.318410,0.171321
26.422430,0.627141
25.497980,2.068127
29.609140,1.181390
31.411780,2.588233
32.229480,1.628442
28.523190,0.831806
29.150900,-0.201342
36.339370,2.357846
33.756390,-0.177131
34.938190,2.482583
37.675230,3.096370
37.957880,0.487540
36.622520,1.037140
40.373310,1.355820
40.460910,3.686244
44.348650,0.555858
45.339310,1.254595
46.386290,1.854701
45.054410,2.770349
48.802750,0.597392
48.386890,3.115396
53.013260,1.522793
50.328170,2.437887
52.460540,-0.060497
54.553420,1.678006
54.020110,-0.508030
55.831680,4.501438
60.704460,1.915468
58.704300,4.909396
58.462920,1.305265
63.008960,1.225587
62.092960,1.941422
64.134500,-0.624247
65.351680,2.808709
67.007770,0.925356
68.510550,1.078093
67.626920,2.004164
70.553380,1.744165
69.326870,2.215749
73.329520,0.997549
73.301710,-0.519129
74.652260,1.302058
73.024410,5.576696
78.255490,2.170777
77.769330,3.652023
81.293040,3.595190
82.389130,2.838040
80.070490,4.207868
83.667240,3.198722
84.615890,0.968649
89.566530,2.916643
87.315970,2.029193
88.730340,1.816388
88.861390,4.054101
91.959240,1.833056
90.764050,0.779290
94.980420,1.587107
92.607350,2.947663
94.462310,2.743750
96.981090,4.657142
97.810660,1.449889
99.803010,0.301777
102.390600,5.022701
101.743200,1.885589
104.192700,2.051414
103.750900,0.881648
106.709800,2.711076
107.135300,1.197424
109.854400,0.829535
107.976900,2.535474
113.016000,4.335777
111.999500,-0.480674
114.538900,1.192692
116.387200,2.775642
115.726200,1.736501
115.727300,0.616376
117.097000,3.786172
119.887900,1.875729
121.238000,1.786994
122.676700,2.756903
122.110800,4.079799
124.463900,4.299676
123.541900,1.898935
126.386700,5.556118
126.076500,0.005841
127.730800,2.299224
129.619000,2.266704
132.866900,2.180770
131.262400,4.018749
134.256000,2.240835
136.202900,-0.575409
136.213900,3.975701
136.902700,-1.548876
138.083000,-0.736543
139.537100,1.526800
141.680900,2.420943
141.300000,4.816815
146.314400,2.173079
146.985200,1.158031
148.385300,0.924783
147.123700,3.233058
149.434000,1.800242
151.100000,2.147791
147.846500,2.097439
152.511000,4.260446
153.276400,3.399165
154.734900,0.422534
157.452300,3.743136
157.891700,2.389974
158.936500,0.280016
160.989300,2.322815
161.174900,-0.313142
163.839800,2.361890
163.341500,1.036350
165.533700,0.066335
165.533700,2.191613
169.161400,-0.166696
169.358300,3.630308
171.426000,0.715814
169.717700,1.153724
173.308300,2.474432
172.044300,2.914119
175.052500,3.638976
176.399700,1.583032
174.778700,2.042409
177.844800,2.031297
180.461100,1.553770
183.972900,2.144504
180.647800,4.234497
184.424600,0.075532
186.304800,2.276546
187.370100,3.370028
185.876000,3.592898
187.471900,1.841917
191.130700,1.916707
188.650600,2.290963
192.405500,2.721374
192.531500,1.227531
193.610500,1.741371
197.134800,2.223410
198.544100,2.383105
201.395700,-0.016159
199.862700,2.580695
203.340800,3.126488
200.978500,1.545880
208.245300,0.706910
204.074200,2.280423
206.923600,0.441265
205.876600,0.839414
207.567100,1.598312
208.894400,1.939433
207.900100,4.124387
212.060000,1.452513
213.556600,1.062998
213.125900,2.231159
215.497700,2.906455
217.656500,3.538236
218.120100,4.725720
218.826200,0.125790
219.226900,1.393152
222.313700,2.253552
224.267400,3.179500
225.713900,3.560133
225.678000,0.982740
231.057100,3.336729
224.543300,1.817967
231.887100,5.019274
228.474900,1.438821
232.954400,2.077331
235.328200,2.525408
234.351400,4.733650
233.751200,-0.013063
236.388100,3.703488
238.918300,1.177171
241.059300,1.823515
236.614700,2.453803
240.195200,0.685231
243.327300,-1.943835
244.232700,1.149068
245.878500,2.846842
246.479700,6.550031
247.202600,-0.938767
246.701600,3.703357
249.372400,0.807154
250.896800,1.367260
253.717400,0.539644
253.761500,2.740067
252.564800,1.688568
256.287800,2.175546
258.526300,1.810766
261.198300,2.837842
259.763700,1.473366
257.914700,3.731931
262.313900,0.961198
261.788600,4.031856
266.587200,4.001343
264.557900,1.345333
268.147500,1.596410
268.914300,2.528227
269.390500,1.259473
270.134700,2.094059
273.443500,2.292820
273.377900,4.903411
274.439200,4.251496
278.785400,1.248277
281.695800,-2.005945
277.548900,1.431822
281.387700,3.253212
279.090500,3.886169
282.393100,2.510447
283.844200,7.366125
281.192800,0.298830
285.364400,-0.665165
286.027400,0.850924
285.765500,3.488571
290.635200,1.806312
291.001000,-1.011716
294.705400,2.666147
291.475800,2.949045
294.675200,1.118155
296.051200,-1.201393
297.983500,4.483347
298.883300,0.191138
300.703900,3.962933
301.790000,1.692544
303.395700,0.833037
300.671500,1.973242
305.456800,0.911386
305.563600,2.218236
307.493200,0.142482
306.570700,1.028453
309.805400,0.119223
312.102600,2.518649
311.507100,1.552553
313.532300,2.502324
0.702577,1.425012
2.787872,0.357421
2.161478,5.566991
1.702451,3.812859
3.828583,3.789886
4.581326,1.240146
8.403955,6.282139
8.385424,2.281190
11.589370,3.941918
10.658410,2.577820
14.020130,3.874426
12.874200,1.755077
14.207650,1.433555
18.515310,1.055855
15.391780,1.970186
17.818270,3.074902
21.295560,5.476895
21.026170,1.440243
21.468070,2.674055
23.429760,4.269433
25.704340,3.303742
22.782900,3.188213
28.375560,2.286907
28.145060,3.577496
26.143620,4.546427
32.806820,2.818744
31.693600,0.232451
32.042480,3.769306
34.018540,3.311267
35.378450,1.452642
35.986960,4.678331
39.161200,1.011174
42.318910,2.305423
38.919310,3.811366
43.441330,2.954252
42.014240,3.519660
44.359000,3.916440
47.151710,4.962123
45.738370,4.239900
48.964530,1.994260
48.477210,4.330719
51.498430,2.896844
49.508220,3.491619
54.674030,3.788761
53.946610,2.716067
55.364790,2.816101
55.899620,1.587934
56.632630,2.890531
58.054700,2.560213
60.376740,3.278828
60.942780,6.627651
63.019450,2.841223
63.168230,4.105230
63.382940,7.111564
68.194380,4.123983
66.692210,2.976683
71.148400,4.119800
71.037030,2.754471
70.341870,5.123930
72.150280,3.339365
76.091420,5.882710
76.976560,2.671299
82.049690,0.884112
78.084820,7.392989
80.325030,2.943259
76.770360,1.477143
79.789260,1.871866
83.137790,1.725204
86.133740,2.736253
84.708970,4.473408
83.509280,4.451533
88.637720,6.153120
87.297130,3.719713
92.189420,4.423511
90.774120,2.399214
94.790860,3.848153
93.780910,5.078810
92.973980,0.980199
97.111910,2.475898
97.272190,3.581508
96.077250,3.918099
98.625240,2.355489
102.234800,3.408181
103.438700,7.589302
102.974100,2.035470
105.224400,2.726660
104.692300,4.118418
106.004400,3.757182
108.673000,4.548287
108.494300,1.076511
110.589600,3.238554
110.516200,2.066463
111.335700,4.394298
113.479500,2.704621
115.522300,8.362465
119.041700,2.887571
117.767500,2.705851
116.982200,1.515429
120.878700,4.355326
124.758100,1.657101
120.340500,3.030204
125.913000,1.140634
124.837800,0.340205
128.810700,3.040018
126.008400,2.366931
129.129100,1.242053
130.214500,3.412210
133.533400,3.363137
133.528700,1.224241
132.430900,0.647874
135.111100,3.201270
136.296100,5.092224
139.683700,3.189628
138.613800,2.858257
140.154500,0.022671
142.024500,3.642632
141.147500,1.024538
144.097300,3.178205
144.900400,2.198259
144.958700,4.149792
149.335100,4.311792
151.905200,0.877569
150.549100,1.129755
150.078400,2.940768
155.539800,1.490066
151.498900,4.775589
157.076200,4.871586
156.513200,2.827672
158.708100,3.403935
161.018900,3.546839
156.839800,1.625951
159.703100,4.269965
164.903000,4.840506
162.401200,3.041427
164.873000,3.348531
168.569600,2.313463
166.399500,3.163442
170.512900,4.685839
169.825200,2.419059
171.040200,1.986845
172.956800,4.092148
172.344000,1.678477
175.765900,2.637166
174.720700,6.077741
179.088000,1.617099
180.115400,2.877590
181.407300,3.117245
179.331000,4.174879
183.013200,4.867505
182.805500,2.596825
183.384700,8.022374
185.150200,2.526373
185.121900,1.255275
188.514100,3.448856
190.526300,4.028412
189.862100,2.796386
191.721000,4.100107
194.144400,4.343828
195.758500,2.233925
195.377500,6.324194
195.048400,3.454656
202.255600,3.401421
203.744200,5.516110
196.340200,1.157060
202.236200,7.587241
200.185900,0.298181
205.023800,1.636852
206.713000,3.500776
207.738300,2.785647
207.725800,-0.402426
210.498700,1.317387
212.190100,3.042225
211.120100,3.690477
214.490400,3.652736
211.188300,2.376027
217.571100,1.215443
216.104700,5.486943
216.963300,2.445730
220.759200,5.408915
218.323800,2.425478
220.579000,3.226805
221.697300,3.186390
221.390200,6.876345
225.515000,2.374305
224.806900,4.491304
229.540100,4.862435
228.776400,0.360402
230.233100,1.155346
230.018800,3.754608
232.016400,3.908967
232.875000,3.193398
235.703400,4.916468
235.932000,1.306599
237.652400,3.303118
240.373000,3.075379
241.342300,4.281456
241.812900,2.952038
244.682800,3.255857
243.199800,5.034577
245.346000,0.797916
243.965000,4.169909
248.349000,3.604989
249.498400,4.607213
250.546900,0.071031
251.578900,3.879857
251.323600,2.605141
255.842800,3.454492
257.425000,1.147693
258.343100,4.766235
260.463400,3.962162
258.684800,2.919255
259.244700,3.980685
264.180300,2.948035
258.785000,6.638659
263.325800,1.891328
265.422000,2.267810
266.394800,2.898131
269.127200,-0.713410
265.367500,3.625611
269.936200,3.210378
271.075600,2.697451
274.987700,2.044869
272.174300,2.907624
274.275900,3.080667
273.150300,3.687066
275.537900,0.880467
283.635700,3.038244
277.885000,2.635823
280.216500,2.736549
284.766600,2.882351
285.827300,2.209895
285.053600,5.477134
288.027300,4.206225
289.442900,1.503818
289.182400,2.878706
292.581300,4.099568
293.086400,0.871571
293.709000,3.338012
292.648000,2.983344
297.216600,3.014992
295.913400,2.119885
295.665700,3.492188
296.710000,4.134577
299.603200,1.309488
299.302900,6.513301
303.097600,4.786738
302.900500,3.495966
306.965900,4.433033
304.083300,2.827675
306.303600,3.372959
310.848700,2.812711
306.923600,2.265583
309.960300,1.640828
311.428000,4.019391
312.694200,3.468346
313.768200,3.778862
0.556195,5.622463
5.802607,4.472787
5.002373,3.323840
4.683939,4.509060
7.407043,3.029953
7.021031,4.281369
9.335052,5.010048
9.325834,3.255590
11.303790,8.212070
11.908680,2.692480
12.681820,4.353392
15.556520,3.270751
16.069640,4.455934
18.030950,4.363992
18.602610,5.489595
19.445480,4.450697
20.558380,6.693050
23.901300,5.459425
23.072440,6.548355
23.010870,2.031590
26.417420,5.851788
27.620120,6.097788
27.023460,3.422898
31.107630,5.680159
28.783420,4.638700
32.384290,5.341413
34.565390,4.565302
36.866450,5.622038
34.499180,6.695112
36.569550,3.595056
38.704800,2.410827
37.502740,4.439194
42.216600,5.592054
41.397560,4.618432
43.059770,4.615657
44.462550,5.210568
47.272970,3.770001
45.981330,5.557100
47.455660,2.492963
49.717770,5.058853
50.685290,3.859200
53.359580,3.842679
52.658410,2.759683
52.920070,5.006094
54.503660,5.934848
58.836850,6.488943
58.999890,3.635859
59.395030,2.404176
61.565450,2.928737
57.866120,5.818717
61.197510,5.337510
64.397770,3.749540
63.791520,5.407470
65.730380,3.940897
66.860410,5.652117
69.750890,3.483572
68.146830,3.005199
71.625180,5.464088
72.565090,4.473729
75.625470,2.260844
74.481920,6.000125
74.847240,3.522136
78.688270,4.586075
76.242390,3.706398
81.249170,5.019598
79.073310,3.256055
82.653590,5.388811
81.372850,2.004729
85.938130,4.063494
84.964710,3.279847
86.723410,4.919976
88.266630,2.930615
89.518360,5.174304
91.854660,6.475678
88.843530,7.730428
95.056510,4.936311
93.534500,3.683928
92.638830,5.679782
97.528810,5.627055
98.382240,3.448599
100.797100,3.247828
100.436600,9.266334
99.490780,3.601258
103.770200,3.118900
103.652300,5.315903
108.971600,3.419371
107.394400,4.179809
106.856900,5.999524
112.130000,3.398226
109.984700,4.493454
111.953500,2.164953
114.394000,4.854324
113.292100,5.896261
114.990800,2.698169
118.331300,4.233098
115.707900,4.039971
117.825800,6.960882
119.608200,4.045892
122.260800,5.359280
123.261400,4.067276
124.386900,2.980393
127.543500,6.199163
125.107500,5.382905
126.862900,4.433021
127.973600,3.796883
129.164900,4.576362
131.812100,5.153029
131.805000,2.892754
133.351100,4.814602
135.234500,5.443007
137.855500,8.217082
140.884600,3.490509
138.765200,4.460059
142.944200,2.735892
144.014200,4.751858
141.186900,6.285264
145.157400,5.517952
148.063800,5.404840
145.657800,3.217656
147.163800,4.519271
150.353400,5.238593
149.232500,5.597491
151.659500,3.318110
154.540700,3.961865
152.505700,5.540397
155.291800,2.952997
153.622900,4.812801
156.071900,5.681170
158.505400,5.083969
162.075100,4.238998
159.884600,2.974841
162.861000,5.035846
163.606700,3.925509
165.780700,4.151994
163.227100,6.250267
167.640500,5.078542
168.996600,4.921360
167.934500,3.614828
171.657100,4.095556
173.963600,3.381918
172.153000,5.150885
177.950300,3.582088
175.473000,4.860399
178.860600,5.756338
176.963900,4.587870
180.044800,5.329426
178.880400,2.866093
184.281000,3.327286
184.040100,4.420937
181.245300,5.846309
185.036000,6.282018
187.824200,5.967215
188.372400,7.182020
190.977800,5.150040
189.431800,7.840158
193.644200,3.147742
194.578400,2.354386
196.777600,4.292253
195.530200,4.671685
196.613700,5.399285
197.927400,4.670619
200.906400,6.533787
199.244400,3.747737
201.702300,4.374984
200.975300,3.164271
204.484900,3.690491
203.274400,4.345653
209.977900,3.865209
205.795900,4.335465
210.369000,6.676618
213.860000,4.942030
210.499500,7.875581
215.376000,4.528700
213.766100,6.360032
213.343100,3.517713
216.384500,3.589646
220.098200,4.301880
219.586900,2.708140
217.922800,6.700064
218.926300,3.834559
223.298100,4.514099
223.031100,0.468119
225.530900,7.638175
227.213000,4.987367
228.193600,4.192795
224.306700,5.549749
228.316600,5.574073
232.294800,7.191332
234.281200,1.616101
234.042600,3.181134
238.109400,4.516937
235.151000,3.772851
239.199200,5.100089
240.399600,5.362489
239.100800,3.747727
239.792100,7.742364
242.814800,6.200506
243.394700,2.946419
244.212900,5.511483
248.741500,2.287042
247.564200,8.614019
250.214900,8.061200
245.329400,4.390736
250.619800,4.546283
252.711700,3.283791
254.292800,3.871373
256.266700,6.845612
257.806500,5.749009
256.873100,4.405281
257.316700,2.777839
261.742000,5.960679
259.939700,2.626208
263.232000,4.164500
265.979600,5.085302
264.498500,4.505334
267.535500,4.596945
267.643000,3.028704
268.724100,6.093405
271.013900,3.974229
269.727900,4.309008
271.980600,4.830167
275.890400,5.798928
276.694400,3.372022
275.483000,3.239117
278.069000,7.559596
279.046000,5.256007
282.587600,5.192136
280.346300,3.989796
283.707800,4.616180
281.457200,4.578551
282.574600,3.846699
284.819300,4.160684
286.258900,6.133211
287.012100,1.989374
288.235500,1.748652
289.621400,4.464532
290.739400,5.311022
293.223300,5.144438
291.981000,5.283162
294.646600,6.852639
299.852000,2.900773
298.528500,2.274981
297.943500,6.122618
299.464200,4.188230
301.837000,4.581497
304.232300,5.433300
304.167500,4.145017
305.569100,4.725761
307.583300,3.315908
308.590300,4.046707
310.832200,7.250800
310.007000,4.198744
309.086500,5.496040
313.836600,4.895868
1.298642,2.433275
2.829036,3.288429
1.600494,6.540005
1.182794,7.734352
4.990993,5.583138
5.274575,7.790687
6.371967,5.684482
7.414756,6.807573
9.461260,6.651803
13.139420,6.336306
12.016730,5.681195
15.211450,7.577764
15.909960,5.560191
17.137660,5.322176
17.322030,7.785493
19.807580,7.679867
20.060160,3.143741
22.584210,5.378142
24.775010,4.309698
23.541970,7.650620
25.184680,5.590573
30.628730,3.583035
27.522310,4.825516
31.263470,4.572588
30.013100,4.869934
31.240730,8.584444
33.215610,4.307871
35.297140,5.720027
33.727940,7.738984
39.382360,6.366107
38.455950,5.308131
40.853230,5.761128
39.844510,4.911962
44.933960,6.395902
40.550010,8.953659
43.018910,1.298407
43.293050,6.403564
47.483980,6.173625
48.478350,5.483807
47.859390,7.358809
51.993000,4.166267
51.017760,5.053865
52.094980,7.472232
56.732460,5.988254
54.937070,7.115332
57.550490,3.796265
58.534130,7.705031
62.461010,4.981840
59.919490,5.847995
61.677230,4.042747
62.330490,8.242150
67.902050,5.204855
65.385190,5.154929
66.944560,4.313183
69.254020,4.486134
68.278830,6.496547
69.427930,7.292614
70.801470,6.821130
74.872710,8.942416
74.035200,4.672606
77.338260,6.193566
76.715450,7.186248
77.145060,4.912900
78.390720,9.013548
80.659760,6.189581
82.760930,8.793731
82.390520,4.128037
83.149780,6.577195
85.674450,6.945847
85.463860,5.569292
87.959240,5.212394
89.710150,6.464077
91.387420,7.831178
90.992740,5.429857
93.749600,6.578926
93.546030,8.068716
95.739390,2.685857
97.681190,7.364688
97.648700,8.787352
98.447300,4.646382
99.025590,7.242197
104.196400,6.488442
99.775810,4.808319
103.307700,4.159859
104.851700,7.565392
104.829100,5.364244
107.100300,7.360806
107.989200,5.542758
112.101700,5.378314
110.727400,5.794009
114.110600,6.943193
112.059300,6.647510
115.722800,5.419032
114.684400,9.410254
116.968900,4.984742
119.085600,6.593229
119.588700,5.313872
121.005100,5.605826
121.467900,3.070444
123.622600,5.330989
125.514300,6.702197
124.310500,6.374655
128.699500,6.133888
129.867200,5.950412
127.922300,5.079351
130.497400,4.956322
132.279600,6.266098
134.705600,4.446789
133.348800,5.934421
137.407500,5.219308
134.951600,7.266254
139.828100,9.764403
136.393200,2.823469
138.880600,7.012821
142.409100,6.827395
142.813100,8.249954
142.917700,4.369765
146.047300,4.436565
143.583000,7.193694
145.528400,7.831081
148.180200,4.050100
149.583500,9.042735
151.360400,6.090184
155.385600,6.733243
154.179600,7.160920
153.191900,8.024290
155.902200,4.264081
160.924400,4.730936
160.110600,5.524767
158.136600,6.701763
160.903000,6.659795
162.247000,7.023882
163.833900,7.335743
163.925800,5.377135
166.892500,4.250642
168.151300,7.266112
170.127300,5.955517
171.234300,5.790795
171.124700,7.048175
174.205200,4.684253
172.302500,6.497765
176.158200,3.810522
173.465600,7.017237
176.205800,5.848274
182.403300,7.089957
178.210800,4.729571
180.214300,7.758558
182.590900,5.904611
185.269600,4.784936
182.824800,3.743568
186.864500,4.713743
184.612700,7.568666
189.410400,4.119657
188.402400,4.836354
189.807300,5.263352
192.886700,4.191243
192.557900,6.560696
193.924900,6.578866
194.655200,7.642220
197.317700,7.353754
198.926900,5.321845
197.790900,6.034076
199.919300,5.841313
204.802000,6.239455
203.338400,7.772421
204.541900,7.383534
206.110400,7.161040
204.739000,4.945931
207.235700,6.411986
209.479300,5.798470
211.489900,5.524424
209.079400,4.622133
212.218000,4.489038
212.752200,5.747121
216.926200,7.538243
217.411100,5.703654
222.051300,5.551967
221.695000,4.305555
219.093500,5.543013
223.213600,5.793643
223.370700,1.853353
225.398500,6.070494
226.994500,3.659988
226.785200,6.340601
229.610500,6.059645
229.289800,2.205551
234.881200,5.868179
228.989700,3.313300
235.843600,9.092803
233.633500,6.146524
236.103100,7.818980
234.879300,7.106528
237.131600,6.111040
238.223300,5.863288
238.792500,2.530206
246.355800,5.216950
242.085100,5.138897
244.304900,8.393758
247.985000,7.111358
247.378700,4.595316
248.911500,6.046888
249.991000,2.105209
252.813400,6.088645
254.062600,5.459109
251.342200,6.525980
254.041200,7.059437
255.403300,4.846599
257.443900,6.839101
252.916900,4.641823
260.864600,5.167120
259.461000,5.302434
262.685900,3.043718
262.443700,5.089205
263.126500,6.682255
264.075600,7.924399
267.383100,5.917961
264.704000,5.799386
268.649400,3.769676
269.638600,6.740020
270.173000,5.333558
270.434700,8.418464
273.153300,6.021230
273.711300,9.045668
276.741100,7.134748
274.599700,5.574777
277.951900,5.016231
277.023600,5.891231
280.542600,8.094875
280.380700,6.721705
282.588500,7.565782
287.933900,2.939585
286.325500,4.631249
287.072100,8.693115
288.636000,5.478049
289.447500,9.713507
291.199800,4.198511
293.475200,7.206692
294.304700,4.285795
295.628300,4.901293
296.988500,5.219155
295.438300,6.060966
299.720900,7.772831
298.966000,5.319292
300.576600,6.704778
302.202800,8.208229
302.801500,6.011433
304.115400,6.702768
304.183800,8.058967
305.372800,6.102804
306.960300,8.483096
311.830200,5.230990
310.616300,5.529804
313.055000,5.774640
313.009100,6.951500
313.604200,8.022535
0.495072,6.740932
0.272261,8.777527
0.729463,4.509114
4.966058,8.863070
3.779068,6.643267
8.278869,3.955122
5.088794,6.691864
7.780264,5.295556
10.480380,6.096631
11.373060,6.934000
10.864190,4.996832
14.302330,5.891196
13.513670,5.100718
16.889600,9.003504
16.501170,6.757842
19.425350,8.816920
20.755740,4.218229
19.204460,6.596476
22.393280,9.955732
21.807050,6.730685
25.608680,6.990153
24.717040,8.014017
28.119810,9.362028
27.374820,8.346457
31.740620,6.603258
29.465380,7.281352
33.188930,9.850370
35.011200,7.866714
36.158560,6.814947
37.828350,6.480738
38.303760,8.689277
38.691430,7.548566
39.884860,7.876084
41.853610,6.784315
41.220080,7.928343
45.037500,7.723762
46.419110,6.631666
45.782380,8.786531
49.140140,6.563935
50.745570,6.295819
48.979350,7.942628
51.981780,5.862007
50.353950,7.426340
53.599630,7.311005
56.992540,9.759020
55.615560,6.061104
57.130860,4.834820
60.126900,4.538527
58.922850,8.764149
59.819870,7.454139
64.650340,6.613580
62.415400,6.099213
63.312250,8.779747
65.823670,7.695533
72.046630,6.722919
68.959760,5.564970
69.839780,6.251414
73.872330,7.612206
72.718190,7.876467
75.448140,6.815436
75.465460,4.770705
79.141560,8.115272
79.715340,5.437678
79.974370,9.401724
81.883880,6.387559
83.557750,7.763124
84.029540,5.582847
84.799770,7.980492
86.821470,7.437012
86.009560,8.263556
90.474470,4.015551
87.800110,6.893981
91.527790,3.316102
95.128830,6.195665
95.983290,7.241185
96.778610,6.454743
96.713100,8.172548
96.119990,5.369442
101.199800,8.250069
98.719280,8.459590
99.657010,6.181450
104.242000,8.641292
101.698600,6.118332
106.034300,4.996788
105.980300,7.364344
109.276500,5.666006
107.591100,8.390546
110.951200,8.448487
109.578600,6.868022
113.163600,9.004272
114.627900,5.949712
118.123300,5.652542
116.581200,7.527602
117.648500,8.233668
120.323600,6.523752
121.639700,6.865164
121.926900,9.263294
123.088400,6.681210
122.846600,8.020176
126.197800,7.978996
126.689300,6.923655
126.829400,3.232152
129.557200,7.194457
132.310100,7.488305
130.242100,9.323968
134.430600,6.220717
133.571300,7.038977
135.395000,8.448157
137.539800,3.836303
137.519000,6.731717
138.526500,5.777499
142.337400,5.559355
140.198500,7.236310
144.785900,6.809393
148.807200,6.783484
147.527000,6.653148
147.455900,8.973191
152.546300,6.900527
146.665700,5.616381
150.568200,3.997010
155.403100,9.468913
153.604200,6.082484
157.260700,6.003699
157.735800,8.016295
158.914300,7.630897
155.445900,8.021841
159.390800,6.462467
162.850300,8.173564
161.440100,8.088943
166.135400,5.588184
167.171400,6.330752
164.883600,6.390222
166.434800,8.981053
169.812500,7.549069
168.246000,6.016195
172.446600,8.036133
173.009100,9.476783
174.630600,7.429584
177.556800,5.771767
177.019300,6.784599
178.231400,8.682890
178.256200,7.024855
181.186700,7.175017
179.829000,6.608551
183.651400,6.744231
181.826800,4.618660
186.320200,5.927489
186.546200,8.333244
187.081000,7.009971
187.677400,8.099277
191.341000,8.891224
190.588500,7.693027
193.321300,5.427122
190.992800,6.415626
197.744100,8.388292
196.574800,6.517437
197.729200,3.395875
200.296500,4.535992
198.709100,7.025487
201.201600,5.453233
202.509600,5.386751
205.453500,8.284236
204.822700,9.439597
210.511200,4.981743
205.482800,2.907930
208.202000,9.020500
206.981400,4.997187
211.596400,7.653204
210.300800,8.977256
212.847900,7.430823
214.183700,7.545188
215.582600,7.733964
216.350200,6.578863
219.084700,7.148876
216.871300,4.597842
220.120100,6.448602
223.893000,7.938847
226.484300,8.798697
229.562600,7.178244
226.032800,4.892912
228.213500,6.842770
227.220200,7.854573
228.350400,8.982709
230.770700,7.157571
231.832200,9.356764
233.114700,4.570814
236.963100,4.885548
237.395700,8.798244
239.737300,6.377060
238.657500,7.028566
241.336500,5.997129
241.119000,8.328443
243.255700,8.002144
242.629000,3.940808
245.291200,5.962899
243.912700,6.896544
248.476300,9.549837
248.436500,4.962953
252.274400,8.742141
249.773600,7.000402
253.316000,9.521738
253.943800,1.635591
254.639100,9.658522
256.495300,5.654860
255.150700,6.227097
258.061400,7.911318
261.258100,6.968399
259.939700,9.248709
262.958700,8.408885
263.561500,5.413108
264.751300,6.972557
265.769600,7.897956
265.944100,6.415841
270.633300,7.261440
272.688500,8.592515
273.117400,7.484424
272.048900,6.479377
275.382600,6.954594
274.158600,6.780717
275.629900,4.527536
275.780500,8.168579
280.216600,5.257044
279.221200,6.490425
281.726000,8.490025
281.428100,5.880736
283.882800,6.036618
287.602900,6.594568
285.134500,7.093395
288.862300,6.712331
287.351700,5.357684
289.888300,6.039120
289.441500,7.670480
291.408600,6.495558
294.192700,5.751393
292.673400,6.410358
297.139700,7.430219
296.083300,8.585744
296.602900,6.270491
294.789000,7.962434
301.863200,6.996132
300.974100,7.979097
305.170700,3.464421
306.598800,5.701497
307.697200,6.389271
307.863300,5.167305
309.868200,6.553691
307.901500,7.630432
309.550300,8.153751
311.826800,6.461031
312.759800,4.586103
1.684544,8.790421
3.655651,5.339139
2.519338,7.411252
2.884539,8.991542
7.514122,9.063600
6.206887,6.963825
9.800337,8.788944
8.527391,7.898697
12.510620,7.472901
14.069550,9.568777
15.259120,6.464856
14.641090,8.538377
18.091320,8.940457
17.853320,6.583348
20.923680,8.121665
24.597190,9.278276
22.292020,7.925987
24.379130,6.670236
26.857600,7.172390
25.996700,8.509312
28.761150,8.348959
30.154420,6.267014
30.773530,7.425478
33.766500,5.565374
32.235900,7.796882
33.036030,6.638434
37.402920,7.654471
39.346810,9.094665
42.412700,7.901346
43.483470,8.230187
44.024950,7.249912
47.100060,8.314945
46.826400,9.502083
46.154770,7.719255
49.926480,8.585445
49.065840,9.507113
53.218980,6.190456
56.332930,7.406305
54.284080,8.233988
57.527100,7.029841
56.185290,8.984646
60.311770,8.889375
62.056590,7.157855
59.471690,9.794583
64.434180,8.012106
65.883130,6.406965
67.079800,8.032296
71.398000,8.028427
68.391520,7.876429
70.016180,8.340994
73.278050,6.665762
74.968890,7.826977
76.046850,8.125739
76.102010,9.262772
78.504170,5.903379
81.051160,7.375609
79.569920,6.898452
84.995990,9.270068
83.921210,8.954711
86.732600,6.154737
86.525290,9.296041
87.616650,8.451480
90.781460,6.775303
90.171030,7.709461
92.102750,9.804885
92.629910,7.281987
94.724590,7.520120
95.525250,9.712896
98.545340,6.083780
95.633140,8.468478
100.662900,5.693953
102.096900,7.365273
101.543800,9.475404
103.424400,9.587043
102.913800,6.359671
108.217500,6.863751
108.818800,8.199487
109.922000,8.007710
112.033300,8.022151
113.111800,7.459810
116.031400,9.746708
116.733400,6.252462
115.412500,6.981476
120.215400,7.778481
118.853500,7.832616
121.436700,8.144022
124.498500,7.616149
123.203500,9.458770
127.519700,8.750913
127.905300,7.485539
131.082800,8.015205
131.047000,6.496399
133.707300,8.230361
136.471500,7.696660
136.146300,6.390751
139.309400,8.244499
135.441100,9.753782
139.874600,5.736830
143.605300,5.890651
142.538900,9.836387
141.722100,8.916692
146.446300,9.804120
150.117700,6.513192
149.752200,7.748973
152.000800,8.286034
151.107800,7.355166
154.778700,5.517647
154.282500,8.590682
156.646200,7.168801
156.660400,9.986312
160.115800,7.639266
160.377700,8.784747
161.761800,5.697257
165.684400,9.997569
163.301000,9.629623
165.186200,7.783392
166.375700,7.262699
167.362400,8.113529
169.205300,6.589489
171.202800,8.265047
173.345900,5.642931
175.753700,9.581356
173.894800,8.477042
179.099000,7.857609
177.844200,9.998393
179.862100,9.021694
181.049400,8.504374
184.039700,5.566115
182.168900,8.377246
185.440100,8.509648
185.852600,7.241536
189.846900,9.151527
192.096000,5.356283
194.012500,8.806680
193.276000,7.700897
195.343900,8.806600
195.959500,7.626954
197.540600,9.675427
198.796400,9.778489
198.843300,8.601409
201.125600,7.719524
202.025500,6.487668
203.318200,6.644643
204.126800,8.564400
208.193500,5.547863
207.134900,9.850292
208.743200,6.843654
211.792500,8.763092
211.881700,6.571833
215.682700,9.301718
216.817400,8.652448
219.198800,8.509308
220.248600,7.712078
220.398800,9.015521
222.651700,6.762383
223.224200,9.282454
222.669200,7.995217
224.037600,6.828283
229.392400,9.392685
230.553800,9.484895
232.435000,5.995028
233.066100,8.796540
230.819500,4.634933
238.606800,8.227262
237.389000,7.318332
233.611700,7.525740
240.873600,7.112798
240.016800,9.086332
242.352700,8.664577
245.440800,8.411878
245.254600,7.230636
246.267500,9.167540
247.102500,9.928974
248.811500,8.080274
247.560000,5.866882
250.249700,5.761110
251.302400,7.794415
255.435400,7.595174
252.583000,7.409432
258.691100,8.936775
260.211700,6.511132
260.626300,7.892032
259.371000,7.821446
262.040900,7.768054
263.626500,9.366437
266.941900,7.217606
264.842300,8.877374
268.229600,7.217766
270.906000,9.652964
268.708300,4.973467
271.004300,6.079739
276.240400,9.307321
271.801700,7.665062
274.477800,8.030580
278.349000,8.889081
278.065100,6.303298
279.614700,8.994130
281.508600,7.187998
282.327300,9.521289
284.550700,8.646453
283.179700,8.516216
285.852600,8.517572
288.068800,9.436072
290.386100,8.504570
290.984100,9.528183
293.504000,8.326432
292.000200,8.124773
290.494400,7.249190
295.537800,9.806666
298.433400,7.543580
297.591300,8.657915
298.152800,9.852711
300.325400,5.279374
301.614800,9.210097
301.503300,5.799071
306.330000,9.566666
305.227800,7.353662
311.115600,8.621125
308.321300,8.668884
308.813500,6.929923
312.088700,7.782625
312.709700,8.956388
6.177922,9.257215
3.965189,9.364324
6.854639,8.025275
10.943310,9.386024
10.161110,7.560887
13.406840,8.428364
15.654140,9.299091
18.571350,7.743144
20.368960,9.668371
18.821560,9.979494
23.246210,8.854746
28.177280,7.211462
30.016660,8.515978
32.009500,9.443126
33.068200,8.716749
36.242030,8.141424
37.199990,8.868970
40.566780,6.874404
41.801390,9.100632
45.534750,9.880998
48.069080,8.873623
51.198900,8.347442
50.651130,9.439528
52.024180,9.306840
55.402370,8.185774
57.494690,8.531169
61.801750,9.380191
61.093090,7.949675
64.343100,9.475779
65.389660,8.889125
66.556790,9.146130
68.827870,9.268137
72.317910,9.127420
77.335170,9.825118
77.199460,8.466261
80.266090,8.175904
81.423770,8.737803
82.285510,7.628663
89.752310,8.745412
93.313440,9.383329
96.727050,9.494722
100.600500,7.058027
102.579500,8.679431
105.532600,6.303601
105.974100,8.672544
107.194300,9.565386
108.509800,9.493121
110.879400,7.143885
111.652600,9.321454
114.270400,8.148298
120.604700,9.408416
126.379400,9.266269
125.278100,8.924604
129.944500,8.244722
132.394000,8.746078
133.274900,9.612975
134.411500,9.101548
140.513300,8.644715
138.763200,9.290480
141.443500,7.667451
146.105800,6.722923
143.685600,9.199182
145.148800,9.493567
148.388800,8.053815
146.977600,7.772867
148.500600,9.622672
151.661700,9.520335
154.046900,9.782811
156.590100,8.663155
157.799600,9.302569
159.084800,8.859167
160.035600,9.934559
162.176500,9.137197
164.060300,8.605699
167.725300,9.206061
168.835100,8.581813
170.203800,8.798244
174.559000,9.833260
176.942700,7.902115
176.915200,9.043601
178.983300,9.832852
181.336800,9.660378
183.025200,9.381363
184.490000,9.999166
184.342300,8.871722
185.774800,9.781671
194.780200,9.868188
196.586800,8.805822
199.948100,8.163438
199.975400,9.363032
203.548600,9.529235
202.417400,8.887337
206.759200,8.558259
209.522400,9.925804
207.712400,7.684920
213.265900,8.938152
214.445100,9.958792
214.585300,8.697452
216.846500,9.888618
218.050200,7.976380
219.190400,9.821335
221.834000,9.401171
221.409900,8.194989
224.304500,8.980320
225.414300,9.128209
227.357600,9.499393
228.735200,7.931895
230.107500,8.295905
234.642000,8.361200
231.491200,8.244403
234.587400,9.619900
238.682000,9.351150
242.206800,7.302881
243.297700,9.643339
244.856100,9.553921
246.570600,7.813015
249.920500,10.015330
251.023000,9.171794
249.546900,8.959666
256.766500,8.031461
255.927200,9.033881
262.349900,9.769233
261.456900,8.840865
266.025500,9.248263
267.417900,8.429969
269.150300,8.155850
271.583200,8.762700
274.873100,9.428149
277.128500,8.460812
279.324400,7.756301
283.606600,9.551048
288.987000,8.693265
286.608900,7.447727
288.046500,7.853072
293.122800,9.393505
296.844000,9.797626
294.564500,9.058950
298.978200,8.861285
303.155200,9.028911
305.569500,8.574717
303.085600,7.434194
307.586200,9.678599
311.784700,9.857848
310.282100,9.643117
3.857501,8.048351
8.671282,9.536158
12.371750,9.220713
16.176680,8.141203
19.999000,5.550799
21.634250,9.132062
25.656340,9.903661
35.404050,9.070478
36.376230,9.626319
43.082090,9.460690
53.289280,8.867216
58.206960,9.991518
69.875210,9.713443
71.050400,9.367435
73.619580,8.900612
81.124600,9.992634
82.301480,9.815263
88.864290,9.425970
94.493680,8.912887
99.888060,8.181685
98.010510,9.974003
99.312670,9.542414
104.872300,9.753452
109.983900,9.315052
116.681200,8.803687
118.434100,9.067677
124.584000,9.957287
124.047800,8.722706
128.853500,8.643163
128.300500,9.777739
131.359900,9.393134
136.592100,9.194897
137.694100,9.624718
144.359200,8.173406
146.225200,8.706874
150.760100,8.620695
152.879200,9.493192
161.220000,9.720059
165.173900,9.000574
169.463700,9.736160
175.458100,8.429639
187.324900,9.290914
188.605800,8.782582
189.387500,6.425837
192.691100,8.874765
201.098600,8.848295
205.938400,9.529207
209.273900,8.139543
215.015100,6.170438
236.840700,9.897885
241.604800,9.513961
267.199400,9.736927
268.511700,9.465385
269.776800,9.507291
272.317200,9.907439
280.733900,9.593223
282.644300,6.440791
285.512100,9.714025
300.286900,9.094741
0.945722,9.785082
26.932540,9.805934
30.737220,9.769534
34.256500,9.181095
54.853380,9.354528
67.747020,8.974357
87.618090,9.826503
90.787370,9.330605
117.467100,9.821290
119.565100,8.884452
218.016100,9.245729
254.733000,8.466778
257.368000,9.267502
260.939100,9.982697
304.459600,9.249031
308.967500,9.674803
61.350620,-6.557919
89.800140,-2.678420
266.275700,-6.497760
306.500800,7.205510
275.980800,-0.422075
307.727000,-7.626587
271.921400,-6.874587
28.865120,5.900670
279.115400,2.464218
283.601100,-6.415695
24.246280,1.690366
92.298470,8.590522
205.474000,-9.701680
177.209300,-9.495840
268.737800,-8.583400
172.811000,-5.860909
116.696800,-0.122313
163.579600,-1.460740
43.795710,-9.251390
205.966400,5.749897
191.913700,7.696050
16.887690,3.695117
287.331400,0.708936
171.663200,9.497145
208.356600,-1.455997
175.814800,7.113795
159.647800,-8.223321
188.591400,1.024097
300.285200,-8.507890
286.878600,3.364096
236.040500,6.361067
177.745600,0.619400
203.920000,-8.953316
243.342800,1.827839
140.053100,4.452827
94.139910,0.531748
210.856400,9.949424
101.195600,4.572165
276.790900,4.668411
197.913700,1.101389
73.452220,3.484992
26.206370,-2.319393
50.361740,-3.852828
32.594100,-1.986748
231.000800,5.914185
295.867000,7.293041
165.406800,-4.707301
29.387520,9.646587
44.501120,8.867850
189.285400,-8.506227
253.551000,8.337379
189.196000,-4.223355
84.436780,6.754067
194.558000,5.481840
35.340020,3.561743
152.515600,2.315021
67.081940,6.912200
79.603130,-8.971316
9.455791,-0.626391
199.909300,7.043988
98.917050,-1.134398
0.954166,-7.069436
279.483800,-6.962124
303.817900,-1.781949
280.750300,-1.107626
231.072500,-4.166858
33.779490,1.892530
240.171800,4.265816
84.643900,2.180491
14.022320,7.263011
295.236400,-3.350626
