2.286,-10.093
5.067,-9.933
27.962,-9.933
77.364,-9.679
267.962,-9.693
57.888,-9.550
53.981,-9.469
73.829,-9.484
67.741,-9.401
75.581,-9.413
105.649,-9.337
140.786,-9.388
144.648,-9.389
235.735,-9.346
10.554,-9.304
35.774,-9.311
40.665,-9.278
49.008,-9.324
52.203,-9.362
63.523,-9.348
66.176,-9.270
79.010,-9.333
95.678,-9.320
98.305,-9.316
108.190,-9.333
109.316,-9.346
119.238,-9.333
126.488,-9.287
133.983,-9.293
139.559,-9.316
149.351,-9.311
155.779,-9.301
164.876,-9.293
11.886,-9.213
13.924,-9.280
16.724,-9.253
33.019,-9.192
64.861,-9.266
68.970,-9.238
86.531,-9.236
89.067,-9.213
94.493,-9.266
99.636,-9.225
102.708,-9.208
110.607,-9.236
112.419,-9.253
113.486,-9.253
115.488,-9.230
125.000,-9.287
135.333,-9.271
137.851,-9.231
141.905,-9.277
143.378,-9.211
146.941,-9.205
157.198,-9.266
158.438,-9.213
160.531,-9.213
188.927,-9.195
200.306,-9.228
216.303,-9.227
282.459,-9.242
285.527,-9.248
307.087,-9.229
311.502,-9.213
30.818,-9.102
51.007,-9.177
56.706,-9.188
71.790,-9.191
87.810,-9.133
97.202,-9.142
106.992,-9.162
116.876,-9.173
120.533,-9.213
123.151,-9.141
128.952,-9.109
145.846,-9.142
148.069,-9.119
151.740,-9.133
161.809,-9.188
166.039,-9.091
167.259,-9.148
169.207,-9.091
171.598,-9.160
185.392,-9.126
192.513,-9.184
205.676,-9.173
212.100,-9.118
220.131,-9.189
230.629,-9.173
278.474,-9.140
286.740,-9.109
303.676,-9.191
309.998,-9.162
312.686,-9.173
1.050,-9.053
7.139,-9.104
9.386,-9.091
22.097,-9.122
34.417,-9.031
36.990,-9.093
39.314,-9.133
45.868,-9.064
47.467,-9.063
82.667,-9.108
91.921,-9.119
93.143,-9.093
101.481,-9.048
104.039,-9.099
118.057,-9.093
121.714,-9.110
127.848,-9.053
130.345,-9.080
131.657,-9.061
132.741,-9.080
136.419,-9.093
150.743,-9.053
173.924,-9.038
179.543,-9.069
181.140,-9.059
187.674,-9.106
191.124,-9.093
193.773,-9.046
194.879,-9.070
196.302,-9.053
201.562,-9.076
204.345,-9.059
213.333,-9.093
214.592,-9.061
217.732,-9.082
222.933,-9.093
228.075,-9.061
256.779,-9.106
262.982,-9.075
269.136,-9.053
270.462,-9.060
271.733,-9.069
273.067,-9.093
283.675,-9.071
290.545,-9.045
293.127,-9.110
294.383,-9.106
299.752,-9.072
306.057,-9.093
308.648,-9.093
5.929,-8.972
29.619,-9.030
38.171,-9.053
61.592,-8.965
80.216,-9.007
84.056,-9.009
153.340,-9.006
170.476,-9.013
172.914,-9.013
184.099,-9.003
197.581,-9.008
198.668,-9.045
203.086,-9.053
208.343,-8.989
209.790,-9.037
219.086,-9.053
221.464,-9.030
226.250,-8.985
232.212,-9.026
238.307,-9.000
240.742,-9.027
243.319,-8.961
247.201,-8.981
252.322,-9.002
253.830,-9.020
255.487,-8.994
258.435,-9.017
259.772,-9.018
261.428,-9.017
265.562,-8.973
276.728,-8.992
281.011,-9.009
289.199,-8.988
291.754,-9.024
296.292,-9.015
304.800,-8.989
44.495,-8.973
70.550,-8.939
85.370,-8.909
90.230,-8.922
154.629,-8.957
178.269,-8.920
182.800,-8.899
206.936,-8.959
210.971,-8.973
229.219,-8.973
233.257,-8.973
234.421,-8.920
236.916,-8.940
245.751,-8.940
248.343,-8.933
250.570,-8.922
297.428,-8.918
302.184,-8.923
313.936,-8.889
2.392,-8.813
15.210,-8.857
24.294,-8.784
55.491,-8.819
163.505,-8.859
175.238,-8.853
186.497,-8.840
224.305,-8.873
264.211,-8.875
275.387,-8.778
298.709,-8.825
19.397,-8.726
28.551,-8.720
42.476,-8.773
59.183,-8.760
76.519,-8.700
239.628,-8.756
244.707,-8.760
3.599,-8.684
13.003,-8.671
27.123,-8.638
176.843,-8.672
279.803,-8.697
17.676,-8.613
241.999,-8.623
287.924,-8.613
4.779,-8.488
53.198,-8.546
114.400,-8.509
159.340,-8.475
268.110,-8.427
8.457,-8.413
25.683,-8.449
78.002,-8.404
249.389,-8.426
300.857,-8.478
20.684,-8.341
60.689,-8.395
62.802,-8.362
73.105,-8.373
81.541,-8.367
152.793,-8.292
266.823,-8.371
41.295,-8.253
49.998,-8.280
88.267,-8.293
109.754,-8.286
111.373,-8.315
140.076,-8.293
142.560,-8.253
156.571,-8.323
292.702,-8.310
307.810,-8.293
31.962,-8.237
39.943,-8.188
48.745,-8.200
91.257,-8.230
124.230,-8.219
125.884,-8.200
130.870,-8.191
138.684,-8.226
143.979,-8.173
149.648,-8.173
151.340,-8.191
155.238,-8.213
199.690,-8.184
215.563,-8.188
284.602,-8.181
0.740,-8.116
10.726,-8.146
11.789,-8.122
23.421,-8.155
35.146,-8.123
57.812,-8.146
64.422,-8.173
65.694,-8.068
67.188,-8.093
74.856,-8.165
86.933,-8.133
96.321,-8.110
99.048,-8.103
105.062,-8.093
108.364,-8.093
134.895,-8.157
136.019,-8.150
141.202,-8.122
146.476,-8.133
157.829,-8.133
168.440,-8.120
173.448,-8.133
184.990,-8.133
188.554,-8.120
204.970,-8.155
216.894,-8.122
225.279,-8.110
231.200,-8.109
235.164,-8.093
263.137,-8.075
281.851,-8.129
14.248,-8.045
16.724,-8.013
51.924,-8.053
94.797,-8.030
100.305,-8.053
107.048,-8.093
116.381,-8.053
120.059,-8.040
121.458,-7.933
129.431,-8.066
132.123,-8.031
133.655,-8.040
145.160,-8.066
147.581,-8.083
148.626,-8.070
154.079,-8.070
180.267,-8.053
182.268,-8.007
189.507,-8.036
192.017,-8.040
197.010,-7.977
201.143,-8.073
206.840,-8.066
222.686,-8.028
227.332,-8.064
251.429,-8.053
256.229,-8.021
257.581,-8.070
260.666,-8.068
274.133,-8.083
294.971,-8.093
303.055,-8.005
309.012,-8.030
30.324,-7.925
33.541,-7.982
47.560,-7.960
56.571,-7.973
89.431,-7.960
97.553,-7.894
102.496,-7.948
113.027,-7.980
117.638,-7.973
123.014,-7.933
128.242,-7.904
137.486,-7.973
164.610,-7.973
167.238,-7.973
174.802,-7.984
193.333,-7.973
195.542,-8.005
236.315,-7.889
246.781,-7.973
269.905,-7.997
277.465,-7.984
304.135,-7.986
306.650,-7.960
310.705,-7.933
311.922,-7.979
44.990,-7.868
54.531,-7.838
68.515,-7.860
83.237,-7.899
92.990,-7.893
160.588,-7.910
163.179,-7.882
171.124,-7.923
172.343,-7.893
175.865,-7.906
183.721,-7.835
187.302,-7.871
202.438,-7.878
203.735,-7.840
212.800,-7.893
214.268,-7.882
218.378,-7.836
219.657,-7.893
228.571,-7.863
238.585,-7.911
243.937,-7.835
253.181,-7.853
254.535,-7.884
264.474,-7.906
273.098,-7.878
282.998,-7.868
285.562,-7.923
286.760,-7.838
290.362,-7.893
293.926,-7.906
305.503,-7.882
6.933,-7.793
22.057,-7.773
37.790,-7.804
69.905,-7.813
71.200,-7.813
79.276,-7.837
177.829,-7.742
179.026,-7.830
185.867,-7.813
190.552,-7.843
194.379,-7.800
211.788,-7.808
220.876,-7.853
223.983,-7.800
232.686,-7.843
245.371,-7.789
259.351,-7.808
278.592,-7.773
5.871,-7.686
9.598,-7.739
18.477,-7.685
36.495,-7.733
43.722,-7.705
77.029,-7.733
80.479,-7.750
101.449,-7.765
103.808,-7.751
161.943,-7.733
165.943,-7.773
169.922,-7.746
209.007,-7.720
210.171,-7.733
233.829,-7.733
240.989,-7.693
271.807,-7.755
288.895,-7.715
297.333,-7.709
298.438,-7.773
84.457,-7.653
198.322,-7.679
229.790,-7.693
248.017,-7.640
280.704,-7.603
296.076,-7.653
299.980,-7.625
301.848,-7.628
19.733,-7.502
38.950,-7.560
42.303,-7.586
53.113,-7.551
59.688,-7.541
73.846,-7.524
106.019,-7.573
207.924,-7.603
242.727,-7.565
265.905,-7.573
276.476,-7.555
291.595,-7.511
313.541,-7.586
3.564,-7.453
15.429,-7.517
29.036,-7.445
75.750,-7.480
82.114,-7.494
85.941,-7.465
205.926,-7.480
226.269,-7.506
237.410,-7.523
250.331,-7.485
261.680,-7.493
275.217,-7.480
13.083,-7.430
27.754,-7.424
46.478,-7.387
62.076,-7.378
72.249,-7.402
115.276,-7.413
126.803,-7.396
268.724,-7.413
24.668,-7.324
50.875,-7.318
63.467,-7.333
114.057,-7.320
156.017,-7.322
252.174,-7.310
287.886,-7.309
4.761,-7.248
8.754,-7.245
25.943,-7.225
31.312,-7.213
91.390,-7.200
94.210,-7.253
110.734,-7.233
123.941,-7.264
142.151,-7.242
147.848,-7.253
150.590,-7.229
152.059,-7.195
181.067,-7.253
224.990,-7.253
239.807,-7.253
270.569,-7.240
284.169,-7.236
58.636,-7.125
66.500,-7.155
112.038,-7.173
130.150,-7.186
135.506,-7.139
136.628,-7.118
146.378,-7.116
156.990,-7.173
158.349,-7.115
159.505,-7.133
267.294,-7.133
294.552,-7.133
309.790,-7.164
312.657,-7.133
32.626,-7.080
49.621,-7.082
55.695,-7.123
65.203,-7.078
78.171,-7.061
88.570,-7.125
125.562,-7.053
131.383,-7.021
132.914,-7.053
139.314,-7.093
140.684,-7.100
149.144,-7.061
153.371,-7.123
176.762,-7.093
182.896,-7.045
184.435,-7.030
221.771,-7.075
235.068,-7.104
257.122,-7.082
258.641,-7.064
1.578,-6.996
10.532,-6.991
21.143,-6.989
109.257,-7.013
118.763,-7.022
120.305,-7.013
128.990,-7.013
163.792,-7.025
167.076,-6.973
168.305,-7.053
169.181,-7.013
179.903,-7.026
211.087,-6.981
217.541,-7.035
244.350,-6.922
263.657,-7.037
306.192,-6.991
308.405,-6.995
34.089,-6.860
40.322,-6.911
48.203,-6.911
52.097,-6.902
60.859,-6.946
67.771,-6.909
87.374,-6.946
90.150,-6.920
96.686,-6.973
97.981,-6.963
99.467,-6.893
134.188,-6.946
145.067,-6.963
154.895,-6.933
186.857,-6.933
193.486,-6.909
199.370,-6.918
204.752,-6.915
213.486,-6.933
216.019,-6.915
227.755,-6.916
231.619,-6.933
255.810,-6.893
272.724,-6.893
279.524,-6.943
293.200,-6.950
14.286,-6.853
16.440,-6.866
35.259,-6.840
57.295,-6.853
102.973,-6.859
107.979,-6.866
117.590,-6.798
121.600,-6.820
170.857,-6.853
171.771,-6.853
188.305,-6.853
192.474,-6.840
195.886,-6.853
200.553,-6.878
223.045,-6.848
249.069,-6.886
260.019,-6.852
277.922,-6.874
283.162,-6.853
304.779,-6.840
311.352,-6.853
2.438,-6.813
11.750,-6.760
70.516,-6.741
79.771,-6.743
95.543,-6.773
137.985,-6.733
143.600,-6.768
162.667,-6.733
172.921,-6.733
174.171,-6.793
196.990,-6.749
214.819,-6.773
229.410,-6.773
264.988,-6.767
273.979,-6.767
285.198,-6.760
303.352,-6.773
17.655,-6.682
23.545,-6.726
29.926,-6.706
83.717,-6.714
92.969,-6.706
100.762,-6.693
105.579,-6.660
106.836,-6.680
116.303,-6.725
123.103,-6.704
175.503,-6.725
191.184,-6.710
209.502,-6.667
219.752,-6.675
232.894,-6.668
253.469,-6.680
269.430,-6.682
281.847,-6.665
289.769,-6.706
299.257,-6.718
300.859,-6.684
307.183,-6.680
7.587,-6.653
22.261,-6.587
27.074,-6.594
37.222,-6.573
38.341,-6.600
41.639,-6.581
54.459,-6.626
74.590,-6.653
77.317,-6.556
161.389,-6.604
164.800,-6.613
194.857,-6.613
202.778,-6.628
207.314,-6.583
238.705,-6.653
241.752,-6.608
247.695,-6.583
254.648,-6.630
286.416,-6.556
9.583,-6.520
42.950,-6.487
47.048,-6.533
59.581,-6.493
68.969,-6.546
80.852,-6.515
84.955,-6.561
177.698,-6.516
185.583,-6.546
212.381,-6.573
236.190,-6.573
246.402,-6.539
262.514,-6.533
266.269,-6.546
296.762,-6.533
44.229,-6.493
127.581,-6.453
165.960,-6.466
178.667,-6.453
181.997,-6.434
218.514,-6.413
230.705,-6.453
237.333,-6.453
251.276,-6.493
298.168,-6.471
302.188,-6.466
6.216,-6.333
45.523,-6.378
64.246,-6.345
73.143,-6.373
75.962,-6.364
112.800,-6.373
203.792,-6.351
206.324,-6.373
226.913,-6.395
234.179,-6.325
240.518,-6.360
250.043,-6.311
275.314,-6.333
276.818,-6.351
2.438,-6.333
12.876,-6.323
53.145,-6.253
104.133,-6.268
132.343,-6.253
147.124,-6.263
148.541,-6.245
149.867,-6.253
152.711,-6.271
198.078,-6.262
220.914,-6.293
224.533,-6.261
243.297,-6.304
245.316,-6.244
261.201,-6.308
292.211,-6.282
295.446,-6.282
15.450,-6.226
18.878,-6.226
20.305,-6.237
24.836,-6.166
28.457,-6.213
65.850,-6.161
101.981,-6.189
126.349,-6.155
140.114,-6.213
151.276,-6.213
169.752,-6.253
176.432,-6.191
183.674,-6.230
189.203,-6.230
288.533,-6.253
8.474,-6.146
36.170,-6.078
39.467,-6.133
56.570,-6.101
61.600,-6.133
62.837,-6.154
78.840,-6.120
86.250,-6.139
94.302,-6.150
115.352,-6.133
124.705,-6.078
145.778,-6.075
201.638,-6.093
208.322,-6.146
222.097,-6.100
225.867,-6.173
228.562,-6.093
256.626,-6.146
257.638,-6.109
270.781,-6.103
290.933,-6.109
25.945,-6.053
49.295,-6.053
58.362,-6.053
72.076,-6.093
134.989,-6.064
141.600,-6.053
155.270,-6.007
157.807,-6.040
158.917,-6.030
160.229,-6.053
187.390,-6.053
210.497,-6.075
213.957,-6.035
267.335,-6.066
280.531,-6.048
300.036,-6.025
310.188,-5.996
3.921,-5.995
31.926,-5.947
91.924,-5.973
98.798,-5.994
109.884,-5.986
111.411,-5.984
114.189,-5.962
117.140,-5.933
119.487,-5.962
136.152,-6.003
138.971,-5.943
144.435,-5.956
153.888,-5.916
167.712,-5.986
174.705,-6.013
180.669,-5.955
190.324,-6.003
293.883,-5.916
312.686,-6.013
1.317,-5.910
33.388,-5.906
51.543,-5.853
82.093,-5.875
121.125,-5.840
133.426,-5.836
137.088,-5.910
142.760,-5.882
163.011,-5.887
216.258,-5.853
235.390,-5.893
252.707,-5.906
258.725,-5.874
268.617,-5.861
287.450,-5.906
5.068,-5.843
13.972,-5.721
30.722,-5.826
34.664,-5.741
55.335,-5.824
87.962,-5.837
96.931,-5.826
108.724,-5.843
129.789,-5.845
131.086,-5.813
156.517,-5.830
172.343,-5.813
215.124,-5.813
229.744,-5.773
232.016,-5.790
264.135,-5.800
271.903,-5.824
284.419,-5.813
304.045,-5.773
305.561,-5.845
10.613,-5.743
67.107,-5.720
80.000,-5.733
89.524,-5.733
122.324,-5.720
123.507,-5.680
184.800,-5.653
211.611,-5.701
217.618,-5.711
244.381,-5.757
248.821,-5.746
265.332,-5.687
308.762,-5.733
29.359,-5.631
47.983,-5.640
69.731,-5.630
83.233,-5.591
99.975,-5.599
128.610,-5.653
171.182,-5.631
179.581,-5.693
199.297,-5.666
200.419,-5.677
204.724,-5.623
242.213,-5.629
253.898,-5.574
255.429,-5.677
269.846,-5.598
311.276,-5.642
16.287,-5.595
40.781,-5.555
43.543,-5.573
60.495,-5.573
90.607,-5.586
191.716,-5.548
193.219,-5.573
195.445,-5.516
196.533,-5.573
278.723,-5.562
281.960,-5.584
283.332,-5.562
301.463,-5.551
2.514,-5.533
7.248,-5.435
17.295,-5.523
46.326,-5.472
68.419,-5.533
73.926,-5.504
107.498,-5.486
168.893,-5.476
178.552,-5.493
182.822,-5.453
186.346,-5.470
188.317,-5.435
209.371,-5.445
220.169,-5.510
223.636,-5.506
259.886,-5.493
273.250,-5.467
276.193,-5.487
285.884,-5.480
289.426,-5.460
296.212,-5.506
297.388,-5.506
11.733,-5.453
21.503,-5.400
59.352,-5.413
75.183,-5.400
118.248,-5.383
127.200,-5.413
161.999,-5.367
164.171,-5.430
175.578,-5.373
194.255,-5.365
212.876,-5.443
218.895,-5.413
227.488,-5.400
233.219,-5.413
237.926,-5.400
246.592,-5.420
247.861,-5.350
262.798,-5.400
302.857,-5.413
313.571,-5.373
27.163,-5.279
38.019,-5.363
42.229,-5.358
44.876,-5.327
54.057,-5.333
71.124,-5.373
84.438,-5.323
95.602,-5.346
104.876,-5.333
150.601,-5.300
173.750,-5.293
177.295,-5.363
207.200,-5.293
298.664,-5.300
306.819,-5.340
24.078,-5.286
65.029,-5.253
76.478,-5.266
77.752,-5.253
93.363,-5.213
112.762,-5.253
140.667,-5.258
143.545,-5.186
181.541,-5.242
197.905,-5.253
236.648,-5.253
239.727,-5.236
274.856,-5.285
294.933,-5.253
22.703,-5.147
57.617,-5.160
105.943,-5.146
125.333,-5.173
139.390,-5.173
146.400,-5.173
147.750,-5.160
153.219,-5.143
166.764,-5.186
225.219,-5.173
230.874,-5.186
234.324,-5.149
277.486,-5.173
307.826,-5.186
2.438,-5.013
9.333,-5.093
15.002,-5.045
81.164,-5.104
98.035,-5.110
103.414,-5.068
114.840,-5.068
116.097,-5.106
142.097,-5.047
149.050,-5.076
154.697,-5.061
159.636,-5.080
165.316,-5.080
203.525,-5.097
221.370,-5.099
226.324,-5.093
241.050,-5.072
249.981,-5.093
251.789,-5.104
290.607,-5.106
291.754,-5.082
293.143,-5.133
18.269,-5.026
49.355,-4.990
52.686,-5.013
63.771,-5.053
85.734,-5.028
134.248,-5.013
135.543,-4.965
136.665,-4.973
138.074,-5.000
152.022,-5.030
183.754,-5.000
205.859,-5.005
243.332,-5.002
245.506,-5.002
266.552,-5.013
279.980,-4.998
286.964,-4.965
6.208,-4.961
33.808,-4.922
37.029,-4.933
39.560,-4.946
50.460,-4.916
72.688,-4.920
79.181,-4.938
101.697,-4.924
109.219,-4.893
110.476,-4.903
111.581,-4.933
120.174,-4.916
145.295,-4.963
157.143,-4.933
169.867,-4.933
214.171,-4.973
261.410,-4.933
270.973,-4.965
288.322,-4.946
305.004,-4.879
12.952,-4.883
20.474,-4.864
25.012,-4.870
30.171,-4.883
56.399,-4.831
62.667,-4.853
86.933,-4.883
124.248,-4.840
201.524,-4.840
216.626,-4.866
222.438,-4.877
228.724,-4.805
256.440,-4.875
267.754,-4.864
0.610,-4.773
61.295,-4.773
88.686,-4.733
131.771,-4.773
133.045,-4.716
155.846,-4.805
158.248,-4.743
168.055,-4.762
185.219,-4.743
190.895,-4.733
208.190,-4.773
210.743,-4.773
257.752,-4.773
272.289,-4.788
35.697,-4.725
47.390,-4.663
82.494,-4.714
91.793,-4.680
119.221,-4.680
121.639,-4.653
129.393,-4.710
163.174,-4.638
171.571,-4.653
189.600,-4.693
192.246,-4.706
196.876,-4.663
218.057,-4.693
248.779,-4.706
269.010,-4.710
285.350,-4.636
310.417,-4.680
3.733,-4.593
8.246,-4.604
89.989,-4.605
99.202,-4.587
113.812,-4.626
122.991,-4.598
187.331,-4.630
198.806,-4.555
200.022,-4.592
215.294,-4.624
230.019,-4.613
232.305,-4.653
252.990,-4.637
254.723,-4.586
263.697,-4.628
300.325,-4.628
303.867,-4.630
312.229,-4.613
28.610,-4.533
66.311,-4.525
100.436,-4.546
179.259,-4.520
281.371,-4.573
4.883,-4.408
16.076,-4.453
31.562,-4.470
32.762,-4.493
54.916,-4.440
67.695,-4.429
69.029,-4.389
83.548,-4.396
94.912,-4.470
97.007,-4.466
102.740,-4.453
106.954,-4.440
160.952,-4.470
172.890,-4.435
174.607,-4.405
176.649,-4.405
212.229,-4.453
219.371,-4.435
227.040,-4.413
233.274,-4.413
238.724,-4.435
242.289,-4.419
259.026,-4.437
278.666,-4.459
282.783,-4.413
284.038,-4.453
17.143,-4.373
38.646,-4.360
51.390,-4.373
80.229,-4.373
117.333,-4.413
126.819,-4.373
128.022,-4.390
130.535,-4.333
180.495,-4.406
182.668,-4.365
193.660,-4.316
235.674,-4.386
265.030,-4.405
301.615,-4.320
11.543,-4.293
13.867,-4.293
19.276,-4.293
21.374,-4.253
41.134,-4.305
60.076,-4.317
164.593,-4.276
178.057,-4.333
195.022,-4.235
197.676,-4.293
207.255,-4.280
209.335,-4.261
223.638,-4.276
237.410,-4.263
244.435,-4.270
260.174,-4.270
273.657,-4.276
276.526,-4.261
296.267,-4.293
297.654,-4.303
307.225,-4.271
10.401,-4.220
43.581,-4.253
48.571,-4.213
58.667,-4.213
74.020,-4.181
144.457,-4.246
148.533,-4.133
150.057,-4.213
186.019,-4.213
188.686,-4.237
204.588,-4.226
220.628,-4.188
231.238,-4.183
262.513,-4.206
286.248,-4.180
289.752,-4.213
309.029,-4.213
26.190,-4.158
34.696,-4.093
46.248,-4.173
53.676,-4.109
70.324,-4.163
78.171,-4.133
104.440,-4.120
108.055,-4.120
138.726,-4.120
234.421,-4.111
293.926,-4.120
299.065,-4.120
306.040,-4.120
313.465,-4.146
44.973,-4.027
75.316,-4.085
76.800,-4.044
93.621,-4.040
112.343,-4.053
143.103,-4.075
145.812,-4.030
151.314,-4.023
153.752,-4.013
202.872,-4.049
247.785,-4.035
250.912,-4.022
266.455,-4.040
275.257,-4.028
292.610,-4.093
7.125,-3.912
29.584,-3.956
42.400,-4.013
65.049,-3.958
84.897,-3.969
125.629,-3.933
155.332,-3.962
175.656,-3.941
205.905,-3.949
239.960,-3.973
270.171,-4.013
290.989,-3.951
295.187,-3.915
22.802,-3.882
24.250,-3.910
57.278,-3.880
72.894,-3.882
81.295,-3.893
98.076,-3.888
110.759,-3.876
135.275,-3.861
137.600,-3.923
140.457,-3.853
146.989,-3.915
159.221,-3.880
162.097,-3.893
167.276,-3.893
213.333,-3.893
225.206,-3.839
228.055,-3.880
246.629,-3.893
249.733,-3.918
257.030,-3.845
277.820,-3.853
287.754,-3.871
27.276,-3.813
49.981,-3.773
87.260,-3.796
91.087,-3.806
114.933,-3.813
116.207,-3.826
134.227,-3.802
152.533,-3.853
157.752,-3.813
169.333,-3.813
170.607,-3.800
183.705,-3.773
221.830,-3.805
308.021,-3.800
311.145,-3.800
3.162,-3.773
5.714,-3.707
9.256,-3.701
15.103,-3.746
18.210,-3.724
36.588,-3.746
63.792,-3.722
71.581,-3.743
86.211,-3.726
105.888,-3.746
120.190,-3.733
156.762,-3.733
190.057,-3.733
215.885,-3.686
217.160,-3.742
241.163,-3.725
253.562,-3.733
255.829,-3.728
268.114,-3.713
0.952,-3.693
30.590,-3.653
40.249,-3.642
56.212,-3.640
62.234,-3.632
79.331,-3.640
96.267,-3.629
99.640,-3.631
101.505,-3.648
109.283,-3.631
118.271,-3.609
128.740,-3.636
133.067,-3.653
141.790,-3.660
165.755,-3.679
173.790,-3.653
181.506,-3.642
191.678,-3.666
192.838,-3.653
245.316,-3.631
252.022,-3.630
279.868,-3.640
304.914,-3.653
37.943,-3.573
66.848,-3.547
103.619,-3.573
131.771,-3.573
136.305,-3.573
196.305,-3.573
198.993,-3.586
200.020,-3.548
210.324,-3.573
229.316,-3.560
232.395,-3.555
236.601,-3.533
243.238,-3.533
272.649,-3.525
283.446,-3.560
303.184,-3.556
12.686,-3.493
47.560,-3.506
89.676,-3.461
122.614,-3.441
124.457,-3.493
171.992,-3.461
178.895,-3.461
218.514,-3.533
271.314,-3.493
281.164,-3.506
288.914,-3.493
4.476,-3.388
32.076,-3.413
33.526,-3.439
52.631,-3.400
82.589,-3.373
88.284,-3.388
92.421,-3.419
113.486,-3.437
121.445,-3.380
149.524,-3.373
163.602,-3.430
168.364,-3.426
201.617,-3.417
208.322,-3.400
211.429,-3.453
226.286,-3.413
238.286,-3.413
258.094,-3.408
300.627,-3.424
312.450,-3.373
28.436,-3.346
51.238,-3.309
55.048,-3.333
60.935,-3.346
94.797,-3.310
106.912,-3.346
145.121,-3.350
160.364,-3.320
184.914,-3.373
204.000,-3.293
222.914,-3.315
230.592,-3.285
248.538,-3.286
254.743,-3.357
269.181,-3.333
284.741,-3.346
310.019,-3.373
20.631,-3.240
59.505,-3.283
68.038,-3.235
69.410,-3.223
83.960,-3.253
126.590,-3.253
129.888,-3.266
139.581,-3.283
177.202,-3.240
242.128,-3.195
259.370,-3.244
261.580,-3.238
264.094,-3.257
265.562,-3.229
296.855,-3.240
39.026,-3.160
111.543,-3.173
150.705,-3.133
174.878,-3.162
182.764,-3.160
187.855,-3.160
189.204,-3.133
194.113,-3.154
214.248,-3.173
262.895,-3.197
274.419,-3.190
298.120,-3.147
306.819,-3.164
16.093,-3.070
44.151,-3.046
77.874,-3.085
117.261,-3.046
143.868,-3.082
147.903,-3.106
180.135,-3.104
197.333,-3.100
205.079,-3.035
235.373,-3.082
290.117,-3.070
58.265,-3.002
102.574,-3.030
176.038,-3.013
207.162,-3.013
219.542,-2.981
224.305,-3.013
233.448,-2.983
244.250,-3.026
295.808,-3.045
308.990,-3.013
6.878,-2.912
8.169,-2.920
10.268,-2.911
11.410,-2.950
17.278,-2.920
19.483,-2.916
75.107,-2.920
76.229,-2.973
84.973,-2.922
100.686,-2.933
104.832,-2.860
119.467,-2.933
146.421,-2.920
151.962,-2.933
154.514,-2.933
164.610,-2.933
186.074,-2.920
190.688,-2.946
202.706,-2.927
212.456,-2.965
227.390,-2.933
250.535,-2.922
260.458,-2.927
278.741,-2.915
282.590,-2.963
285.864,-2.939
292.571,-2.933
301.735,-2.912
14.073,-2.870
23.388,-2.820
34.590,-2.782
41.143,-2.820
46.365,-2.875
49.084,-2.840
53.905,-2.829
73.922,-2.844
108.151,-2.860
110.273,-2.831
127.839,-2.795
138.055,-2.806
153.160,-2.840
155.778,-2.813
162.494,-2.864
209.371,-2.883
220.838,-2.865
239.407,-2.832
276.571,-2.893
291.335,-2.840
26.040,-2.782
64.268,-2.683
80.419,-2.797
81.714,-2.773
97.752,-2.773
114.879,-2.716
173.029,-2.725
183.980,-2.785
195.524,-2.790
240.800,-2.773
299.543,-2.790
21.752,-2.669
24.684,-2.658
29.698,-2.636
35.848,-2.693
45.181,-2.653
56.970,-2.632
65.723,-2.684
86.665,-2.725
93.676,-2.693
116.131,-2.706
167.619,-2.693
169.164,-2.682
191.945,-2.668
256.571,-2.669
266.781,-2.669
287.238,-2.723
294.570,-2.715
311.245,-2.675
313.600,-2.693
9.143,-2.613
62.974,-2.635
72.589,-2.602
91.598,-2.600
98.895,-2.643
125.370,-2.645
133.771,-2.595
141.091,-2.595
142.483,-2.540
157.943,-2.653
159.048,-2.613
161.350,-2.630
170.286,-2.613
181.486,-2.521
216.305,-2.580
228.610,-2.613
231.712,-2.626
270.400,-2.613
303.998,-2.639
305.770,-2.591
5.259,-2.480
15.162,-2.503
31.210,-2.486
90.424,-2.471
96.686,-2.533
105.943,-2.493
132.686,-2.533
135.010,-2.573
156.741,-2.527
166.383,-2.546
198.362,-2.533
199.811,-2.482
222.136,-2.493
237.371,-2.573
246.383,-2.546
252.935,-2.520
275.338,-2.508
288.402,-2.485
27.640,-2.466
32.512,-2.458
37.199,-2.431
42.660,-2.457
55.658,-2.444
70.035,-2.396
71.330,-2.413
87.678,-2.440
124.093,-2.458
131.392,-2.421
136.821,-2.431
148.838,-2.413
171.390,-2.413
206.117,-2.470
210.726,-2.440
225.524,-2.453
247.810,-2.429
251.657,-2.413
283.941,-2.464
308.114,-2.453
1.088,-2.390
38.307,-2.360
61.693,-2.356
107.064,-2.350
121.019,-2.400
122.379,-2.364
128.813,-2.351
177.981,-2.373
193.219,-2.373
196.360,-2.351
201.198,-2.360
208.312,-2.333
217.541,-2.395
229.812,-2.356
234.345,-2.360
245.274,-2.360
271.788,-2.324
277.655,-2.360
12.610,-2.293
18.650,-2.280
50.379,-2.306
79.331,-2.280
103.689,-2.286
118.527,-2.235
174.141,-2.267
213.393,-2.236
254.095,-2.293
300.818,-2.255
39.543,-2.173
47.712,-2.226
52.895,-2.180
68.762,-2.237
95.483,-2.190
144.800,-2.213
160.159,-2.166
179.064,-2.156
187.045,-2.187
189.884,-2.200
218.590,-2.180
236.343,-2.213
243.200,-2.213
264.800,-2.213
273.177,-2.162
280.037,-2.191
281.200,-2.188
289.524,-2.213
67.145,-2.144
139.086,-2.133
188.326,-2.146
203.619,-2.133
204.800,-2.103
230.855,-2.100
258.055,-2.166
259.335,-2.129
59.048,-2.053
60.267,-2.053
82.950,-2.007
88.838,-2.053
92.792,-2.005
113.388,-2.040
126.743,-2.053
130.133,-2.053
163.886,-2.093
165.333,-2.053
180.398,-2.070
211.830,-2.042
215.086,-2.053
223.388,-2.047
226.607,-2.004
232.686,-2.053
241.829,-2.058
249.790,-2.053
255.390,-2.053
263.506,-2.021
269.181,-2.023
293.450,-2.053
298.570,-2.064
312.563,-2.013
10.629,-1.973
28.724,-2.013
33.524,-1.973
51.429,-1.973
99.860,-1.951
101.560,-1.979
112.059,-1.986
147.521,-1.950
149.867,-1.973
151.352,-1.973
175.294,-1.984
194.590,-1.973
197.562,-1.933
238.341,-1.986
262.287,-2.005
284.974,-1.956
302.781,-2.003
310.056,-2.005
4.190,-1.888
15.962,-1.893
20.724,-1.863
57.790,-1.869
76.876,-1.893
84.061,-1.897
108.854,-1.876
172.381,-1.917
182.552,-1.893
219.999,-1.888
267.906,-1.882
297.295,-1.923
306.595,-1.815
8.167,-1.725
13.621,-1.826
19.335,-1.835
24.114,-1.813
78.112,-1.826
85.812,-1.818
110.895,-1.773
153.769,-1.826
155.162,-1.789
176.836,-1.839
185.029,-1.813
209.655,-1.802
260.996,-1.779
282.306,-1.824
290.684,-1.826
35.332,-1.708
40.474,-1.720
75.716,-1.720
105.009,-1.747
135.961,-1.765
152.513,-1.744
191.162,-1.733
202.646,-1.735
224.474,-1.720
265.981,-1.763
286.286,-1.733
304.876,-1.733
309.045,-1.676
5.888,-1.635
6.929,-1.613
11.657,-1.605
22.682,-1.643
25.352,-1.628
43.827,-1.662
45.943,-1.660
117.295,-1.677
127.924,-1.613
146.125,-1.621
227.750,-1.640
250.743,-1.683
278.882,-1.660
17.126,-1.586
30.476,-1.533
49.448,-1.613
54.282,-1.601
63.676,-1.548
74.400,-1.573
81.351,-1.558
94.460,-1.550
119.712,-1.560
134.559,-1.526
141.659,-1.584
157.371,-1.573
207.276,-1.597
240.574,-1.560
257.004,-1.511
276.381,-1.573
292.055,-1.586
299.581,-1.579
313.507,-1.586
9.561,-1.461
41.829,-1.533
64.878,-1.493
86.990,-1.475
114.493,-1.510
115.924,-1.493
140.116,-1.480
143.543,-1.533
156.174,-1.480
162.651,-1.508
166.840,-1.506
168.250,-1.510
170.895,-1.523
183.771,-1.446
205.926,-1.480
212.781,-1.475
237.295,-1.469
253.275,-1.471
294.859,-1.446
296.038,-1.533
36.533,-1.413
44.970,-1.404
97.524,-1.413
98.764,-1.373
107.924,-1.413
158.743,-1.413
173.601,-1.380
192.360,-1.402
195.695,-1.413
235.112,-1.355
270.057,-1.413
274.438,-1.453
283.408,-1.402
301.621,-1.401
311.484,-1.400
26.479,-1.373
31.886,-1.309
96.199,-1.293
102.743,-1.345
123.085,-1.328
133.562,-1.363
137.638,-1.333
169.411,-1.365
181.312,-1.350
193.486,-1.333
210.607,-1.320
216.039,-1.301
221.295,-1.373
231.665,-1.285
244.190,-1.333
247.049,-1.301
251.869,-1.320
288.825,-1.279
47.184,-1.270
62.455,-1.270
80.229,-1.205
91.611,-1.205
104.211,-1.244
121.619,-1.208
148.800,-1.223
161.143,-1.286
178.057,-1.253
186.057,-1.253
198.569,-1.266
214.095,-1.253
217.524,-1.283
228.800,-1.293
229.884,-1.266
248.571,-1.293
287.543,-1.220
303.754,-1.240
27.725,-1.124
38.400,-1.173
48.229,-1.203
50.590,-1.173
56.037,-1.116
59.640,-1.186
66.138,-1.149
71.903,-1.184
90.514,-1.173
132.216,-1.151
144.998,-1.133
187.619,-1.133
200.269,-1.173
222.476,-1.173
225.526,-1.146
233.752,-1.141
245.465,-1.162
254.612,-1.160
259.979,-1.182
271.124,-1.149
0.762,-1.133
14.688,-1.080
21.545,-1.080
34.438,-1.093
37.464,-1.110
68.114,-1.093
69.449,-1.061
70.601,-1.009
78.993,-1.080
109.850,-1.080
118.362,-1.117
124.382,-1.087
125.562,-1.133
130.915,-1.095
164.571,-1.093
174.667,-1.093
176.025,-1.071
179.069,-1.110
201.486,-1.093
208.513,-1.082
242.879,-1.111
249.829,-1.093
264.990,-1.133
272.971,-1.075
12.830,-0.965
18.269,-1.026
60.876,-1.013
73.219,-1.033
106.781,-1.013
129.448,-0.983
138.705,-1.013
142.476,-1.013
159.963,-0.995
188.914,-1.013
190.226,-0.996
218.914,-0.995
258.649,-1.009
3.048,-0.973
4.114,-0.973
51.810,-0.920
150.073,-0.950
171.979,-0.946
194.514,-0.973
197.046,-0.946
236.114,-0.933
255.924,-0.963
262.438,-0.893
289.922,-0.920
298.210,-0.963
307.789,-0.922
4.973,-0.874
53.124,-0.835
57.202,-0.804
58.421,-0.866
89.103,-0.835
92.916,-0.885
101.772,-0.784
105.604,-0.853
147.581,-0.853
151.352,-0.853
153.274,-0.828
165.943,-0.883
180.210,-0.848
203.716,-0.840
204.905,-0.813
226.743,-0.813
241.582,-0.862
263.637,-0.875
266.408,-0.821
269.046,-0.804
277.749,-0.825
280.038,-0.836
281.431,-0.874
293.295,-0.853
20.021,-0.786
29.312,-0.756
33.141,-0.745
42.741,-0.785
75.238,-0.749
76.457,-0.773
82.245,-0.745
95.300,-0.711
111.294,-0.762
113.502,-0.756
136.610,-0.803
154.819,-0.764
182.400,-0.773
211.636,-0.762
238.688,-0.760
284.724,-0.725
297.016,-0.715
305.944,-0.766
312.419,-0.733
24.783,-0.682
39.467,-0.693
77.807,-0.680
84.878,-0.660
117.075,-0.653
120.288,-0.706
127.030,-0.668
202.532,-0.647
215.124,-0.693
220.114,-0.719
223.657,-0.693
300.323,-0.668
310.171,-0.693
6.287,-0.566
10.438,-0.573
83.738,-0.573
99.564,-0.600
112.343,-0.637
134.095,-0.613
162.057,-0.607
170.210,-0.593
172.974,-0.630
191.505,-0.613
199.579,-0.613
232.762,-0.613
261.278,-0.573
302.688,-0.626
8.536,-0.548
23.613,-0.500
35.369,-0.546
108.626,-0.550
135.390,-0.573
141.257,-0.493
158.210,-0.533
177.067,-0.553
184.876,-0.519
275.352,-0.533
286.095,-0.542
291.124,-0.563
15.961,-0.485
26.039,-0.468
31.162,-0.483
40.381,-0.453
66.971,-0.453
103.107,-0.470
115.564,-0.466
168.838,-0.453
207.602,-0.440
209.617,-0.466
230.895,-0.453
239.810,-0.493
250.726,-0.440
252.761,-0.485
257.274,-0.442
267.771,-0.477
282.535,-0.464
299.237,-0.459
308.724,-0.382
313.448,-0.405
46.288,-0.360
49.621,-0.384
96.838,-0.373
139.716,-0.386
143.560,-0.386
163.543,-0.349
167.522,-0.384
175.314,-0.373
186.760,-0.315
198.074,-0.384
221.509,-0.308
234.552,-0.373
279.044,-0.339
11.657,-0.293
13.829,-0.293
41.621,-0.304
54.324,-0.263
87.695,-0.323
114.438,-0.333
128.343,-0.293
146.590,-0.333
157.050,-0.276
183.430,-0.325
192.686,-0.293
247.703,-0.259
295.657,-0.293
301.393,-0.308
17.199,-0.188
22.362,-0.253
27.084,-0.181
62.971,-0.213
65.524,-0.253
81.122,-0.202
85.981,-0.237
89.981,-0.173
132.707,-0.200
137.507,-0.190
152.322,-0.200
173.867,-0.165
188.076,-0.213
200.798,-0.213
213.943,-0.213
217.943,-0.213
228.021,-0.200
243.714,-0.208
274.265,-0.202
311.162,-0.213
36.838,-0.173
43.848,-0.173
47.374,-0.146
64.227,-0.158
74.193,-0.146
91.333,-0.085
98.116,-0.120
100.707,-0.120
122.438,-0.153
130.392,-0.101
159.429,-0.133
180.957,-0.093
193.486,-0.173
195.559,-0.150
210.650,-0.120
222.685,-0.072
224.838,-0.133
229.333,-0.133
246.210,-0.133
253.905,-0.133
271.817,-0.101
276.457,-0.109
283.810,-0.163
288.051,-0.075
294.362,-0.133
37.943,-0.053
45.199,-0.049
71.492,-0.031
73.084,-0.066
94.074,-0.042
119.238,-0.053
123.662,-0.013
156.017,-0.042
212.821,-0.064
236.935,-0.066
245.015,-0.035
249.084,-0.022
270.383,-0.040
292.250,-0.040
304.822,-0.049
3.905,0.045
18.912,0.050
28.478,0.040
50.856,0.059
55.658,0.034
61.600,0.027
78.705,-0.003
107.606,0.085
138.599,0.049
142.379,0.038
148.533,0.003
165.029,0.027
178.229,0.067
206.231,0.040
233.403,0.067
255.238,0.057
286.979,0.035
289.129,0.045
303.657,0.027
9.563,0.139
30.078,0.094
59.505,0.107
69.143,0.107
79.886,0.107
106.226,0.120
110.286,0.107
126.133,0.107
136.325,0.189
144.590,0.102
161.026,0.081
171.162,0.107
179.581,0.107
185.714,0.107
240.799,0.101
264.288,0.094
7.459,0.233
15.031,0.170
21.143,0.187
34.265,0.227
104.856,0.191
117.905,0.187
121.122,0.171
124.626,0.205
131.393,0.227
181.964,0.176
190.781,0.157
204.038,0.227
215.954,0.235
219.262,0.195
235.640,0.174
260.078,0.169
263.010,0.217
277.638,0.227
280.630,0.214
306.951,0.240
0.495,0.227
12.783,0.280
32.086,0.307
56.800,0.291
58.017,0.307
67.865,0.256
70.227,0.278
150.993,0.254
196.783,0.280
208.474,0.254
231.983,0.280
251.810,0.267
258.951,0.278
297.007,0.298
5.139,0.366
48.533,0.317
53.105,0.387
92.648,0.395
95.984,0.404
102.314,0.362
147.390,0.347
154.629,0.347
162.722,0.336
189.600,0.347
191.713,0.369
226.133,0.307
239.181,0.395
242.214,0.387
256.381,0.347
261.754,0.354
265.697,0.336
290.400,0.347
298.323,0.353
312.703,0.334
39.145,0.440
76.134,0.442
77.486,0.475
88.838,0.427
99.712,0.460
172.641,0.494
205.181,0.427
223.924,0.427
266.932,0.395
84.933,0.534
113.846,0.520
127.788,0.530
133.807,0.520
134.819,0.507
141.011,0.522
169.278,0.494
176.152,0.477
201.600,0.512
202.882,0.561
220.643,0.547
237.943,0.537
268.284,0.494
273.180,0.475
285.105,0.507
293.316,0.520
309.694,0.496
42.702,0.582
75.048,0.635
87.010,0.547
108.854,0.604
116.925,0.649
129.388,0.644
149.867,0.547
153.143,0.587
194.659,0.595
250.133,0.587
253.029,0.587
269.426,0.574
281.983,0.613
302.476,0.596
308.076,0.587
10.743,0.667
23.771,0.649
25.123,0.683
60.631,0.654
82.397,0.645
83.827,0.689
112.440,0.654
156.914,0.707
165.997,0.650
184.330,0.689
227.124,0.707
230.133,0.667
257.905,0.647
299.487,0.676
300.610,0.667
35.522,0.760
46.363,0.715
51.903,0.734
54.688,0.804
97.265,0.779
103.488,0.765
139.695,0.747
146.057,0.787
164.000,0.771
188.360,0.734
199.256,0.725
207.276,0.787
217.050,0.734
244.174,0.734
279.580,0.741
311.788,0.734
17.943,0.827
20.360,0.814
33.257,0.827
40.076,0.827
41.431,0.876
74.027,0.881
115.810,0.827
158.248,0.827
174.683,0.853
177.469,0.810
187.162,0.827
193.143,0.797
195.903,0.814
209.770,0.849
214.722,0.840
228.696,0.823
247.030,0.816
275.526,0.852
8.669,0.920
14.133,0.907
16.419,0.923
30.971,0.907
62.343,0.890
66.590,0.907
90.456,0.929
93.578,0.930
101.291,0.941
121.864,0.947
123.179,0.928
143.557,0.969
155.467,0.947
198.171,0.947
254.455,0.940
271.162,0.907
306.133,0.889
6.095,0.982
26.270,1.002
27.581,0.987
49.770,0.978
120.038,0.987
160.229,0.987
167.145,1.000
168.305,0.947
178.829,1.027
221.638,1.007
248.533,0.987
283.124,0.957
286.362,0.987
22.552,1.067
36.935,1.054
47.831,1.054
63.578,1.101
65.012,1.062
85.907,1.067
107.225,1.125
110.993,1.080
130.565,1.125
138.647,1.092
173.389,1.056
182.781,1.067
211.924,1.027
213.219,1.091
218.210,1.067
231.221,1.089
234.247,1.073
242.976,1.088
260.855,1.085
277.065,1.138
288.305,1.107
291.216,1.090
295.736,1.072
310.513,1.099
11.771,1.147
43.826,1.132
56.076,1.177
81.181,1.123
88.093,1.204
91.641,1.204
94.836,1.136
118.408,1.195
151.924,1.147
180.800,1.147
185.448,1.177
200.287,1.162
206.302,1.130
222.933,1.147
225.067,1.147
232.914,1.147
274.306,1.136
278.550,1.114
303.602,1.160
304.838,1.156
313.693,1.134
38.078,1.240
45.011,1.223
50.933,1.227
79.560,1.240
126.667,1.227
135.695,1.227
136.990,1.227
142.608,1.289
148.305,1.227
154.193,1.214
161.658,1.206
190.819,1.227
240.190,1.227
241.371,1.260
245.465,1.216
289.545,1.238
4.246,1.328
12.990,1.307
29.676,1.283
68.893,1.294
71.390,1.307
98.531,1.320
105.981,1.307
132.800,1.267
171.771,1.307
208.533,1.347
236.571,1.340
272.359,1.326
284.207,1.294
292.390,1.347
294.514,1.283
15.238,1.387
19.124,1.387
31.962,1.427
34.248,1.427
53.905,1.387
58.743,1.387
72.816,1.406
78.307,1.410
104.557,1.408
114.743,1.347
147.124,1.387
170.667,1.387
197.122,1.374
204.190,1.417
219.695,1.377
251.522,1.365
259.409,1.409
264.762,1.387
270.116,1.398
280.782,1.408
21.219,1.467
61.448,1.467
124.248,1.462
125.486,1.427
128.288,1.454
150.645,1.490
189.507,1.450
210.705,1.427
238.714,1.507
255.771,1.427
256.990,1.467
263.276,1.467
52.673,1.569
57.431,1.534
67.657,1.547
70.133,1.547
77.012,1.534
96.305,1.547
100.000,1.547
108.381,1.587
109.867,1.517
144.626,1.534
149.324,1.587
159.276,1.507
165.994,1.605
176.000,1.577
191.788,1.534
202.788,1.587
226.210,1.547
265.964,1.560
307.429,1.547
9.736,1.650
89.333,1.627
113.295,1.597
121.011,1.638
131.598,1.640
139.962,1.657
157.388,1.644
194.019,1.627
229.736,1.644
261.983,1.627
267.467,1.627
301.257,1.597
7.628,1.747
28.516,1.696
39.297,1.694
55.065,1.718
60.114,1.667
84.668,1.718
102.248,1.714
116.876,1.707
134.268,1.696
162.782,1.713
205.314,1.690
207.407,1.720
215.733,1.707
223.982,1.729
235.507,1.713
237.675,1.764
249.465,1.729
252.554,1.720
297.371,1.700
298.552,1.707
309.164,1.694
312.855,1.720
0.876,1.787
17.410,1.787
42.741,1.839
129.524,1.757
141.351,1.778
156.284,1.800
179.883,1.820
199.406,1.769
250.607,1.800
268.914,1.787
285.219,1.787
287.200,1.827
293.389,1.812
5.142,1.900
24.605,1.836
41.486,1.891
75.886,1.867
82.229,1.872
83.389,1.861
97.524,1.867
103.637,1.858
111.907,1.854
169.278,1.854
184.457,1.867
186.438,1.827
187.695,1.867
212.476,1.862
214.078,1.880
220.571,1.887
227.293,1.854
247.571,1.907
258.457,1.892
300.230,1.899
302.552,1.867
10.895,1.947
23.312,2.000
86.895,1.907
122.550,1.973
152.855,1.960
163.870,1.962
175.049,1.979
177.012,1.930
181.981,1.947
201.487,1.925
217.143,1.907
253.790,1.947
275.906,1.958
279.848,1.921
290.514,1.947
66.173,2.059
74.726,2.014
80.398,2.014
92.914,2.027
119.602,2.040
137.735,2.014
173.921,2.010
192.630,2.016
232.076,2.027
273.341,2.067
311.754,2.014
32.990,2.077
46.362,2.067
47.810,2.147
90.552,2.131
107.184,2.164
115.716,2.120
145.998,2.120
168.135,2.120
178.590,2.139
183.183,2.118
198.116,2.096
233.654,2.090
243.943,2.102
246.356,2.089
282.059,2.081
305.171,2.147
8.762,2.157
14.459,2.200
27.163,2.155
40.381,2.187
64.950,2.233
110.840,2.209
127.221,2.209
143.771,2.147
158.417,2.174
166.971,2.187
173.029,2.187
195.323,2.227
218.417,2.176
228.552,2.205
260.169,2.205
271.179,2.174
278.015,2.187
283.314,2.187
306.383,2.176
12.152,2.267
16.000,2.227
19.946,2.324
35.695,2.243
36.876,2.267
48.914,2.267
73.600,2.267
99.131,2.275
160.838,2.260
209.046,2.256
225.143,2.227
230.569,2.324
239.750,2.283
242.304,2.263
296.059,2.289
30.646,2.360
50.340,2.364
51.429,2.347
56.427,2.395
85.601,2.369
94.078,2.360
104.762,2.340
118.400,2.347
123.773,2.341
130.684,2.334
142.590,2.371
154.971,2.347
165.350,2.334
171.572,2.369
190.210,2.347
206.307,2.360
240.821,2.356
255.048,2.347
284.343,2.377
308.229,2.307
25.846,2.436
44.152,2.427
45.313,2.448
53.295,2.427
62.266,2.452
63.621,2.394
68.402,2.414
88.152,2.427
101.250,2.493
125.007,2.444
126.019,2.387
128.419,2.427
133.143,2.451
138.933,2.427
151.619,2.427
170.498,2.450
188.944,2.449
219.731,2.460
221.831,2.467
264.059,2.440
274.419,2.410
288.514,2.432
291.543,2.427
303.865,2.440
313.867,2.427
1.981,2.507
29.198,2.494
33.981,2.507
37.921,2.524
54.340,2.530
60.914,2.507
77.903,2.475
79.221,2.520
91.791,2.532
109.448,2.507
136.495,2.531
148.305,2.507
196.876,2.507
211.450,2.525
223.103,2.494
265.342,2.547
310.231,2.494
31.962,2.587
72.203,2.609
81.465,2.574
162.019,2.587
185.397,2.609
204.114,2.557
234.629,2.611
238.425,2.645
256.322,2.574
262.514,2.587
267.962,2.627
276.952,2.557
286.231,2.600
299.238,2.604
4.094,2.713
10.020,2.699
13.431,2.684
18.494,2.656
22.112,2.680
69.562,2.637
95.678,2.654
105.812,2.654
108.152,2.667
117.486,2.667
121.656,2.713
134.993,2.654
150.298,2.689
181.105,2.641
191.276,2.667
200.418,2.673
210.193,2.654
236.056,2.645
251.657,2.676
257.522,2.673
266.535,2.656
270.248,2.660
280.955,2.667
289.473,2.689
57.829,2.747
67.107,2.734
70.840,2.760
84.381,2.747
96.859,2.736
157.371,2.747
159.924,2.777
207.810,2.747
215.124,2.787
216.419,2.723
226.303,2.760
248.800,2.771
261.373,2.741
294.590,2.723
6.283,2.812
39.695,2.827
76.876,2.827
102.610,2.810
113.600,2.787
114.741,2.833
147.026,2.810
153.769,2.814
176.000,2.827
179.855,2.875
213.867,2.827
237.143,2.827
245.067,2.851
249.960,2.838
300.593,2.845
301.754,2.867
7.469,2.881
11.322,2.955
16.935,2.918
20.859,2.885
42.856,2.940
82.683,2.911
89.507,2.971
129.602,2.940
131.810,2.947
140.087,2.925
144.649,2.913
194.248,2.907
202.764,2.920
205.236,2.896
232.897,2.920
269.046,2.894
272.152,2.907
278.970,2.939
292.762,2.907
309.220,2.875
28.021,3.000
41.582,2.965
55.429,2.987
97.981,3.035
164.460,3.027
177.507,2.974
201.623,3.009
220.989,3.059
224.076,3.035
229.638,3.017
253.203,2.970
297.029,2.987
312.724,2.987
15.255,3.080
52.229,3.067
112.229,3.067
116.131,3.124
119.416,3.089
134.041,3.050
163.086,3.027
166.226,3.084
183.812,3.093
186.650,3.080
198.971,3.067
212.610,3.067
259.183,3.054
302.912,3.084
0.784,3.130
40.610,3.177
47.162,3.117
58.971,3.117
75.581,3.147
86.947,3.173
93.143,3.147
94.603,3.205
100.136,3.165
145.943,3.147
182.050,3.195
187.716,3.160
193.160,3.125
197.714,3.187
217.583,3.160
247.581,3.147
283.124,3.177
307.238,3.147
5.204,3.292
80.267,3.227
141.333,3.227
143.506,3.221
149.235,3.244
155.962,3.227
168.703,3.240
195.770,3.259
225.205,3.289
273.143,3.257
285.371,3.227
287.429,3.280
290.552,3.251
24.480,3.362
34.836,3.320
49.697,3.296
74.379,3.294
152.593,3.320
167.560,3.285
174.781,3.307
192.152,3.337
206.819,3.307
231.619,3.307
243.200,3.307
254.231,3.320
271.069,3.320
311.526,3.294
23.046,3.355
32.971,3.370
61.524,3.387
104.076,3.387
122.953,3.372
124.343,3.387
137.410,3.387
171.175,3.445
172.284,3.374
173.731,3.374
240.097,3.442
241.432,3.403
275.751,3.365
8.764,3.441
19.449,3.478
29.974,3.507
38.843,3.485
46.097,3.461
50.819,3.507
62.843,3.500
64.208,3.456
65.143,3.493
88.479,3.450
90.819,3.467
120.626,3.454
125.537,3.525
126.971,3.467
147.793,3.480
154.590,3.467
178.706,3.499
228.429,3.507
246.268,3.478
281.981,3.427
295.691,3.545
306.057,3.437
12.512,3.596
37.333,3.547
43.807,3.514
48.571,3.547
56.952,3.507
60.076,3.547
72.990,3.547
83.639,3.562
85.945,3.553
99.200,3.507
118.438,3.547
128.114,3.507
158.603,3.569
189.295,3.547
190.590,3.627
211.048,3.547
219.438,3.599
223.010,3.507
227.383,3.579
264.520,3.601
277.905,3.523
304.596,3.609
14.307,3.640
26.684,3.618
36.085,3.667
44.854,3.615
106.286,3.627
107.446,3.614
111.107,3.644
130.743,3.627
138.574,3.676
161.133,3.667
209.387,3.642
233.960,3.610
250.933,3.627
255.543,3.627
260.551,3.614
265.752,3.627
267.407,3.644
284.305,3.587
298.321,3.667
308.325,3.649
310.248,3.627
1.774,3.690
68.943,3.747
70.514,3.707
101.751,3.713
133.088,3.730
135.983,3.694
142.498,3.690
170.019,3.707
207.933,3.747
235.316,3.675
236.533,3.707
238.837,3.722
244.345,3.733
263.255,3.720
274.357,3.686
291.886,3.737
313.659,3.720
17.967,3.805
25.582,3.796
71.924,3.817
77.790,3.787
79.069,3.774
150.302,3.770
181.126,3.805
184.821,3.800
204.284,3.800
221.925,3.778
237.705,3.827
252.287,3.798
262.133,3.787
276.800,3.757
280.516,3.796
299.640,3.778
10.476,3.867
33.926,3.878
42.306,3.929
81.788,3.843
104.990,3.900
109.850,3.880
113.867,3.867
153.502,3.850
162.310,3.901
176.648,3.867
196.914,3.867
200.267,3.827
269.943,3.883
20.495,3.947
21.655,3.960
31.602,3.960
53.164,3.960
54.535,3.960
66.366,3.947
67.626,3.981
91.978,3.970
96.746,4.004
108.745,3.936
151.617,4.012
156.778,3.930
157.752,3.947
163.697,3.915
183.088,3.980
205.465,3.958
216.136,4.004
230.493,4.005
256.631,3.930
257.958,3.996
286.286,3.947
288.440,3.934
293.469,3.960
301.144,3.964
28.893,4.040
95.429,4.067
115.183,4.040
117.393,4.014
145.067,4.027
146.760,4.014
165.374,4.053
175.619,4.020
193.867,3.987
195.010,4.027
218.077,4.002
220.648,4.060
226.210,4.027
248.440,4.040
272.139,4.053
296.779,4.014
303.505,4.067
4.401,4.122
15.791,4.132
55.924,4.067
76.533,4.083
84.913,4.089
97.888,4.094
102.895,4.067
140.038,4.155
159.974,4.126
185.963,4.129
212.055,4.120
214.590,4.107
224.059,4.094
249.639,4.100
268.648,4.107
6.823,4.159
57.998,4.200
87.484,4.209
94.095,4.217
129.029,4.163
134.552,4.157
155.657,4.235
179.810,4.217
198.971,4.187
201.524,4.213
206.840,4.218
213.392,4.178
232.440,4.200
242.381,4.214
289.486,4.147
302.248,4.187
47.048,4.267
51.869,4.280
59.238,4.291
116.343,4.267
119.352,4.307
123.484,4.256
131.771,4.267
141.524,4.227
166.590,4.267
173.008,4.256
187.183,4.254
202.819,4.307
229.257,4.267
259.388,4.272
266.479,4.307
309.257,4.307
312.291,4.285
0.686,4.356
5.771,4.322
11.581,4.317
16.974,4.360
27.657,4.347
41.027,4.379
60.838,4.347
89.578,4.364
188.571,4.317
191.712,4.334
192.669,4.370
245.410,4.347
247.010,4.347
273.143,4.317
279.352,4.347
311.086,4.347
9.376,4.488
13.289,4.485
75.104,4.402
80.229,4.457
100.781,4.460
112.059,4.440
122.229,4.410
136.914,4.427
143.449,4.449
177.769,4.414
182.150,4.452
285.333,4.427
291.093,4.475
306.916,4.438
8.000,4.507
49.773,4.496
63.360,4.539
73.752,4.507
124.688,4.507
127.505,4.507
168.533,4.507
171.991,4.547
210.254,4.547
225.067,4.507
228.246,4.518
241.085,4.551
253.316,4.494
254.590,4.531
271.145,4.520
294.722,4.529
297.848,4.490
23.945,4.576
30.578,4.609
39.695,4.587
45.717,4.575
120.834,4.587
126.010,4.618
130.150,4.574
149.083,4.570
158.781,4.587
178.629,4.587
189.829,4.587
239.749,4.648
275.276,4.620
282.836,4.574
14.612,4.716
26.404,4.677
72.800,4.667
82.646,4.688
84.038,4.647
88.669,4.654
90.895,4.667
145.867,4.667
147.902,4.690
169.658,4.681
197.883,4.690
217.076,4.707
219.465,4.699
222.874,4.654
234.607,4.690
236.838,4.667
260.517,4.672
265.180,4.635
305.465,4.689
19.429,4.779
33.105,4.747
38.383,4.760
44.303,4.747
48.612,4.741
57.143,4.747
62.154,4.760
104.057,4.722
133.486,4.707
170.878,4.734
174.476,4.811
209.088,4.730
227.107,4.778
243.713,4.758
250.362,4.777
281.580,4.755
287.504,4.795
37.105,4.827
43.122,4.801
65.029,4.787
69.807,4.840
71.297,4.814
78.589,4.795
117.981,4.827
142.494,4.805
152.990,4.867
160.783,4.860
181.061,4.905
183.946,4.817
204.360,4.818
207.907,4.850
255.727,4.874
262.916,4.876
284.152,4.827
304.419,4.827
307.962,4.820
18.116,4.894
25.030,4.901
34.629,4.907
86.191,4.922
92.495,4.907
99.010,4.907
102.100,4.940
105.833,4.947
106.976,4.867
154.074,4.920
200.610,4.867
221.790,4.887
231.451,4.903
235.903,4.894
251.657,4.907
261.601,4.901
267.771,4.907
276.516,4.918
292.457,4.907
298.971,4.907
31.910,5.041
35.846,5.019
77.410,4.987
81.202,4.974
108.207,4.974
110.781,4.957
112.974,5.000
137.998,4.974
144.590,4.982
161.695,5.035
164.476,5.005
195.657,4.987
215.026,4.974
264.076,4.987
269.526,5.027
274.133,4.947
278.093,4.981
280.520,5.009
295.789,4.965
50.857,5.067
55.276,5.067
109.511,5.089
139.149,5.125
149.997,5.084
151.565,5.084
163.011,5.061
185.219,5.027
190.741,5.166
211.293,5.090
230.230,5.045
246.400,5.067
249.198,5.078
300.305,5.027
313.578,5.050
12.436,5.134
20.859,5.134
53.829,5.147
66.113,5.136
68.478,5.134
96.547,5.201
136.000,5.147
176.267,5.147
205.770,5.158
257.122,5.158
310.095,5.147
1.829,5.187
4.913,5.233
67.446,5.214
85.047,5.212
93.740,5.285
97.778,5.249
114.401,5.195
132.533,5.227
155.259,5.240
156.665,5.205
166.150,5.210
187.856,5.267
193.241,5.288
194.607,5.240
238.724,5.222
258.420,5.231
301.821,5.299
10.706,5.275
140.837,5.339
146.835,5.364
167.505,5.267
173.210,5.347
189.038,5.347
212.478,5.285
220.514,5.325
244.800,5.347
286.378,5.290
303.276,5.307
47.450,5.400
100.305,5.387
119.429,5.387
131.276,5.347
159.657,5.387
179.708,5.409
196.952,5.387
201.943,5.387
218.346,5.444
225.943,5.387
232.800,5.387
247.903,5.376
29.469,5.480
41.968,5.521
60.055,5.454
75.886,5.437
79.484,5.480
95.467,5.467
117.240,5.480
123.294,5.458
127.010,5.497
128.876,5.427
158.036,5.480
186.286,5.467
213.887,5.456
224.267,5.467
237.676,5.467
242.193,5.471
272.000,5.467
293.754,5.435
306.438,5.467
308.916,5.499
312.517,5.490
7.076,5.564
16.152,5.547
22.057,5.547
23.352,5.571
28.320,5.537
30.895,5.523
58.514,5.556
61.295,5.547
89.755,5.580
115.543,5.547
124.608,5.579
134.857,5.540
170.416,5.564
191.907,5.534
198.722,5.560
203.202,5.535
206.992,5.525
229.198,5.534
288.457,5.587
289.735,5.560
0.800,5.587
3.542,5.621
8.533,5.647
13.676,5.627
40.703,5.640
72.190,5.627
87.276,5.587
103.179,5.636
111.831,5.640
121.849,5.638
136.855,5.640
143.467,5.627
183.072,5.661
215.924,5.627
234.028,5.667
254.857,5.627
259.622,5.661
273.122,5.616
285.142,5.698
291.259,5.640
296.648,5.627
311.124,5.627
6.019,5.687
20.038,5.707
27.150,5.688
33.752,5.755
38.507,5.755
39.581,5.707
44.855,5.718
56.122,5.755
64.076,5.713
70.514,5.707
73.388,5.694
74.610,5.682
120.762,5.667
175.354,5.675
177.354,5.694
210.590,5.778
252.724,5.667
260.946,5.754
268.533,5.707
270.688,5.694
274.650,5.720
297.979,5.742
14.971,5.787
18.912,5.774
25.806,5.848
36.588,5.774
46.228,5.762
208.199,5.820
209.354,5.774
227.999,5.755
253.714,5.787
277.295,5.787
278.819,5.787
17.295,5.827
51.943,5.885
57.371,5.867
62.742,5.861
69.283,5.925
82.170,5.899
91.124,5.899
101.465,5.846
125.676,5.867
130.040,5.854
147.930,5.882
149.274,5.880
169.105,5.827
171.619,5.867
174.362,5.867
217.126,5.880
219.371,5.892
235.162,5.867
236.457,5.867
241.067,5.846
265.905,5.893
275.769,5.895
282.912,5.854
9.678,5.973
24.345,5.987
32.561,5.965
35.087,5.956
76.916,5.979
83.695,5.947
118.231,6.004
133.655,5.960
156.021,5.934
163.696,5.941
178.476,5.923
181.846,5.936
221.943,5.967
222.971,5.907
250.306,5.936
256.190,5.947
267.238,5.947
292.495,5.947
295.026,5.934
299.505,5.973
304.190,5.947
307.714,5.930
43.357,6.039
49.867,6.003
78.264,6.050
86.286,6.027
88.474,6.014
110.840,6.040
139.793,6.050
150.781,6.007
165.219,6.027
195.505,6.027
199.813,6.073
201.131,6.067
239.848,6.021
243.369,6.014
251.522,6.076
280.152,6.053
281.221,6.033
300.971,6.041
11.733,6.137
48.875,6.075
53.067,6.107
65.219,6.087
80.533,6.067
138.210,6.107
142.202,6.133
153.469,6.090
154.362,6.107
162.476,6.107
180.474,6.125
184.838,6.077
204.779,6.096
245.676,6.083
262.171,6.067
263.407,6.120
284.046,6.115
54.419,6.205
66.912,6.218
92.800,6.157
96.799,6.258
104.443,6.238
107.143,6.192
108.457,6.187
109.697,6.200
112.838,6.187
128.038,6.187
146.150,6.174
194.164,6.235
211.868,6.165
226.933,6.163
247.421,6.219
248.703,6.200
264.533,6.187
68.093,6.250
94.383,6.280
105.905,6.237
113.964,6.280
135.924,6.227
152.288,6.254
160.229,6.267
161.293,6.273
176.343,6.267
214.646,6.254
231.293,6.284
244.381,6.267
258.626,6.267
287.503,6.299
2.743,6.307
116.438,6.372
119.565,6.364
158.988,6.364
166.874,6.360
172.648,6.347
188.457,6.347
189.638,6.347
191.048,6.347
192.790,6.387
198.095,6.377
213.218,6.379
230.171,6.347
238.531,6.364
257.411,6.354
269.773,6.369
286.229,6.365
302.552,6.387
310.133,6.371
99.355,6.433
132.533,6.467
186.057,6.427
187.276,6.427
196.664,6.450
206.019,6.427
220.914,6.427
225.084,6.440
305.267,6.435
18.095,6.587
30.349,6.565
131.298,6.490
157.616,6.524
202.686,6.534
288.762,6.507
308.906,6.547
312.669,6.494
12.825,6.609
22.740,6.561
58.303,6.600
75.467,6.587
84.822,6.606
115.107,6.600
141.200,6.582
145.197,6.604
218.325,6.619
223.924,6.587
233.067,6.617
311.450,6.574
313.790,6.587
4.933,6.642
10.722,6.656
29.067,6.667
31.792,6.656
45.504,6.682
50.918,6.686
71.535,6.739
79.543,6.707
83.049,6.713
98.095,6.667
123.429,6.693
137.180,6.699
143.414,6.692
168.229,6.637
169.846,6.680
171.086,6.707
207.179,6.654
237.511,6.689
271.526,6.654
278.035,6.690
293.371,6.667
21.524,6.747
25.256,6.779
26.629,6.723
27.771,6.747
37.439,6.787
41.998,6.734
48.017,6.734
59.352,6.747
60.533,6.747
61.812,6.730
72.869,6.755
74.380,6.772
95.792,6.736
100.457,6.747
122.142,6.787
127.010,6.777
134.933,6.747
183.909,6.757
234.193,6.760
253.964,6.765
273.943,6.707
1.371,6.787
16.550,6.876
35.898,6.902
39.179,6.840
117.410,6.875
129.126,6.840
173.790,6.827
216.212,6.814
228.974,6.844
252.648,6.857
259.732,6.872
272.626,6.814
289.964,6.840
295.886,6.827
303.390,6.827
6.248,6.933
20.406,6.954
46.838,6.890
56.666,6.989
70.003,6.930
81.312,6.938
87.429,6.907
90.514,6.877
91.826,6.920
111.733,6.947
124.611,6.913
125.736,6.890
130.133,6.978
148.783,6.920
177.389,6.953
182.743,6.867
208.607,6.913
211.048,6.907
235.488,6.894
255.314,6.907
276.343,6.947
282.253,6.925
297.410,6.907
300.213,6.926
3.752,7.022
7.483,6.996
14.095,6.947
40.395,7.042
63.333,6.970
86.230,6.999
88.822,7.044
103.068,7.022
164.473,7.006
165.867,7.027
240.629,7.045
242.246,7.005
246.522,6.995
249.542,6.991
284.931,7.081
291.390,6.987
294.667,6.987
298.572,6.983
306.590,6.987
15.055,7.099
33.123,7.082
44.305,7.067
55.353,7.148
64.495,7.067
66.003,7.107
68.907,7.099
76.628,7.110
151.467,7.027
155.581,7.097
163.294,7.076
175.199,7.099
181.202,7.078
195.581,7.067
209.790,7.027
219.561,7.042
226.265,7.078
227.848,7.107
251.237,7.139
256.483,7.089
261.123,7.077
262.531,7.137
263.962,7.067
301.634,7.114
2.809,7.595
9.137,7.154
34.248,7.147
150.114,7.130
154.286,7.177
190.438,7.147
200.667,7.157
201.735,7.138
212.343,7.147
213.997,7.159
239.410,7.172
243.468,7.195
267.750,7.170
275.067,7.130
307.901,7.277
53.740,7.249
67.390,7.227
101.770,7.238
133.924,7.260
138.840,7.216
142.292,7.300
146.705,7.227
152.990,7.197
156.684,7.220
159.649,7.267
176.250,7.244
189.164,7.240
191.907,7.240
199.257,7.210
203.826,7.214
217.219,7.187
222.667,7.187
232.076,7.257
248.018,7.205
266.306,7.216
268.893,7.240
280.666,7.290
283.200,7.187
78.127,7.409
93.466,7.368
110.514,7.307
136.246,7.298
144.268,7.339
161.735,7.342
167.484,7.285
179.998,7.296
205.142,7.275
245.059,7.355
270.559,7.334
279.486,7.325
23.639,7.395
99.293,7.400
104.224,7.591
105.609,7.601
112.876,7.347
172.296,7.427
178.743,7.357
185.236,7.400
186.498,7.410
194.248,7.387
215.103,7.400
258.001,7.452
265.084,7.374
108.094,7.478
109.277,7.492
118.875,7.453
127.869,7.450
158.451,7.489
187.792,7.445
196.838,7.467
225.219,7.467
230.210,7.467
12.193,7.541
26.196,7.768
43.254,7.534
48.921,7.606
49.741,7.592
52.724,7.587
96.746,7.604
106.895,7.594
114.057,7.547
168.896,7.623
206.362,7.547
236.808,7.579
286.906,7.644
292.719,7.575
84.178,7.642
94.592,7.698
97.943,7.603
312.102,7.649
13.410,7.747
30.465,7.751
35.116,7.772
38.132,7.685
80.463,7.813
132.851,7.765
233.202,7.720
304.401,7.741
307.500,8.451
309.360,7.822
313.234,7.842
36.941,7.916
115.297,7.798
116.478,7.774
140.992,7.870
145.752,7.757
197.981,7.811
218.932,7.819
290.839,7.874
4.486,8.004
17.468,7.971
28.440,7.856
44.913,7.899
46.095,7.827
47.484,7.854
51.592,7.958
62.035,8.017
92.495,7.987
122.704,8.110
135.200,7.867
207.450,7.854
221.257,7.867
223.868,7.856
238.100,7.867
252.474,7.937
260.442,7.971
277.372,7.880
285.754,7.968
289.406,8.022
293.333,7.827
302.673,7.952
310.608,7.878
0.457,7.907
5.611,8.040
8.495,7.947
15.346,8.533
22.361,7.993
24.475,7.933
40.859,7.972
57.572,8.061
59.962,7.907
71.467,7.907
73.809,8.512
89.676,7.977
91.276,7.907
124.155,7.987
126.590,7.947
129.127,8.004
131.429,7.947
137.659,7.934
157.495,7.987
177.879,7.969
193.392,7.936
216.495,7.907
241.600,7.907
278.493,7.934
288.228,8.691
293.653,8.336
300.048,8.009
305.712,8.003
6.857,8.214
14.629,7.987
21.220,8.073
56.008,8.197
75.066,8.037
82.857,8.056
85.579,8.018
118.217,8.214
120.686,7.987
125.410,8.027
148.190,8.027
149.541,8.016
166.552,8.075
170.325,8.098
212.990,8.051
217.676,8.067
227.446,8.049
228.952,8.027
231.199,8.059
234.438,8.057
253.486,8.027
259.133,8.139
272.495,8.027
273.869,8.067
295.447,8.103
10.095,8.131
11.159,8.125
32.076,8.107
39.446,8.132
41.884,8.213
54.566,8.279
58.878,8.094
66.743,8.067
87.309,8.133
100.876,8.067
130.171,8.107
143.351,8.140
165.156,8.129
173.262,8.290
174.375,8.129
181.008,8.162
182.211,8.101
183.240,8.140
209.458,8.122
235.704,8.161
254.642,8.381
261.921,8.090
271.367,8.137
275.733,8.147
281.121,8.760
282.723,8.203
297.552,8.199
33.890,8.251
49.732,8.738
81.618,8.245
104.985,8.355
139.530,8.209
150.857,8.227
162.661,8.209
189.714,8.217
192.398,8.174
200.266,8.181
201.633,8.261
203.030,8.200
240.564,8.248
242.516,8.227
244.040,8.252
248.745,8.174
267.124,8.285
269.758,8.268
1.448,8.227
72.610,8.227
75.962,8.227
146.954,8.254
152.381,8.267
155.999,8.235
163.849,8.261
175.639,8.393
210.650,8.280
214.171,8.267
220.076,8.267
222.287,8.299
226.150,8.280
257.143,8.227
264.419,8.227
283.352,8.227
308.515,8.471
63.924,8.307
68.253,8.747
123.926,8.839
161.590,8.485
167.866,8.402
171.684,8.427
184.713,8.365
187.200,8.317
188.533,8.347
191.086,8.307
194.802,8.396
204.306,8.395
250.873,8.405
256.038,8.307
301.722,8.534
16.762,8.387
121.054,8.678
179.183,8.414
195.903,8.414
211.864,8.410
224.931,8.440
232.161,8.476
284.012,8.729
291.994,8.665
59.124,8.467
77.562,8.467
134.241,8.521
160.114,8.507
205.579,8.494
256.457,8.467
279.571,8.645
306.743,8.467
76.343,8.547
92.124,8.858
185.964,8.574
230.095,8.658
25.276,8.856
75.178,8.959
80.072,8.871
82.328,9.019
99.960,8.661
102.597,8.723
110.798,8.739
119.721,8.760
136.504,8.707
199.046,8.699
215.446,8.656
239.149,8.640
278.286,8.902
313.219,8.627
7.892,8.899
13.638,8.795
27.821,9.016
30.578,8.903
55.373,8.942
61.471,8.972
158.764,8.734
245.174,8.913
249.250,9.023
289.282,9.162
305.676,8.707
2.602,9.024
5.570,9.100
10.929,9.025
18.961,8.918
37.993,8.961
53.881,9.030
56.892,8.943
57.950,8.857
76.834,8.953
93.502,8.950
144.457,8.810
177.211,8.908
237.049,8.812
296.325,9.128
303.820,8.969
305.105,8.949
311.369,8.844
3.684,8.996
17.093,9.057
32.977,9.018
35.309,9.060
44.208,8.898
47.934,9.017
51.301,9.022
59.427,8.954
72.720,8.975
83.774,9.010
90.629,9.030
96.229,8.947
97.654,9.055
101.622,8.963
138.561,8.986
142.362,8.867
246.571,8.903
255.875,9.208
266.895,8.867
290.524,9.066
298.485,9.048
310.457,8.963
312.614,8.947
314.029,8.952
9.029,9.067
12.387,9.060
21.396,9.050
22.734,9.011
40.334,9.027
66.138,9.037
70.967,9.080
78.193,9.114
89.173,9.043
95.259,9.045
113.583,9.110
127.473,9.014
247.810,9.073
252.709,9.106
257.099,9.165
259.683,9.212
268.960,9.052
271.804,9.098
276.623,9.230
286.270,9.080
302.854,9.161
20.425,9.094
29.333,9.067
31.641,9.121
41.503,9.078
46.684,9.056
52.705,9.111
63.260,9.121
64.835,9.083
86.629,9.067
87.905,9.065
117.202,9.143
125.926,9.069
130.985,9.121
132.212,9.050
141.333,9.055
145.648,9.092
156.724,9.067
168.727,9.125
174.598,9.214
233.318,9.086
234.590,9.138
261.371,9.084
306.318,9.124
43.101,9.146
45.506,9.168
84.909,9.123
99.029,9.145
104.114,9.107
129.621,9.158
148.927,9.169
165.850,9.160
172.836,9.283
217.600,9.147
235.894,9.230
267.733,9.187
275.322,9.214
282.042,9.181
294.584,9.180
299.727,9.147
309.371,9.154
1.236,9.214
107.695,9.203
117.943,9.187
128.477,9.202
133.388,9.210
135.217,9.238
151.623,9.289
154.230,9.288
176.274,9.299
192.876,9.267
197.658,9.242
207.413,9.288
216.533,9.227
238.210,9.294
241.925,9.219
254.670,9.232
262.614,9.219
266.551,9.235
301.088,9.225
112.045,9.314
137.448,9.307
146.630,9.339
150.352,9.280
153.007,9.320
155.526,9.318
162.190,9.305
163.321,9.303
169.960,9.347
171.262,9.327
180.134,9.282
194.286,9.307
195.293,9.320
200.896,9.297
202.133,9.296
206.169,9.328
222.822,9.302
224.095,9.332
225.698,9.354
227.084,9.355
240.575,9.358
243.124,9.355
263.903,9.296
265.200,9.302
270.375,9.365
272.970,9.296
106.204,9.605
109.006,9.383
140.038,9.396
143.436,9.435
147.886,9.357
157.740,9.445
159.589,9.435
167.060,9.445
178.401,9.394
181.257,9.367
183.771,9.347
185.333,9.427
189.333,9.357
190.535,9.409
191.657,9.347
196.419,9.395
199.786,9.400
208.618,9.427
209.926,9.427
211.200,9.419
219.161,9.382
221.544,9.369
228.608,9.394
230.873,9.444
250.817,9.393
274.166,9.369
160.878,9.435
164.631,9.480
182.466,9.455
186.762,9.485
188.040,9.455
220.325,9.476
232.116,9.476
115.496,9.682
203.588,9.512
212.322,9.536
213.524,9.523
214.629,9.507
236.876,9.507
204.838,9.603
245.486,9.587
3.886,9.867
2.971,10.547
