0.791939456155737
0.791939456155737
0.58864910642333
0.585241986877892
0.600107378491528
0.650538983928944
0.707144188678629
0.794285317107549
0.901436000631736
0.962797902815013
0.98827436463233
0.995661657179497
0.995860138256158
0.995805933399713
0.996101419811877
0.995492120327635
0.995047915639167
0.994220568039505
0.994023227852215
0.993718890368623
0.993887820690083
0.993820124334253
0.993915718801745
0.993720783313803
0.993237366425801
0.993220510817706
0.993758919084468
0.994133739490389
0.994065070297094
0.994212873052868
0.994190257064982
0.994227373285984
0.994447143831489
0.994602377359661
0.994589694151282
0.994793120928399
0.994763426449551
0.994940721824434
0.994918762477416
0.995010879771115
0.995028621414603
