0.493306532301137
0.493306532301137
0.360098288706302
0.402884701122792
0.473766012390646
0.60115835143784
0.732910057051608
0.810491688248613
0.866239949330144
0.890941181070359
0.909625147683306
0.922989098406717
0.932996547815486
0.939859976232439
0.945350270576978
0.950038047962658
0.952763611980799
0.95623657857822
0.959596635094697
0.961732252868892
0.962681983112263
0.96497890153561
0.965472546378291
0.966458850735677
0.96697145301062
0.968111282916012
0.96934141263155
0.970203014502932
0.970879937648305
0.971719849482206
0.972455988994876
0.973518360778611
0.973693156350069
0.97403185758725
0.974359138290283
0.974868883828581
0.975779283474977
0.976136749880948
0.976739095687913
0.976941203393043
0.977165389087544
