77.676000,5.420000
133.790000,5.051000
222.321700,0.781216
50.791000,3.525274
75.977000,1.125000
116.762000,4.570000
37.667000,5.700000
256.824700,0.508894
205.635000,2.123000
149.239000,-0.729000
180.895000,4.481000
76.277000,5.980000
268.623000,-3.996000
78.715000,4.280000
300.095000,3.802000
285.455000,4.266000
25.148000,0.908000
61.181000,1.245000
61.150000,-4.415000
293.320000,1.433000
119.124000,4.420000
155.143000,2.990000
213.185000,-3.055000
120.316200,5.072981
214.862000,0.048000
82.371000,3.494000
208.908000,-3.974000
258.376900,2.275499
175.009000,3.037000
177.506000,-2.775000
211.989300,-2.623335
191.873000,2.192000
70.428000,-1.748000
247.048000,4.010000
120.218200,-4.118785
139.557000,1.365000
224.067000,2.419000
55.943000,-3.950000
223.658000,5.641025
77.676000,6.690000
31.547780,-3.688747
202.941000,6.160000
289.891000,-0.215000
226.967000,-3.210000
48.483540,4.623300
207.910000,2.619000
66.624000,3.801000
95.490000,-4.015000
147.835000,5.286000
52.686000,-2.365000
236.039500,6.212291
146.571000,-1.230000
48.531000,1.186000
101.302000,2.643000
157.295000,-2.955000
298.586300,-2.155510
248.051200,2.813877
298.231500,2.232930
20.761000,4.600000
143.272000,-1.883000
73.514000,5.660000
63.781000,3.989000
84.354000,0.742000
92.705000,2.130000
313.040300,-3.859569
194.062600,-4.079700
305.309000,-1.375000
90.819000,4.000000
93.934000,2.392000
86.644580,4.643218
146.784000,-2.704025
248.183000,-3.150000
151.381400,4.617926
78.609000,-2.926000
45.921000,-3.125000
53.328610,0.788799
89.714000,3.540000
271.804000,-1.818000
275.627000,-1.768183
32.187000,-0.621000
77.050000,-0.950000
148.890900,1.788759
83.748000,3.586000
236.123000,7.660000
23.099000,3.753000
205.372000,7.940000
161.019900,5.740726
289.866000,2.550000
202.128100,0.181407
140.571000,3.940000
118.489500,6.868516
127.989000,-0.752000
249.217000,-2.134000
224.368000,9.246000
78.051000,-0.408000
81.670000,1.228000
28.324000,0.944000
73.463000,1.955000
275.894000,0.159965
7.733000,-2.335000
54.308000,-0.382000
164.528000,6.419000
161.382000,-3.500000
289.923400,1.178338
14.990000,-0.090000
138.990000,5.980000
27.135000,5.886000
6.502000,-2.333000
272.837000,0.876000
82.904000,0.970000
252.288900,5.647323
91.409000,0.035000
185.867000,4.020000
84.169000,2.207000
163.654000,-0.040000
236.440900,9.119087
249.249000,-3.669000
173.812500,3.633547
215.698000,2.031000
182.044000,3.800000
191.886000,4.220000
9.999000,-1.321000
253.360300,0.892026
125.718700,-2.429655
8.216184,6.649087
130.728000,-3.649000
224.765000,-4.428000
199.684000,-2.525000
172.806000,2.749000
74.848000,1.210000
121.355200,5.491161
258.004600,0.118725
228.034000,-0.207523
252.127400,-2.973504
268.211500,4.923906
159.673000,1.140000
250.971000,5.320000
90.286000,5.429000
114.895000,6.580000
247.255000,-2.464000
117.973000,5.244000
152.870000,-3.495000
110.533000,-3.746000
205.539000,0.735000
116.696000,-0.994000
234.313600,-2.702529
141.839000,-1.509000
176.238000,3.968000
126.565000,1.691000
243.769100,6.999519
301.304000,-1.731150
59.649000,5.311000
43.147430,3.934779
241.248000,9.050000
144.619000,4.200000
269.877000,6.660000
180.383800,6.858541
137.924000,2.297000
233.685500,2.657391
133.575000,-4.716000
186.643000,3.023000
137.875600,-1.543010
174.922000,4.332000
92.302000,0.969000
229.977000,8.252000
255.292700,-1.402680
31.364270,4.505029
134.387000,3.838000
95.322000,3.263000
307.504200,8.465348
108.261000,-0.378000
117.799000,-0.235000
51.075000,-2.455000
191.993000,6.925000
209.327500,-0.304291
54.776000,0.880000
103.451000,0.898000
102.623000,-0.201000
257.746500,-2.097443
234.838000,6.960000
162.119100,5.525274
211.243100,5.611163
45.621000,3.021000
132.118000,-2.925000
112.724000,5.591000
267.014500,-0.593697
285.726600,8.847580
88.909000,0.810000
130.036000,2.415000
229.400800,-2.255586
273.401000,-0.242000
286.834400,9.012420
118.975000,-1.049000
288.462000,-1.995000
140.578000,0.603000
274.214000,2.222068
154.781000,4.430000
38.081690,3.586419
114.922000,-0.834000
85.162000,4.850000
18.723000,2.148000
127.551000,5.500000
105.546000,2.178000
219.391000,0.708000
36.152000,5.700000
249.046800,2.303648
172.168700,3.829895
277.388200,2.619394
94.691080,4.869323
190.291000,2.030000
28.430000,-2.831000
119.048000,5.640000
103.426000,6.872000
119.003000,3.146000
69.839510,5.917229
244.511300,7.972039
7.412000,0.312000
32.433000,6.633000
162.229000,-2.350000
77.144000,0.517000
60.346000,-0.001000
187.219000,-1.355000
3.586000,-2.995000
32.494510,4.005183
183.467000,3.631000
265.636500,8.976300
83.190000,-3.875000
251.427700,0.718889
269.312000,7.891000
168.975000,-4.438000
214.473300,1.226766
274.950900,-0.432887
217.078500,0.566740
139.970000,-4.210000
113.667000,6.920000
121.110500,3.012235
150.682000,-1.393000
49.526000,-4.391000
147.831000,1.047000
142.296000,3.760000
237.074200,-1.168905
63.802000,-1.246000
231.189000,4.084000
85.524000,0.059000
61.878000,0.211000
295.423000,-2.510000
100.738000,1.314000
95.440610,5.922179
307.878000,3.021000
87.918640,2.543263
183.995000,5.929000
215.878000,0.922000
145.645100,2.418972
211.119100,2.259630
180.424000,1.919000
8.952000,3.133000
175.448000,-1.159000
83.947700,-2.805626
28.362000,-1.465000
73.497120,0.680460
189.994000,-1.363000
0.811542,-0.129852
161.824000,1.330000
83.011810,-0.310428
286.997300,-2.327019
254.707100,0.156208
220.149500,-0.339929
72.131030,0.931869
37.476000,0.370000
19.135210,-3.211665
28.286000,2.265000
31.489040,5.822471
224.439800,6.895498
109.257500,0.692113
136.289000,-4.389000
146.063700,-0.057803
4.033708,0.529764
103.901000,-0.522000
265.769400,-2.107881
123.607000,-0.666000
158.606000,-0.530000
64.203000,-0.073000
54.714150,4.603662
165.981000,-3.763000
24.272000,2.451000
159.514000,-3.191000
213.495000,-4.375000
155.027100,-0.277207
311.813900,2.993694
136.892000,2.959000
139.327000,2.735000
265.224000,1.600000
202.517000,3.081000
57.371000,-1.440000
139.476000,-0.185000
39.925000,-0.098000
11.638000,4.700000
158.343000,3.400000
59.533000,-2.248000
181.000000,2.931902
79.482810,-3.730061
92.737780,-0.219799
55.610000,-2.870000
118.825000,-3.678000
39.597000,-1.460000
269.522100,-0.291728
14.050000,2.318000
41.953000,-3.267000
74.862000,5.661000
141.603000,4.865000
275.280000,-2.939000
80.538000,1.640000
306.402000,-0.636165
17.703000,1.401000
78.938930,5.609010
39.429000,4.220000
135.598700,3.657718
15.752740,-1.471884
177.181000,5.200000
49.048610,2.512586
303.064300,2.670571
157.462000,-0.062000
11.543740,5.895440
122.518400,-2.727184
173.283400,1.061991
224.586000,-0.665000
171.443000,4.881000
250.879200,7.850725
62.509000,1.400000
239.540500,-2.293289
252.273000,1.638000
250.200700,-3.025044
70.733000,-2.929000
111.886000,4.540000
74.789000,-4.166000
303.337600,-0.148591
268.703700,-1.056424
153.933800,-2.149870
285.447200,2.872970
68.857000,4.920000
198.695000,-3.205000
97.027000,-1.662000
77.081550,1.783898
83.414350,-1.520066
107.176000,-3.480000
150.234000,-0.154000
32.630890,5.323976
281.800000,1.635000
185.562000,2.683000
217.943000,3.940000
160.644000,-2.222000
157.393000,-1.563000
135.433000,1.744000
44.621000,4.160000
75.484000,4.666000
90.248000,1.225000
173.800000,-4.380000
174.580000,6.891000
198.433000,0.090000
4.720469,3.744953
53.718290,-1.353160
5.902775,7.193130
189.913000,-3.125000
89.192000,2.346000
299.810000,5.210000
62.971000,-2.809000
15.837200,3.066390
101.294900,-2.393443
223.177700,3.429981
132.202500,2.941038
184.127000,0.638000
165.048000,-0.869000
208.958900,3.226182
159.742000,3.739000
6.381789,-1.098287
196.117000,0.478000
67.042000,-2.331000
192.244000,-2.151000
82.989710,2.196065
258.422500,1.156939
97.219000,1.055000
106.081200,-0.293863
47.181000,-2.825000
293.681700,2.885201
142.977000,-3.992000
289.613400,-1.450259
75.772320,2.270503
124.786400,-4.337401
190.876000,7.120000
229.306000,-0.978000
302.509000,-1.580000
75.970000,-0.236000
93.531000,0.895000
2.928694,0.351005
177.537000,3.953000
283.953000,1.174000
154.023000,-3.743000
36.092000,0.446000
252.317600,0.041090
108.867600,5.289323
212.365200,4.761308
228.042300,-2.754006
176.834500,-0.408963
30.395000,-3.797000
312.244800,-2.672006
50.379000,2.483726
69.682360,2.236348
254.209000,7.057000
267.305000,0.698000
222.507000,-0.973000
25.866000,-0.292000
254.301900,-0.887219
110.713200,4.289402
149.048000,5.740000
140.362000,5.487000
42.420040,4.786511
52.178760,3.873326
40.696000,2.307000
142.611000,-2.831000
64.543620,4.965067
43.063000,-4.277000
42.112710,-0.821744
178.620000,3.560000
288.167000,-3.296000
190.650000,4.756000
12.830000,5.900000
288.504000,0.356000
5.619000,4.820000
81.836000,-0.109000
212.295000,2.330000
99.796930,-0.812708
243.359800,1.168201
93.521510,-4.166443
117.566800,-3.044901
43.120000,2.651000
237.269500,7.274754
62.781170,3.410389
93.254300,6.644415
198.349000,-4.529000
255.349900,-3.802678
281.401000,0.302000
70.977670,2.206768
85.176000,-2.859000
155.143000,-1.694000
235.178400,8.406988
25.455000,-1.878000
86.721590,7.026469
127.314000,-1.852000
57.534400,2.286877
263.865500,-4.125296
19.448000,6.420000
207.384400,9.179184
210.095200,2.901165
300.819000,6.900000
264.424400,3.329762
121.328000,-3.345000
259.017000,6.778000
99.950000,2.340000
166.257800,-0.521882
231.268000,-4.262000
250.357000,2.750914
96.206710,-0.494978
291.997000,-2.889000
29.119000,3.133000
89.124000,-3.725000
74.628850,-2.750728
220.278900,2.728285
112.394000,0.332000
247.163600,0.532369
269.189000,-2.385000
221.687000,-3.175000
108.113100,6.268259
130.823100,5.347627
121.146600,6.591566
71.642970,-1.319004
38.457000,4.820000
142.908900,5.690613
200.497400,1.971008
113.545000,2.770000
31.836000,2.200000
210.743400,8.042795
228.823200,8.316283
45.948460,4.293265
70.259000,-0.486000
95.759770,4.535906
132.271700,-1.390025
71.245320,3.479939
12.289000,-0.276000
160.284000,8.063000
16.675000,5.439000
25.191000,-3.609000
174.072000,2.230000
148.070000,-0.586738
44.396000,2.862000
253.404500,-0.223087
91.870000,2.940000
67.897000,5.820000
126.308200,5.996550
107.092800,0.186665
92.162000,-2.495000
295.886000,3.252000
9.628000,-0.226000
142.885000,-0.561000
168.560000,5.924000
55.594130,3.247904
253.045200,3.751722
82.646000,-2.522000
10.522710,-3.957055
209.106100,2.116509
225.848200,-3.621691
25.625000,6.030000
241.296800,1.812780
279.788300,2.054771
304.667000,-2.396000
177.152000,1.412000
269.897000,4.760000
113.753000,0.940000
40.498000,-3.846000
92.441490,-3.869558
209.388100,8.435430
13.048000,-1.319000
283.212200,-1.103766
30.578000,2.753000
19.816710,1.354941
89.358000,-1.574000
103.695000,5.470000
308.787000,4.327000
119.974000,2.452000
198.691500,6.881059
220.240200,5.291592
131.434000,0.671000
90.716000,6.700000
59.681000,-4.491000
2.449000,-3.379000
290.873000,-1.928000
125.850000,0.618000
33.078000,1.647000
29.555000,6.664340
217.782000,-2.701000
112.346600,1.695228
53.844910,6.828751
266.740300,2.964917
129.352000,3.640000
212.753000,9.240000
10.257000,6.040000
259.612200,0.677839
146.253000,-3.961000
115.367000,-3.315000
212.326000,-4.010000
188.775000,1.190000
21.846430,6.402085
3.578774,6.104524
38.651000,0.899000
34.926090,3.877343
101.550000,-1.009000
291.266000,7.848000
229.788200,4.736888
111.242000,3.305092
166.160000,-1.905000
65.283000,3.754000
47.109460,1.286021
124.733800,1.724140
232.749000,1.672000
122.300000,-1.445000
41.967000,3.566000
98.018000,3.975000
157.108000,2.606000
192.519000,-1.010000
309.323000,3.200000
80.705100,0.347494
189.717000,-4.478000
86.728000,-0.830000
278.766400,3.957059
160.281000,-4.309000
168.594000,-3.279000
294.428000,-1.838000
163.448000,5.720000
284.734000,0.212000
7.628000,2.750000
195.429700,5.120992
280.274400,6.965550
30.334980,4.063354
178.880000,0.003000
37.624040,1.630427
250.932500,3.814079
174.724000,5.661000
171.600000,-4.265000
33.019000,-1.748000
57.467000,4.620000
222.325300,-2.211940
102.505000,-2.906000
277.715900,8.771777
176.000500,-3.411308
192.763000,3.416000
74.671000,-0.153000
27.078700,1.748965
284.328500,2.340099
154.058300,6.138898
231.404000,2.707000
294.738000,2.526278
280.690300,-2.143221
294.419000,3.800000
151.340100,5.856219
172.499000,-3.242000
156.261800,0.250011
51.753000,-1.251000
288.078900,-0.734685
121.543000,4.260000
144.143000,-0.920000
292.303000,6.987104
245.524300,4.138301
23.646000,1.329000
105.953700,-4.345108
53.674730,1.854048
141.216000,2.946000
275.115000,-4.250000
260.035200,-2.537364
116.786100,0.847384
196.499600,5.450281
21.729000,-0.480000
182.547000,2.721000
41.644000,-2.058000
223.433000,-2.631000
152.814200,-2.180130
78.306710,0.702657
110.343600,0.127287
191.966000,0.277497
138.370000,3.600000
225.754300,1.142798
34.855520,4.994943
205.757000,9.340000
210.200000,1.595000
188.814100,-2.484592
141.678000,1.337847
67.750190,2.986598
156.932000,1.183000
136.636000,1.728000
138.774300,-4.021664
63.636380,5.621933
142.824100,1.100589
292.168700,8.521173
102.485700,1.834479
117.768000,-4.320000
258.758700,-4.335206
32.927000,0.322000
26.929300,2.859035
194.701000,-2.945000
56.342000,2.208000
239.481100,4.958539
312.637800,8.691468
145.749900,3.932871
217.966000,-1.437000
138.200000,-0.325000
82.667000,4.771000
298.247900,-3.912474
122.765100,5.589653
56.804000,-0.350000
159.744000,-0.189000
193.340100,-2.837832
2.524930,2.481247
74.267000,9.090000
10.324000,4.729000
197.735700,-2.317279
174.740000,-2.090000
301.105000,5.647000
170.881000,1.430000
116.639200,-2.343330
106.933000,1.295198
160.289000,6.772000
221.389600,-1.596292
21.749870,-4.175715
284.192500,3.451901
184.792800,6.948515
118.609000,-2.425000
81.839040,-3.636141
146.637700,4.822325
205.615000,-2.725000
190.943000,-2.315000
243.306700,4.964414
145.685000,-2.487975
218.750000,8.548000
253.599700,6.011350
42.833380,5.827540
245.637900,8.087604
49.293380,5.461928
284.455300,-1.251499
302.031000,-0.519000
206.153000,-0.375000
9.003919,4.615727
155.347500,5.805681
151.510600,-2.896013
270.602800,1.657947
261.067000,5.128000
231.102000,8.057000
55.659000,-0.359000
205.680500,3.341251
137.345200,5.734079
69.481210,-2.490433
96.540000,1.989000
45.590000,-1.765000
52.012750,0.091422
32.917400,2.906710
149.216000,-3.348000
67.183740,-3.529277
171.050300,3.770105
138.221000,1.093000
251.179800,-3.568930
26.236780,5.046484
178.367000,1.365000
54.867000,2.009000
121.469000,-4.650000
183.558000,-2.998000
238.879500,1.958568
251.998800,7.819275
193.135000,4.525000
4.800876,6.315054
49.764620,-2.591844
231.457400,6.402669
141.649000,5.990000
94.124000,3.730000
311.383700,6.418643
77.313000,-4.107000
100.313000,4.690015
108.189800,-1.609143
93.819770,-0.509290
39.551130,3.045696
201.624500,-3.718145
68.051350,0.583265
97.563060,5.435024
167.643000,2.685000
129.019000,-0.049000
276.288100,5.133335
83.962000,4.976000
242.214700,6.892083
52.910960,-0.577262
254.161600,9.012737
20.574380,7.250945
273.088000,-2.984000
147.915700,2.619668
108.204500,1.073887
24.457000,5.120000
133.349000,0.671521
286.948700,-1.207981
152.615000,-0.945000
29.560010,-1.470842
52.362000,5.080000
167.233000,0.392000
138.995400,-1.519990
231.434300,1.375564
268.598000,8.883000
246.122400,-0.485778
255.018300,3.492585
69.031840,3.182660
116.343000,5.669000
44.533000,-4.377000
54.915000,-1.678000
295.790000,6.850000
104.924900,5.813337
120.073000,-2.695000
306.857000,-1.970000
168.132000,1.528000
185.571000,-1.347000
117.681000,-1.649000
220.876000,4.080000
17.807360,4.666588
152.000000,7.000000
229.106700,2.786759
249.378600,5.841837
232.866800,-2.529317
19.095280,4.132174
269.162000,5.709000
167.276000,-2.610000
123.690000,-1.940000
239.110000,-4.405000
100.851000,0.035000
304.819600,5.526412
97.415610,-0.323479
145.764000,1.155000
38.618910,-0.393669
35.893910,4.437015
123.801600,5.166912
224.536200,-1.978636
75.466610,8.808651
192.791000,1.165000
98.591000,1.430000
89.681000,-0.011000
182.638000,4.810000
98.913000,2.840000
137.541000,-4.279000
12.801300,1.940381
244.952000,9.140000
263.436400,0.123267
176.198600,0.618688
250.249500,6.546163
49.716000,1.336000
185.212000,-0.078000
305.320300,2.711743
224.725200,3.532115
73.458000,-3.024000
112.706100,-3.991104
213.319800,6.398474
162.015400,4.035585
115.475000,4.080000
289.420400,6.348933
286.301800,2.149030
36.010000,-3.490000
149.138700,-1.959449
301.687700,3.429711
56.400020,6.712104
204.130700,7.385290
133.265000,-3.442000
243.081900,6.114609
303.554000,5.050000
136.623000,-1.898000
11.736000,-3.201000
310.314000,-1.423000
37.658090,-0.969331
171.229000,0.147000
23.087970,6.010499
197.793900,5.794584
114.122800,4.391947
252.866200,6.857097
291.029000,-0.743000
264.983300,-4.196110
106.564000,2.683000
313.106100,2.239714
74.343000,6.680000
293.529000,-2.983680
87.977330,-1.391368
281.472300,4.526234
232.461600,0.232945
62.689970,4.715866
268.673000,6.751000
129.069400,1.166340
81.896290,2.438935
249.039000,7.220000
15.358760,-4.462954
156.273200,-0.870011
311.698000,-1.694000
66.860000,0.320000
120.236900,-1.476650
207.962100,1.454674
310.565000,-2.745000
285.228500,5.585680
169.752000,3.680000
111.333000,5.632000
223.048000,9.280000
243.495000,3.420000
197.168900,-0.170657
132.147600,5.333616
39.333000,5.860000
243.058600,8.049766
125.653500,2.366665
80.347090,-0.728700
272.171000,9.030000
279.896000,-3.299000
285.288700,1.259229
162.192000,-0.138000
183.190000,-4.105000
219.020000,2.729000
252.395500,-4.057738
163.586700,-2.620588
17.293030,-3.334272
19.537030,5.161212
72.400000,5.248000
209.890000,-3.198000
111.367000,-0.584000
123.677000,6.300000
104.805000,-3.787000
308.657000,-0.250000
5.917223,3.557245
312.879000,5.226000
111.273000,2.178000
143.510700,3.087236
194.400000,5.911000
281.244400,-1.169871
53.656850,4.973339
63.850460,1.075349
40.276000,6.513000
57.883990,6.541429
122.093900,2.013040
256.438100,2.138315
210.317500,9.139482
312.942500,-1.525176
223.571900,1.270888
15.408860,5.895079
257.421300,3.874006
250.595400,-0.572075
274.201800,-2.454493
170.110000,-3.380000
184.696700,3.982292
62.566000,-4.005000
26.314000,-4.298000
86.011000,5.730000
273.953000,-3.710000
4.407000,5.194000
166.495000,7.223000
123.456000,-4.640000
230.122000,1.291038
220.890100,6.203491
18.654660,0.637017
208.125000,0.150000
196.142900,7.721756
197.371000,-3.650000
176.027000,-2.291000
170.126000,2.379000
264.263500,-0.640850
299.655100,-2.962709
162.686000,-3.515000
258.350300,-1.158878
133.167200,6.031400
34.985620,-4.272353
143.625800,0.318245
36.961680,-2.282845
7.480884,-0.899439
2.506002,-1.989650
265.524000,7.380000
187.691000,-2.645000
110.407000,-1.441000
277.583900,4.813355
169.573000,1.366000
152.494600,4.742074
20.944410,-2.874882
89.416650,6.586126
109.425400,-0.514287
209.192000,1.000309
3.327000,7.518000
238.514000,6.920000
202.473900,-1.455096
151.334600,-4.442931
216.573300,2.937755
278.742800,1.659221
161.005000,-1.074000
294.541000,9.053000
207.968100,8.224903
297.238200,3.013057
69.934000,-3.890000
71.105000,4.640000
10.553000,2.219000
289.511500,3.689475
41.553710,5.740893
222.692000,-3.692027
113.027200,4.159053
16.896000,3.726000
214.053000,-0.855000
15.772150,4.477557
285.776000,-1.559000
97.629000,2.595000
270.136300,2.719074
309.130000,-1.445000
40.577870,3.493304
307.722000,-1.071000
282.992000,2.086000
257.030800,-3.894283
203.228000,-0.468000
165.600000,4.120000
72.262000,-3.619000
196.771000,-1.509000
211.621500,7.132173
105.833000,0.907000
140.622000,-0.828000
168.000000,7.240000
158.647000,-3.975000
152.632000,-4.644000
4.222708,-0.782484
168.476000,0.315000
303.998500,3.287941
230.404000,6.994000
153.440000,7.337000
276.740000,6.273000
54.452000,5.880000
243.965000,-1.285000
36.177030,-0.773082
278.508700,-0.473490
304.432300,-0.385409
121.287600,-0.768761
292.162300,0.846658
237.678200,-3.782753
64.468970,2.747806
10.969000,0.265000
5.387789,-1.841522
288.594100,1.778860
220.041200,1.633715
90.584000,-0.791000
229.149000,0.248000
143.790000,-3.075000
120.133000,3.670000
218.977000,-0.821000
178.103000,5.892000
131.443000,1.881000
235.134300,3.885576
117.814600,2.556301
2.595866,5.171635
135.448000,7.080000
88.856630,5.616194
271.830700,7.941959
135.637000,0.419000
56.829000,-2.780000
115.684900,1.346072
162.960000,0.940000
226.887000,-1.827000
44.745170,-3.084206
84.919330,3.222671
229.173000,7.107000
152.071400,0.626355
67.933000,4.200000
108.414000,-2.930000
286.346300,0.890771
31.924210,0.947443
195.358000,-0.860000
182.256000,-1.355893
87.962230,1.424180
46.328540,2.088979
153.286000,1.445000
103.717000,-3.089298
238.370800,2.956065
240.724000,7.680000
147.841000,-1.701000
262.607300,5.580899
233.694000,0.651541
226.839800,7.795141
284.417400,4.813320
84.499730,-0.630090
291.004000,0.614000
156.190900,3.493677
63.048000,0.181000
181.271400,-2.540959
46.476000,5.540000
232.653000,-1.411000
100.197800,3.459713
38.443000,-1.801000
307.984000,-2.431000
74.166210,4.468472
65.666490,-0.449165
60.477000,4.159000
135.076000,4.909000
160.801000,0.366000
123.659600,2.516501
40.290000,1.015000
166.996000,5.954000
251.086200,1.784578
146.966000,1.838000
256.411000,-1.426535
75.946030,3.413558
201.020000,9.000000
193.132000,5.770000
253.095400,4.870232
179.952000,3.327098
203.701000,3.763000
91.989000,-1.225000
100.404000,-4.440000
217.002500,1.684260
255.674300,5.647345
216.624200,9.049586
305.454000,0.297000
25.924570,3.971648
157.582800,5.012799
3.548000,-4.222000
277.016600,7.687403
102.838000,4.410000
117.856400,3.675493
77.958000,-1.655000
205.053000,5.466000
282.021000,-2.094000
166.695900,1.664219
35.744000,7.496000
251.196300,-2.351851
112.381400,2.814772
115.606800,-1.908669
114.869400,-4.427199
278.560200,2.855269
27.878910,3.688956
246.364000,-3.475000
27.548090,4.759046
266.850000,-3.015000
181.695000,6.838000
128.705000,6.520000
163.048000,4.620000
20.044460,-2.210674
34.990000,6.439000
60.795370,-2.252012
305.916000,5.133175
169.890000,0.090000
208.305000,5.249000
304.550200,4.262487
235.188800,2.766764
47.854120,2.498658
127.859400,3.477538
244.737900,3.305249
291.973400,1.947027
237.327700,2.365853
283.146500,-2.396656
7.465976,-4.381986
283.040900,6.790750
44.052000,1.745000
16.176000,-2.657000
207.057000,4.709000
261.902400,0.167450
98.219390,-1.103521
54.484870,3.403096
204.073300,6.266710
212.327900,5.880742
117.860900,1.162616
102.678600,-4.429144
73.793970,-1.773051
181.563500,1.706260
256.389100,4.305481
127.800500,0.912882
160.692000,2.016782
263.822800,1.174438
188.088900,3.528568
12.453970,3.409051
5.994000,6.000000
45.495000,6.660000
180.544900,-3.813207
170.276000,-4.659000
64.904000,-4.650000
276.307400,-0.879292
206.254800,5.651934
24.598000,-0.926000
80.965680,3.575629
245.298000,-1.308000
161.563800,6.866680
109.472000,3.844000
215.162000,-1.170000
58.827000,-3.462000
254.098500,4.131435
150.057000,4.940000
143.078100,4.583387
288.855300,7.478753
294.602500,1.414584
8.982780,-2.134857
28.866070,-4.098461
274.143300,0.608685
187.543000,-4.029000
45.953430,0.748562
51.734000,-3.400000
173.646500,-2.963435
74.866540,-1.453290
102.731300,-1.656910
66.755390,6.076158
24.476000,3.800000
213.611000,5.206000
235.623700,-1.594096
113.487000,-0.543000
229.906800,3.623112
140.474000,-2.142000
288.672600,4.431809
175.721700,1.867361
183.432400,-0.508574
277.624600,0.304317
167.787400,4.422251
28.918000,5.610000
293.300000,-0.791000
267.144400,-4.204953
165.779300,5.783228
98.185820,6.701972
273.218800,-1.617857
312.486000,4.145000
297.726700,-2.873490
129.920000,-2.557000
47.048000,6.540000
22.615890,0.520504
93.683000,-2.822000
139.309000,4.572000
175.878700,5.210113
248.990000,9.280000
66.273260,-4.181724
27.023610,-1.130462
121.204100,-2.041351
102.965000,2.923000
64.229000,-2.535000
182.391000,0.180000
214.731200,5.762856
127.859100,-4.139223
203.458900,-3.397526
124.784300,-3.047345
215.752000,6.540000
79.159000,-1.840000
77.428740,3.934598
105.824100,-2.897617
148.940000,0.581000
178.996000,7.008000
219.390000,6.120000
116.644300,-3.678283
232.598200,-3.616683
104.133000,4.200000
177.092000,-1.554000
228.242700,-1.651994
22.120000,5.013000
18.383940,5.626847
226.946800,0.403740
269.895000,9.020000
296.967000,-4.325000
90.088170,-2.793617
88.572000,-2.558000
142.525100,2.433554
310.215000,-3.861000
90.668240,2.529937
141.710000,-0.027000
265.731500,4.102800
218.422000,1.576000
203.647600,2.253525
219.038000,-2.145000
40.434000,-2.573000
77.585020,7.975035
95.031790,-0.730886
191.032400,5.943864
213.561800,0.376221
308.173000,0.850000
195.623900,6.291889
85.449570,-1.223696
131.338000,-0.645000
176.636000,2.734000
251.463900,-4.677353
56.322480,4.334391
171.843000,-2.015000
103.895300,2.186680
88.281640,-4.513149
220.656100,-2.442768
282.676700,0.728094
300.573100,1.141095
173.189000,7.068000
170.426000,-0.960000
52.937000,-3.681000
159.642600,2.408712
146.617000,6.389000
71.301610,-4.305022
146.728100,3.387129
303.417000,7.654000
179.350000,5.641000
114.053600,-3.659801
124.299900,0.502563
248.236000,-1.527000
118.940000,1.835000
24.166000,6.460000
114.552000,3.320000
211.186800,-3.404717
259.374600,1.770697
268.176600,-2.945562
199.535900,-4.111312
193.324100,0.071731
14.174000,4.738000
128.161000,-2.603000
299.926900,2.047788
240.038000,-3.434000
177.654500,0.353963
184.338000,2.742000
95.045310,-2.785449
201.321000,5.393000
60.277000,-3.459000
63.721000,-3.738000
11.754430,2.360771
201.308000,2.817000
160.941000,4.344700
237.272900,0.014067
127.050000,-3.137000
53.288230,3.719674
11.247000,3.640000
165.200000,1.815000
72.175000,-2.359000
144.577000,1.213000
167.962000,9.288000
87.735050,-3.535707
224.500100,0.644112
299.025000,0.896780
247.857000,1.565000
61.271820,5.394832
290.140000,8.440830
20.159000,-3.919000
152.033000,2.076000
58.964000,-1.184000
135.749100,-0.934973
123.341100,1.081437
80.629000,-3.305000
69.985470,4.361962
64.862000,-3.477000
127.626000,2.209000
20.737270,1.993048
28.596000,-0.316000
187.981000,-0.237000
172.213700,1.655012
253.436100,2.005559
226.118700,3.580200
156.276000,-2.259000
155.202000,-4.465941
107.048000,-0.974000
7.888541,4.118931
130.395600,1.190255
301.969000,0.933000
47.671340,5.477880
60.354470,6.704403
31.071000,-2.341000
267.438000,9.042000
141.344700,-4.083485
262.390000,-3.813920
182.119000,-3.760000
18.304790,-3.963335
237.087000,1.169148
210.749000,-2.243000
73.535000,-4.299000
288.431200,5.824305
27.373140,0.191330
229.587000,-4.426000
249.609700,8.230133
114.705100,1.888928
302.004200,-2.871422
57.602000,-3.800000
92.085000,4.357000
150.009800,-4.515607
45.757000,-4.400000
164.890500,-3.377270
99.138000,-3.282000
9.511534,-3.121610
33.681840,4.611729
174.038000,0.055000
270.866100,-3.838141
210.489000,-0.880000
237.024900,5.148218
17.267000,2.500000
237.164400,3.742581
13.942000,0.980000
239.601500,-1.175276
50.013620,4.604072
46.838090,-0.156994
207.862200,-3.553849
219.842000,-3.340000
199.792000,7.900000
211.272600,4.493044
179.657000,0.993000
25.948200,2.024991
269.888000,-1.414000
212.193700,3.654422
74.732960,7.804128
219.584400,3.841600
306.905000,7.047000
294.792600,-0.777812
48.210000,6.460000
86.543720,0.753309
215.324000,-2.383000
169.224900,-1.141304
116.808100,2.065206
141.360300,-2.963516
175.149400,0.226312
45.210000,1.819000
126.818600,3.063462
150.997700,3.213481
266.630700,8.099097
107.797700,2.336451
164.910800,-2.127670
158.596000,-2.543000
243.329100,-4.887857
311.924500,-3.766011
306.757400,3.181602
208.587000,-1.261000
291.440000,-4.414000
162.934000,-1.142389
204.643800,2.918247
81.075730,-4.454141
124.691600,4.303157
307.943000,5.231000
305.835400,6.516939
59.803000,1.570000
99.045000,-1.900000
157.446000,-4.220000
40.367890,5.291061
128.497500,4.816039
210.114900,4.021376
55.703000,5.460000
98.622700,0.074085
199.853000,0.964000
66.738110,2.376737
264.036000,7.795000
182.419000,-2.464107
282.051500,2.994493
241.080000,0.544000
78.564190,-4.370941
186.362000,-2.474000
238.697600,-3.129030
56.197000,-1.688000
129.880900,5.953373
18.186000,-2.362000
94.787000,0.637000
212.639000,-0.373000
136.083000,5.832000
301.663400,-3.937389
125.760700,-3.786421
222.859000,2.356204
183.657300,1.763120
120.116100,1.076062
304.144000,2.043000
155.133000,-2.939000
178.105000,-0.991000
11.055640,9.063536
253.146200,7.941399
186.762000,1.835000
195.383500,3.669779
180.550200,5.750899
246.387000,4.994000
91.492000,5.552000
65.641000,-1.809000
227.218300,5.322807
271.152000,6.780000
207.121700,-4.394134
165.034000,2.971377
150.135300,-2.470551
279.621800,-1.107414
31.108790,0.179558
56.896510,3.372611
107.213200,-2.357673
221.364000,-0.208000
303.140000,1.234000
71.297450,0.184600
159.200000,7.208000
283.752000,5.731000
297.775200,0.940474
130.545400,6.943142
180.857600,-1.500040
11.507570,1.268229
47.938000,-1.381000
245.813000,-2.401000
49.298390,3.604414
76.568390,9.010349
33.648500,6.849355
207.774600,7.035132
72.667000,4.110415
296.555000,-3.154000
56.267000,0.850000
26.314000,-2.875000
164.665000,0.508942
147.840600,4.088297
61.770110,4.076962
265.629300,2.838661
9.096788,-4.235476
298.513600,3.756508
306.909100,-3.195855
225.629000,6.806406
92.958000,3.584000
172.611100,4.933628
148.163000,-2.893000
50.473380,-3.459156
147.951000,6.410000
144.892000,0.130000
154.043900,-0.813793
270.610000,7.960000
76.477000,7.497000
286.651100,-3.460149
185.711000,0.940000
131.526000,6.401877
159.640000,-1.467000
250.346300,9.073867
101.599000,-3.688000
170.496000,-2.095000
104.657900,1.366353
20.143520,0.273270
123.696000,-3.347000
244.122100,2.075863
198.371700,4.827000
23.554180,-3.922688
200.678700,-3.118606
265.180600,5.582100
234.668700,-0.660612
191.180000,1.075502
157.787400,6.915416
51.086420,1.159000
204.846000,-0.260000
242.397900,4.207203
53.499000,-4.728000
245.990800,3.121720
296.318600,5.822126
292.748000,-4.005000
174.760300,1.292639
43.633830,-3.223794
116.762000,3.280000
52.829650,2.589153
241.267000,6.160000
304.276000,0.774000
271.254000,-4.960000
182.758600,6.049692
13.750170,-0.198561
246.909700,6.198758
16.186970,1.600027
302.878000,3.833000
215.585000,-3.768000
259.242000,2.986410
272.419900,-4.201156
311.581000,5.129000
278.267000,-1.847000
249.418900,-0.791939
214.101000,-2.055000
66.007000,-2.949000
223.181600,6.870602
184.405000,-4.025000
108.304100,4.321991
136.989600,0.414756
305.821000,3.860000
206.882900,1.754326
232.566900,8.117781
214.585200,4.627088
158.512000,0.780000
199.500600,2.481991
287.583000,1.125000
84.064000,-4.818000
227.913100,7.474859
21.017350,-1.655503
133.138000,-2.211000
2.763772,-0.899701
175.006000,-4.514000
269.845100,-4.560828
15.081050,-3.238858
62.683000,-0.973000
164.044000,1.441058
240.236000,1.455643
257.305800,-0.755486
311.431400,0.687370
206.867800,8.018507
287.492000,-4.304000
120.254500,-0.329437
30.914210,-1.101145
101.997300,0.826520
208.800200,7.479823
206.405500,-1.816574
213.438200,3.983472
220.185400,7.072886
153.669000,3.815000
293.652000,0.277000
225.176800,4.559824
66.789000,-0.994000
211.637100,-1.294772
153.433000,0.269000
58.035000,-2.526000
128.792600,2.251661
227.419500,2.993788
220.969300,0.850038
92.619000,5.580000
287.671500,5.001937
195.694600,-2.124260
185.503200,-3.346110
28.162000,6.614000
4.875878,-4.139349
95.672690,-1.857551
134.359000,-2.829000
20.721610,3.311342
153.195000,2.687000
221.192100,7.948949
21.913760,2.723984
198.695500,1.625048
268.918800,3.860203
21.329020,1.042011
280.356200,4.619968
132.277000,-4.220000
76.645160,4.735034
3.853962,2.839124
202.159600,7.097684
236.059900,-0.562392
300.987200,0.105120
209.683000,-1.813000
188.788900,-3.604408
271.461500,2.682613
179.440000,-1.255000
70.239000,0.914000
231.682000,-0.819748
255.339000,1.934783
80.201000,-2.256000
277.119000,-1.879000
189.162000,2.815000
213.280800,2.874528
67.240050,1.375764
223.387000,-4.985000
235.661500,-2.786473
43.753000,0.250000
260.264300,3.443389
244.409300,6.080264
37.259600,-3.654754
172.129000,6.021194
299.261200,-0.880985
306.770000,5.857825
6.608000,1.275000
165.014000,-4.705000
87.717000,0.265000
220.749400,9.337162
36.962000,6.600000
39.434000,1.745000
236.060300,0.668121
296.506000,4.696495
167.736800,-0.834164
291.121600,6.389992
251.433000,6.625000
223.505000,-0.275000
204.488400,1.513476
145.797300,5.562756
134.570500,6.045421
203.132900,8.043983
166.830200,3.685327
229.394000,6.004000
62.104830,2.517611
161.669000,8.017683
207.381000,-0.900000
81.342610,4.703916
224.820500,-3.061948
254.803500,-2.828069
134.832000,-4.073000
304.611400,7.752092
9.490158,7.046790
12.419000,8.960000
243.427600,-3.184099
173.133000,-1.805000
152.231000,3.492000
164.005200,-1.468941
160.220500,9.432690
253.998700,-3.606178
78.201310,1.817415
23.154530,-2.828172
277.677500,3.698732
187.810800,6.950707
79.670900,0.777506
187.895000,2.090000
292.289000,5.868448
13.627490,9.432447
305.860000,-2.681000
245.056500,6.994337
107.352000,3.590000
98.287000,-4.299000
225.745800,-0.008958
211.436600,9.185281
68.395690,-4.532136
112.852700,-1.620228
206.998000,0.554000
79.262750,-0.455434
214.467000,-3.175000
59.121720,0.441396
286.050000,-0.439000
19.678390,2.903657
36.262870,3.377142
46.742910,-1.273006
286.628000,4.461000
209.103000,6.287000
54.095000,-2.845000
292.266600,-0.265792
1.302383,0.874838
301.700000,2.085000
186.315400,7.134719
16.332000,0.441000
41.224110,4.568939
137.181000,4.080000
282.755000,8.999104
75.450970,6.944451
206.050700,-3.972089
48.515000,-2.598000
265.266100,-3.108347
80.564000,6.791000
260.487500,6.579577
197.639800,1.218452
296.914800,1.657527
179.581000,4.460000
267.435200,6.018582
10.019000,3.592000
132.828000,3.980000
122.107700,0.893522
171.012900,6.173311
169.244000,9.357000
226.909400,-4.489154
186.466000,-0.340000
69.105000,-0.110000
114.847800,0.468199
286.275500,7.751628
161.338900,9.379682
283.250800,-4.390270
216.090000,-0.341000
188.796000,-1.288000
239.495000,0.345000
62.108000,-1.971000
303.350000,-2.751000
14.077080,6.020965
109.532000,-4.267000
49.304000,-1.170000
110.975300,7.046692
59.553800,3.386981
145.245200,-1.285594
119.095500,-4.895745
51.609860,2.285814
282.779400,4.771281
113.547000,-4.932000
259.696800,4.510185
187.170000,0.753000
197.370100,7.494636
233.837200,8.028646
222.381000,8.268000
257.354900,1.495575
125.043000,-0.403000
303.553000,6.207000
33.990820,0.837891
242.257300,5.356035
262.338400,4.277373
242.568400,-3.918236
204.229000,-1.340000
232.213400,5.168025
139.299100,-2.693592
303.952000,-1.474000
58.102600,3.252123
99.511300,0.755916
273.466400,9.098851
216.040300,3.922962
179.331000,-3.404000
58.946200,2.446018
266.823000,4.952000
176.841200,6.390066
163.822700,-3.714292
134.333000,-1.540000
265.113600,0.179642
133.320600,2.889926
312.345000,-0.464000
144.175000,-4.245000
56.969980,5.747896
165.371000,7.220000
70.959500,5.926771
248.079900,-4.467744
248.286000,8.349000
310.241600,5.253894
106.277000,5.740000
283.658000,7.777000
111.253000,0.955000
271.308900,4.639331
283.818400,-3.424042
155.557100,1.186204
23.994000,0.191000
131.115000,-2.001000
278.747200,-3.183639
172.815900,-0.662280
193.981000,1.154000
4.850981,-3.019757
48.454000,-0.231000
246.918000,-4.926000
310.087500,-0.126332
238.410000,-1.625000
190.058800,0.741085
228.045000,0.912523
269.488600,1.756366
93.394000,4.714000
199.007000,-1.559000
282.511500,-3.319344
284.690700,-2.346502
128.920000,-1.776000
262.082500,7.186389
30.729000,1.345000
305.310000,1.450000
191.757000,-4.540000
29.599000,0.673000
24.458000,-2.437000
11.947530,-1.687792
12.861750,4.453001
147.799100,-4.126763
87.024000,-4.570000
17.170220,-1.779164
307.301000,4.237000
266.140300,0.627210
156.949300,5.937321
242.491000,9.045200
274.384200,3.829219
42.915000,-2.127000
272.026100,3.649904
267.787800,7.750765
228.233300,-4.099504
258.541200,3.860004
145.096000,-3.554000
42.930000,1.358000
43.418000,-0.952000
9.467000,8.350000
37.195000,4.411000
275.735200,8.427785
199.457000,-0.505000
107.042900,6.598741
308.952000,8.740000
156.174800,6.746523
279.354900,-2.195230
79.964360,4.494495
76.149000,-4.410000
96.641780,3.290802
133.860300,6.911094
191.094500,3.309371
201.331100,1.128379
199.107000,5.840850
230.236000,2.448000
282.949100,3.664226
80.210820,2.748407
77.113000,-2.528000
7.160607,5.876164
178.145000,-3.870000
194.028000,3.369000
218.971000,7.280000
132.736500,1.609052
33.720100,-4.021036
290.179800,-4.575686
101.910500,3.745367
125.010000,5.440000
200.279000,-1.301000
171.671300,2.634988
100.238000,-2.987000
156.016500,4.907319
131.732400,4.293384
202.913900,0.979593
306.456800,1.053434
270.649500,3.714729
202.069700,1.969543
307.867000,6.440000
289.841800,4.772505
250.113300,4.577297
273.200000,3.300000
117.436500,6.486484
185.150300,5.006346
209.904000,5.268535
294.013000,-4.233000
228.752300,3.849241
311.519700,8.645721
38.466510,2.368292
58.772000,4.240000
201.007400,7.741350
79.367870,2.010435
207.590400,-2.178556
252.201600,-1.859207
136.161300,4.626282
222.133000,3.960000
267.919000,-1.855535
282.166000,-0.530000
191.274000,-1.237000
240.450000,-4.622000
250.048000,0.481000
257.729800,-4.777640
124.948000,6.641000
10.605820,7.144343
151.012300,0.989318
6.325000,-3.770000
106.508000,4.591000
228.051300,2.069186
282.255300,5.993657
90.990820,-2.130383
58.400000,5.520000
96.872000,-3.979000
87.032130,3.227557
233.512000,6.956958
244.687900,0.061136
54.731000,-4.209000
308.303600,7.611022
201.158800,6.594831
291.795600,3.692664
239.829200,9.167245
271.735000,1.410000
95.373000,1.804000
96.385000,-2.854000
156.246000,-3.851000
261.059100,-3.035708
72.480460,-0.235827
180.179000,-0.178000
189.161000,-0.105000
223.627000,8.140000
229.024800,1.515718
285.768600,-2.770556
130.086000,-1.215000
182.621200,1.337619
5.017622,1.064168
271.912100,-3.202842
35.065970,-0.914918
173.716900,4.749553
221.868600,9.382838
231.340500,0.259371
181.924000,7.940000
205.358500,-1.418426
144.555800,-2.168406
79.380010,6.965552
119.254000,0.181000
256.762600,5.382656
202.705000,4.700000
147.021700,-4.931568
210.275500,0.292291
174.056000,-1.155000
104.766200,-5.129413
226.046800,5.768412
125.583300,3.624958
44.314000,6.388000
214.699800,3.512912
243.042500,-2.042647
29.125000,4.465000
80.145230,-5.075718
234.180500,1.657417
73.739140,3.365241
208.574000,9.335000
158.205000,2.040000
8.238183,-3.517357
220.881000,-4.070000
4.132723,1.754223
211.306000,0.990000
277.424000,-0.797638
205.345000,6.752000
34.153000,-2.123000
34.412480,7.667560
255.590700,0.843832
169.123600,4.679886
68.571000,-3.425932
14.274980,-1.187038
236.659000,-3.317983
216.562000,-2.635000
38.420000,6.681000
261.610200,1.697268
108.706500,2.991288
242.201200,-2.860075
226.058000,9.068000
204.249600,8.658231
239.984700,2.670308
307.163700,0.185020
75.957000,-1.737000
139.358000,7.101000
2.327000,3.652000
220.103500,-1.459071
11.767000,-4.414000
39.367000,-3.020000
126.959500,0.173118
311.173200,-0.401950
128.955000,-3.648000
271.724400,0.042730
184.431800,-2.232440
208.658600,-2.515444
250.318100,-1.657259
206.532600,6.926466
12.822710,-3.619770
266.056400,6.332438
311.295000,3.986306
209.055200,4.384219
18.186700,3.477614
94.533480,6.735643
142.820700,7.014887
263.313400,3.187904
33.948670,3.338183
198.780000,3.476000
247.023800,8.069627
295.110000,7.789000
14.856060,-2.142660
109.257400,6.718630
44.204170,-1.963333
110.087000,2.762000
8.900710,0.810656
83.200000,5.811000
42.422890,0.256889
310.783000,7.780000
232.482900,3.949616
249.310700,3.517292
224.875000,5.700000
257.909700,-3.204037
0.479813,5.098416
50.530000,-1.277000
87.267300,-2.518145
254.385000,5.214044
12.682700,0.826619
6.075000,0.202000
2.543792,6.532840
67.300000,-5.116000
271.025000,9.017000
63.082000,6.784000
233.804800,3.767684
30.150000,5.287000
110.671800,-2.560471
82.821240,-5.001070
226.677200,-0.681042
212.547200,0.850779
30.002780,-0.442013
307.590000,1.855000
225.745100,-1.300629
108.276000,-4.171000
202.859100,-4.343474
93.277450,-1.490912
267.854900,2.897528
245.432600,2.151321
253.212100,-2.695168
62.491920,5.818172
58.410000,-4.995000
93.959230,5.773941
134.699000,2.645000
193.357700,2.329286
66.101970,1.327753
218.090000,5.455751
202.025000,8.209252
165.929200,0.548882
129.664000,7.833000
104.834800,7.098230
112.400000,7.040000
43.816150,5.290169
163.733000,7.352000
299.735000,6.424000
223.898100,4.287699
234.837200,0.445611
40.792000,-1.298000
10.942840,-2.182942
273.536400,4.559603
233.372100,-0.420170
233.158400,9.075284
50.800580,0.075999
310.394000,1.101482
312.119200,1.710800
2.299000,-4.726000
46.893590,3.078484
45.181000,5.540000
238.357900,4.694262
224.926200,7.904502
295.830000,-1.446753
152.939000,6.097297
192.977000,-5.110000
291.048600,5.272373
60.203630,-1.300987
9.155357,1.917077
270.687000,5.671000
82.375290,6.746787
214.636500,-4.585509
286.634600,5.675910
313.698700,9.046446
260.168900,-0.293435
299.505000,8.980000
35.503540,2.553664
168.138200,-1.879837
228.160400,6.184712
27.239390,-2.229537
131.087500,3.038358
260.854000,-1.773023
96.017290,0.608978
11.198620,-0.853266
270.568000,-2.334000
29.535000,1.899000
194.824500,7.075864
240.957000,-2.709000
251.780000,9.060000
110.249300,6.201621
311.964500,7.376165
123.657000,3.660000
280.727000,-4.315661
298.707900,4.855272
126.048000,-0.911000
225.808800,-2.502309
12.753660,-2.502592
23.065000,-0.654000
181.669000,5.696560
172.383600,0.395009
207.886000,3.900000
181.135000,0.578000
85.061620,-4.199924
218.106700,0.096677
182.332000,-5.158000
27.411000,-3.644000
86.913320,1.932916
217.395100,-5.006283
290.286500,7.136355
195.372000,-4.550000
179.957000,-2.314000
216.551000,-1.476000
162.665200,6.663320
156.037900,2.197795
164.712000,5.208000
188.599000,6.076000
243.578200,-0.090533
143.541000,1.961615
177.735000,2.501000
154.421000,0.806000
262.012000,-2.447680
196.502500,3.721221
41.606000,-4.390000
270.469000,0.390000
274.755500,7.025039
22.345000,-1.746000
89.165730,4.539680
295.388400,4.731678
255.048000,8.140000
259.802600,-1.386760
300.853000,-2.926000
239.737400,7.135494
41.188400,-0.189145
296.959600,-1.680330
228.016800,9.093717
210.358300,6.291064
58.152100,-0.119362
81.159880,5.809023
8.582547,-1.089887
246.691800,-1.450040
112.958900,-2.899896
252.015400,4.192318
91.345760,1.638063
37.338310,2.748581
234.014700,-3.782305
295.944500,0.787489
115.793000,2.681000
287.775000,7.983000
264.152200,-2.993651
154.029000,-4.983000
23.337030,4.918501
187.224400,4.240802
85.937680,2.483084
306.794100,-4.765641
7.992013,8.915347
3.790000,-1.833000
194.910000,0.325000
244.789700,1.176574
98.762760,5.035149
274.198800,8.228652
158.737000,4.751000
72.376000,7.774000
140.655400,6.690431
221.693900,1.708747
256.018800,-0.268996
183.919000,4.790361
167.675900,-4.041079
241.395000,-3.934000
287.613000,2.513404
156.483000,-5.117000
178.685000,-2.213000
275.485700,4.352390
124.813000,-1.640000
288.665100,2.897474
133.481100,-0.657377
241.834000,-1.733000
114.949800,5.253169
94.450200,-1.688115
221.927000,-4.660000
52.196000,-4.591000
35.206000,1.448000
238.184000,0.665684
61.338000,-0.995000
35.848320,-2.160155
122.397800,6.644837
106.221800,-1.836327
298.446400,7.072819
184.186400,8.335357
251.673300,-0.873797
281.274300,-3.098908
297.957400,-1.171430
216.950400,4.575949
297.035300,-0.535638
204.422000,-2.520000
286.069400,-4.490624
200.206800,5.628616
68.118290,-1.017563
161.567100,-4.748975
275.489000,6.166000
195.644700,2.513579
121.002900,1.760118
188.907300,4.293316
61.720000,-3.103000
204.763800,-3.758147
301.136000,4.404490
238.201800,8.056602
238.514100,-0.404751
86.182000,-3.545000
276.024400,7.167597
215.770100,5.344113
154.324000,1.948000
84.724000,5.960000
157.254100,3.846323
302.207000,6.089000
132.426300,-0.280598
258.627700,8.014602
272.426500,4.695964
264.523600,9.093085
162.796000,2.158000
203.962000,0.500000
179.210000,2.341000
41.604000,1.138000
300.703900,8.323095
148.788700,-4.650811
225.244700,2.140203
273.016400,8.073101
281.517200,6.946702
5.125000,2.604000
250.282700,-4.238922
263.458100,4.303645
203.905000,5.016000
280.855900,2.431568
168.942800,2.535764
88.057000,6.649000
200.176700,3.465564
113.930200,5.716831
277.705200,-4.068655
81.242250,-1.396121
8.133368,5.321198
243.026300,2.307005
159.381300,5.917969
88.162000,3.889000
32.601360,-4.067029
270.933000,-0.765000
233.919900,-1.492973
50.781000,-4.665000
197.268000,4.638281
245.847100,0.599607
194.477300,2.294714
206.791000,-3.055000
166.504700,4.929772
192.957400,-3.890469
262.215700,2.960291
121.101200,0.403359
68.492480,2.148653
201.321000,-2.187000
65.960890,7.102726
75.670150,-3.163271
33.965000,-0.384000
127.117000,4.400000
47.800680,3.735512
279.220300,-4.261637
258.822000,5.498036
261.572000,6.170000
3.002725,1.468340
145.337000,6.583920
104.951000,0.156000
13.573270,3.367948
63.430040,2.329194
34.302000,2.255000
242.241500,1.214331
92.093000,6.600000
76.968520,2.899450
244.460200,-2.466573
262.692900,0.960761
271.854600,5.765963
304.796000,-3.615000
196.538000,-4.435000
194.400000,4.610000
73.142560,9.064260
135.352000,-2.085000
263.339400,6.427938
103.842000,-4.450000
4.589079,7.414945
254.408500,2.555255
34.841380,-3.161647
254.370800,1.373817
255.440900,6.956213
206.794700,3.452405
166.285900,2.706454
163.963000,2.643623
221.828300,7.027973
313.465600,0.043657
144.495000,5.540000
291.022600,2.883765
71.069020,7.449058
217.886000,2.602000
109.608900,-2.913701
299.331700,-4.195203
44.880280,0.409460
151.543000,-0.450000
212.952000,-1.520000
111.733000,-2.918542
190.464200,-0.303085
73.582420,-0.436633
272.490400,2.238365
257.967200,8.986032
163.917000,9.215000
29.608000,-2.645000
34.977460,8.930022
186.273800,-4.158888
70.149010,3.254092
242.477000,0.121620
263.984500,2.286247
191.818000,8.220000
281.543000,9.000000
161.963900,2.916992
309.275200,1.086548
221.708000,2.844000
164.229000,3.829000
238.603600,5.786530
239.069200,3.830464
241.278500,4.092274
233.109400,5.857346
240.186700,3.775138
235.134000,-3.772436
111.709000,-1.781720
313.534100,1.204849
276.673100,9.180223
196.496500,1.642568
309.135300,5.427551
97.853000,-2.630000
63.414000,-4.889000
199.592500,9.022181
302.938000,-3.969000
145.725000,-5.043000
166.737500,9.251629
237.744400,-2.540970
308.119300,-3.623294
148.839300,3.253332
20.247840,-0.841815
253.351400,-4.634341
171.714100,-0.863720
151.739800,-1.799667
311.047000,2.032627
310.076000,4.140000
137.053000,-3.220000
71.910480,6.700338
203.279700,-2.233149
242.234700,3.099151
251.473600,2.834444
171.904100,7.118495
282.180000,8.037896
239.315600,8.172257
134.544900,7.993493
280.416700,0.971786
18.952060,7.778309
138.190000,6.920000
37.096000,7.734000
149.940400,1.313454
245.086600,-3.395130
84.490480,-1.822509
284.335000,6.809000
290.714000,-3.478000
52.974460,6.078298
69.352000,-1.309000
196.700500,6.597612
219.903200,8.156030
87.738990,5.049969
295.756000,2.064099
22.068600,-3.102111
236.267400,3.072280
256.695000,6.660000
235.287900,5.383547
293.333000,8.620000
91.145150,-4.665916
107.562000,5.180000
86.185000,-2.113000
187.994300,5.054317
96.443070,5.422744
184.114000,-5.135000
72.036450,8.887739
171.254000,-3.195000
289.037200,8.631004
312.975000,-4.985000
293.708000,5.060000
127.371000,6.974000
176.213000,-4.803000
226.398700,2.500559
72.686580,2.991016
96.284980,7.291324
307.925600,-4.725834
290.791700,4.182184
310.551100,3.043541
32.917400,7.874027
79.177620,3.178410
300.791700,2.758262
44.572830,-0.905666
276.478300,-2.979155
248.176200,6.184094
299.998400,-1.897519
211.965400,8.198066
201.377000,-0.745000
184.376100,-1.112013
64.449000,6.950000
300.535300,-0.916681
309.098700,6.546222
19.054190,-0.407277
21.961240,3.843015
6.331777,2.516755
234.287000,5.938000
232.638000,-5.072000
257.841300,7.130546
186.982700,6.199883
304.114000,-4.556000
227.264600,4.103011
261.206900,-0.710067
120.050200,6.820361
124.694100,2.944580
261.735700,-5.049009
106.885300,-4.966893
82.342320,-1.207283
255.800000,9.249000
72.444050,-4.749891
12.945780,-4.732179
133.823700,1.889515
213.086000,7.742000
52.230140,1.353186
183.000400,7.143308
262.135000,-1.334975
72.761520,-1.342654
291.234300,9.138826
119.832600,9.061429
99.226440,4.016139
48.371000,-3.946000
295.051000,-3.586000
231.550200,-1.931620
16.317670,-3.884567
19.358760,-4.820004
123.426700,9.050717
73.625070,7.639421
184.852000,1.725000
179.615400,8.132836
219.562000,9.360000
216.991000,5.695336
231.858000,9.021000
267.597600,3.987286
198.665100,8.081796
298.330200,-0.115116
4.729595,9.145861
49.629000,0.005000
265.678000,-0.788851
1.376000,-3.955000
245.701200,-4.422871
116.183000,6.967000
214.555700,6.869032
74.838050,3.567969
225.887100,-5.037206
105.933200,6.878770
245.747500,6.113721
269.877900,-3.310859
247.815900,5.124478
150.245000,6.112328
181.421000,-0.527000
275.530900,3.234284
306.295700,2.161366
9.154104,5.781912
216.783000,-3.871000
199.538800,4.545831
277.832500,6.887659
105.092000,-1.108000
23.039860,2.479001
214.218000,8.202000
25.383450,2.991878
144.559300,2.693788
104.649400,3.013068
218.200300,-3.902256
89.614410,-4.891978
113.971800,-1.580789
141.371600,7.551569
186.448900,5.216766
257.879300,4.894357
1.439428,-1.390179
147.174300,0.085542
310.268600,6.523098
109.285400,-1.841424
156.962000,7.820000
190.879000,-3.706000
149.382000,7.051000
122.771100,4.471326
57.149960,-5.039352
138.150800,4.955921
285.035500,-3.614052
264.458800,6.438063
179.144000,-4.690000
122.318000,8.901823
174.710400,-3.313565
274.302500,-1.340601
158.262800,5.901906
16.736180,6.624669
283.507100,-0.023327
20.637000,-4.941000
237.475400,6.173724
247.475000,-0.649420
174.018600,9.353731
135.895000,-3.224000
89.373220,8.748147
16.701770,-0.761720
248.865700,0.883826
61.455710,6.499764
74.653670,2.327497
114.283800,9.223641
90.585990,9.045232
173.314500,5.805272
191.951000,-3.338000
202.316400,-2.804756
247.749000,7.217800
201.687300,4.042487
67.042590,7.391920
311.687000,-4.895000
228.431000,4.986000
7.008530,7.015391
278.376900,5.603758
153.594600,5.111805
289.825300,-2.550031
102.486200,5.788813
52.271750,6.950603
239.835900,6.020510
18.324840,6.745330
287.217100,-0.019315
5.902730,9.080834
15.193080,1.049838
7.970000,1.546000
168.511900,3.568983
65.932880,4.943901
241.582900,-0.622054
300.500000,-4.220000
305.723400,7.628700
104.759300,-2.552518
256.260000,7.718279
192.014000,5.406170
259.050400,-0.288777
292.953400,-2.023025
23.144000,7.173000
309.395000,-2.976000
268.439400,0.164948
91.348080,-3.486539
122.589000,-0.126000
41.567050,6.859153
195.399800,1.414853
197.953100,-0.970343
313.381000,7.660000
131.302600,7.778981
244.163000,-4.028886
230.677000,9.320000
9.969934,1.148267
213.950000,9.360000
122.225600,3.124862
85.505330,7.048671
284.191000,8.918000
219.894300,-5.091663
274.863100,9.130500
115.897200,0.076801
26.403860,0.752670
134.467800,0.723321
305.065600,8.775945
169.711000,6.266306
205.966800,4.431976
232.580500,2.834085
38.130400,-2.950246
88.657680,-0.501632
149.933000,3.660000
12.925470,7.405246
227.096600,6.535287
229.377000,9.411000
237.318800,-4.845398
218.992700,4.792648
81.426960,-2.499047
38.390000,-4.080000
195.823000,-3.458000
196.937200,2.687448
275.330000,2.133788
303.934000,8.900000
284.363800,-4.506295
68.827000,6.549000
285.721200,6.617764
128.422000,7.913000
136.931400,-0.703756
88.727090,7.678133
126.045800,7.085451
230.255200,-0.017850
78.087040,2.931067
185.653200,6.231379
226.931200,1.520157
192.476000,9.199000
78.108980,8.964968
144.267000,6.930000
14.936230,3.731952
216.003100,-4.838126
140.685000,1.856153
274.064900,6.031620
202.334800,9.284927
36.506450,1.702281
26.434080,6.997382
260.949000,0.755160
236.062700,4.574858
33.281090,-2.990508
100.920100,5.765785
273.518000,-4.747000
211.107900,3.379759
23.641000,-1.634000
33.674410,5.730917
293.660600,7.445428
241.940800,7.978152
97.404830,7.960499
107.867400,7.514089
248.487200,-0.170256
229.149100,-3.346932
176.971500,-3.969692
190.021500,3.630629
103.807300,-1.964657
243.590000,9.261800
73.030530,6.688662
0.671046,2.689767
259.936600,5.604403
298.631100,5.969615
295.934000,-0.332072
80.058210,5.610556
105.554000,3.670582
292.091600,4.768951
25.023000,-4.750000
234.074400,-4.900859
183.425800,-1.739972
215.314000,7.770000
111.631000,-4.601000
198.087200,2.563639
96.869770,4.387331
246.609400,1.505161
279.001400,6.902634
189.591500,5.228368
47.016170,-3.983763
255.505100,-4.909890
200.048000,6.738010
99.298180,6.833027
50.901920,6.871048
122.549600,-3.846816
72.085840,2.049092
280.340000,8.949000
87.128630,9.021413
182.339000,9.263185
110.275000,1.590000
281.162300,5.756080
132.498000,7.238000
87.110420,5.976563
246.350300,7.169242
237.559100,9.183810
14.673710,9.032465
69.012990,1.157483
302.800000,8.741000
299.808500,0.096339
136.613800,6.974447
99.238000,-4.895000
5.995158,-4.904278
258.945300,-2.107485
154.590000,7.367000
193.425600,-1.676355
29.971000,-4.860000
160.836400,3.127506
277.658800,-2.919362
221.600000,5.094000
210.621900,-4.371948
1.537758,8.657545
203.443600,9.433665
215.113000,9.373000
266.070200,-3.887812
259.792100,-4.766961
293.098100,3.894928
176.231200,7.329523
178.474500,9.398427
68.434510,-2.092004
15.167380,2.169235
39.429000,7.440000
17.134450,-4.651080
20.780330,9.025835
31.360000,-4.926000
20.006580,8.216035
279.901900,-0.022973
7.875511,7.724391
85.596280,1.350691
260.493600,1.778419
34.952180,0.263108
266.938000,7.022120
309.423600,7.617209
304.639400,6.631949
312.695300,6.525095
247.547000,9.300000
150.622100,-3.577783
60.898000,2.929000
114.207700,8.093096
255.829000,-2.383181
194.093600,8.165199
263.962100,5.303938
236.288100,1.953451
200.691300,-4.540283
207.313700,6.015661
248.249200,3.914953
305.329000,-5.062000
149.809500,2.429249
302.971000,-5.116000
287.943600,6.831122
58.434730,1.326096
116.004900,-4.596816
236.604400,-2.184783
109.155800,1.965261
142.162000,-5.105000
205.407300,-4.888912
213.452900,1.688623
110.167900,9.061587
143.418000,-5.105000
130.595400,4.044270
126.001000,4.778000
28.099930,-4.915539
309.922500,2.116656
204.870300,4.203120
274.615200,5.056287
279.748000,3.180000
214.422800,2.347610
138.051900,9.312513
309.170000,-4.290000
268.474700,1.283802
222.401000,6.066476
301.981000,7.320000
264.746700,-1.651320
253.041100,9.056471
55.212000,6.801000
167.344200,8.310143
181.038100,-4.818793
88.277080,8.978665
287.744600,3.746262
101.518500,4.794633
217.948400,6.771624
297.614400,5.258520
183.039600,8.389351
185.328900,-4.782068
65.256940,0.592514
22.339250,1.605495
116.492800,8.919281
148.864400,4.542703
101.691300,6.578066
197.617200,3.577277
65.619490,2.413037
129.616500,4.863962
240.650900,5.020064
288.727100,-4.382274
222.865000,4.849975
242.766900,-0.958184
41.903130,9.017257
134.727900,-0.475027
22.763820,-4.716312
231.355000,-3.125000
147.476500,7.796204
87.666730,8.039042
14.013550,7.138892
175.722900,6.319299
276.557600,3.681483
244.319700,4.344379
255.303100,4.574769
140.171000,8.150000
310.512500,-5.076347
11.347040,7.983555
194.216900,-0.604731
139.266000,9.301000
114.520500,-2.556983
162.637300,-5.078007
165.418700,9.144967
98.706780,9.082502
15.459200,7.013857
170.210400,4.951114
2.642967,8.479302
246.094500,9.110458
32.183670,-2.766569
306.176900,8.646896
285.161600,7.636213
39.603070,8.962974
261.276300,3.922408
313.449700,3.305376
170.579500,9.432499
21.829220,8.633018
230.508000,-1.109086
17.506000,0.125000
240.684900,-1.575729
100.356200,-1.782849
0.452808,-5.065334
263.676000,-1.979912
294.905900,0.336498
62.103000,7.808000
249.978400,1.621029
193.646100,6.909023
25.377560,7.369384
297.313000,6.337354
262.886900,2.063694
272.944900,6.021894
218.801400,-4.847081
22.863130,9.063389
59.003010,6.590571
31.112960,6.877529
230.826100,5.479023
240.473200,-0.472652
41.994000,2.258000
159.135600,9.156932
56.495000,9.000000
127.429000,9.260000
150.011000,9.433760
241.868000,-4.988000
157.949000,9.280000
31.550240,3.400434
245.081200,5.166265
13.948000,-2.850000
108.841200,9.069042
40.620000,7.769000
217.733000,7.924000
6.921460,4.684069
0.659389,7.151339
136.173000,8.115000
60.926250,7.942555
223.811000,-3.740973
193.617000,9.205000
234.278200,9.072728
160.057200,5.027787
45.707290,-0.346022
65.513520,6.076355
96.973900,6.408366
195.201000,8.322088
146.266500,8.129656
18.011010,-1.039116
37.450480,-4.936439
117.602900,9.015894
169.347100,-2.254695
37.845830,9.005049
148.910400,9.267509
85.823080,3.883110
130.265400,0.077745
124.475200,7.732394
313.373400,-2.791309
172.674000,-4.900000
32.581950,8.942427
200.727200,0.186078
131.069500,9.257913
198.485400,9.192024
216.830600,6.843380
166.388300,-4.990158
123.191000,7.895000
278.932000,8.903000
70.471150,-5.054888
312.547500,0.677119
64.825520,1.625011
13.872850,-4.009459
279.285700,4.949244
286.751200,3.229000
259.027700,-3.224146
191.326000,9.413000
267.500900,1.835030
128.880900,-5.017601
163.105000,3.380000
39.569540,-4.634396
217.198300,-0.558677
90.311780,-3.917545
217.733000,9.208147
1.929774,-0.152855
51.105920,4.966114
185.734600,8.092385
249.024400,-5.069770
121.207800,9.044609
211.476900,-0.186228
65.982030,8.972762
189.491600,7.296419
280.921700,3.549771
99.735980,5.649985
158.350000,8.152000
292.049000,-1.363019
135.813600,9.223523
79.409780,8.827562
162.528100,9.218384
47.823000,8.931000
233.267100,4.749020
36.097540,8.919978
256.907300,8.630026
295.741900,-4.490672
262.836200,-4.841319
261.061100,-4.155713
294.804300,5.686308
278.413800,7.856215
302.189000,4.936000
308.753700,2.077388
11.832590,6.976335
44.933000,7.713000
49.657000,6.789000
266.381700,1.809844
150.879900,2.100385
278.944500,0.558077
223.539200,-1.468415
51.106210,9.111859
85.915760,-4.924443
204.120200,-4.674852
80.195590,8.028404
69.948980,7.447942
29.057000,8.922000
61.838000,9.011000
86.025310,9.214683
3.592307,3.928274
199.697100,-5.219688
154.257700,9.423371
259.822600,7.769862
183.929600,9.425644
36.189000,-4.597000
67.051730,4.995942
188.611000,-5.093000
171.650300,9.103975
177.596000,-4.947000
192.981900,7.810977
121.876400,7.634272
119.473300,7.988703
118.236100,7.971765
263.036500,-2.899411
104.048400,8.769699
108.898600,7.950470
313.785200,4.373721
19.166570,-1.519135
126.752300,-4.304089
177.845000,7.091000
257.806600,6.011349
281.846000,-4.269339
150.807200,7.080069
124.544300,9.094262
280.049100,5.867963
101.506000,-4.932000
190.770000,-5.070000
120.743700,7.700931
67.248920,8.949281
19.197660,8.989655
178.400000,4.760000
163.727900,-4.828052
109.972000,5.122576
278.509700,-5.127364
172.904300,9.260710
234.386900,4.721656
266.358700,-5.019976
107.730100,8.927314
38.213170,7.946950
272.415000,-0.838746
113.166900,9.178668
262.850500,8.001611
288.048900,9.156165
136.932500,9.274963
47.037280,4.554898
105.304600,4.760982
175.067000,8.030000
84.762000,8.980000
238.675600,9.094115
189.749000,9.383000
201.778300,-4.826957
248.953000,4.785425
155.759000,7.967000
152.201900,9.434344
43.183000,6.990000
180.721400,7.959561
147.795600,9.246318
50.427160,5.856838
137.376900,7.793193
143.198900,9.297497
187.475000,9.389720
196.672700,-2.669461
170.469700,7.232361
169.261700,7.292393
306.056800,-3.922504
98.658230,7.963498
0.132037,6.163141
64.863280,9.027258
133.306700,9.274191
80.832850,8.958260
57.454460,0.756869
78.772610,7.906481
297.456700,4.111328
263.408800,8.992614
232.394400,7.011925
181.219500,9.293366
298.476300,8.257321
85.875620,8.105248
301.696400,-5.056188
289.565300,-3.639355
145.437700,9.298384
293.295400,6.358841
276.585500,-4.094085
18.080280,8.931732
272.517900,7.057352
44.423230,8.961820
58.095000,8.990000
146.681400,9.331714
5.337269,-0.704431
230.260800,-3.489119
102.826000,8.940000
129.891300,9.281492
128.771700,9.247508
141.847000,9.265000
32.974010,-5.123108
260.942400,7.752138
60.059010,9.003886
236.300500,-4.379167
261.571000,9.015083
180.101900,9.367098
51.684860,5.996522
195.183800,9.435884
118.717800,8.987810
89.949200,7.683239
254.395100,-5.029202
53.423300,9.014385
273.637400,7.090952
299.689100,7.848906
297.455700,8.718678
200.656200,4.478118
140.796000,-5.125000
33.785090,8.595347
216.564700,7.931266
117.165600,7.642110
125.647600,9.282857
15.991000,9.033404
115.391000,9.086986
94.661000,-5.016000
211.620900,-5.033729
310.363000,9.000000
290.869300,1.775016
296.182900,8.376287
177.356000,9.395282
276.032000,-5.110000
26.160140,8.918130
40.722930,8.942026
63.250960,8.986259
81.950150,9.036740
83.116000,9.025000
91.916000,9.025000
93.193000,9.025000
94.335000,9.025000
96.278000,9.025000
97.521170,9.074500
100.331000,9.025000
111.635700,9.093880
132.187700,9.322897
140.640000,9.285000
151.105600,9.241879
155.372000,9.333756
175.131900,9.432886
176.241900,9.315333
69.353760,-5.110886
30.351720,8.913727
115.320700,7.967178
133.425000,7.942593
110.543000,-5.100000
31.676040,7.922180
70.905940,8.661252
57.181000,7.691000
296.961200,7.570715
264.658500,4.425160
228.242700,-5.219496
144.318300,9.337120
111.591300,7.976797
40.661000,-5.125000
68.218000,7.693000
145.146500,8.133345
230.515200,-2.356995
95.222000,7.948000
177.251000,8.099000
189.966500,6.283179
46.274390,7.777117
226.302200,4.680785
286.828200,6.778435
164.726000,8.139000
93.837330,7.796085
148.594600,7.862796
100.634400,6.950336
188.595000,9.400280
235.268200,-4.883280
91.019810,8.012531
113.088000,8.061444
138.996000,-5.155000
279.586400,7.867493
159.146000,-5.043000
173.913000,7.927000
0.731244,9.433027
27.673000,8.879000
187.308200,7.974000
208.826600,-5.202238
51.295770,8.008106
106.083300,8.636721
4.932160,-5.257747
30.153000,7.778000
142.471300,8.079116
167.558100,-5.154921
162.783900,8.127934
166.135500,8.284263
83.912000,6.819000
294.560700,6.779036
190.579000,8.305000
92.604000,-5.234000
120.162300,-5.237470
81.580710,7.536213
168.666200,8.248306
297.868000,-5.223000
27.251910,7.762787
102.231000,7.722000
138.415300,8.211356
125.993000,-5.127044
306.958900,9.438099
28.948000,7.605660
9.485028,-5.285167
178.496100,8.139602
314.123500,-0.856979
314.133200,-1.970985
75.186000,-5.280000
281.007900,7.944298
172.582900,8.188082
18.174000,-5.116000
8.262025,-5.170014
59.806740,7.907559
188.427400,7.883644
56.035200,-5.142378
54.630610,7.855991
277.278000,-5.119102
92.726680,7.650915
209.901200,7.308266
62.257000,-5.238000
1.393002,-2.509196
0.390289,-3.006910
0.679794,3.938774
0.423311,1.597385
1.528734,1.970200
1.635107,4.558941
1.597012,5.678426
1.763950,7.336936
20.590000,6.100000
24.297130,7.664798
23.929970,8.722963
25.048150,8.784542
17.016850,8.584784
16.359530,7.679246
17.633680,7.626733
15.332910,8.126978
13.798770,8.237894
6.916256,8.604818
3.766435,8.574141
0.342618,8.266361
21.944570,7.517915
31.465680,9.024756
41.973110,7.900698
43.796570,7.945579
43.303210,8.953601
45.810000,8.840000
47.393610,7.820883
49.505000,9.000000
48.914000,7.840000
50.187810,7.859715
52.313350,9.178659
53.513510,7.897912
52.410450,8.063195
63.663040,7.944739
65.124690,7.936981
55.924000,7.860000
55.276000,8.920000
58.362000,7.860000
68.348080,9.164720
69.786060,8.680748
82.971000,7.840000
101.524000,8.920000
105.035700,8.241074
106.774200,7.755597
130.025000,-4.645000
125.514400,8.150336
126.648000,8.380000
134.457000,9.120000
110.213100,7.942414
149.898900,8.307602
151.198400,8.127927
152.381000,8.240000
153.226500,8.994244
156.483500,9.204703
143.676000,8.100000
138.233600,-3.040745
169.782000,8.345996
171.207500,8.075100
185.181000,9.200000
186.343000,9.240000
196.226900,9.029340
197.269800,8.621513
194.537400,-1.811645
259.078900,9.112852
260.451000,8.999917
275.182900,1.024639
276.695700,0.930307
303.600000,-6.230000
10.533000,-7.310000
81.807760,-5.477930
82.057000,-7.930000
153.333000,-6.070000
108.158000,-6.858000
233.628000,-7.121000
15.962000,-8.090000
286.971000,-5.500000
77.522620,-5.412819
16.429090,-5.521127
146.071000,-7.315000
52.800000,-5.900000
113.978900,-7.699453
147.188200,-7.869778
193.044000,-7.839000
43.503010,-8.853035
42.262000,-5.464000
13.879800,-5.499494
151.981600,-5.588059
6.780185,-8.299717
102.983200,-7.897208
78.211000,-6.730000
125.471000,-7.018000
214.305000,-6.850000
268.655000,-6.826000
9.851681,-8.491488
150.661000,-5.617000
197.352000,-5.422000
104.388700,-7.537267
209.585900,-6.293655
87.911980,-8.303611
78.533000,-8.381000
283.314000,-6.590000
268.648000,-8.128000
32.106000,-6.100000
273.898000,-8.256000
118.351000,-5.893000
65.427180,-7.958919
4.409000,-6.541000
266.810500,-1.695071
84.602060,-6.946627
171.215000,-5.471000
99.448000,-6.250000
14.828360,-8.371758
133.869900,-7.679211
202.914000,-8.230000
230.829000,-5.328000
28.121830,-6.209271
51.524000,-8.110000
55.451000,-8.377000
144.109000,-6.744000
108.048500,-8.182261
3.653000,-5.413000
66.818790,-6.469869
131.029000,-5.479000
24.190000,-5.643000
168.095000,-7.690000
260.322300,-7.171727
246.095000,-7.150000
8.381000,-6.330000
125.057000,-5.789000
131.943000,-7.619000
232.613000,-6.333000
188.552000,-7.900000
14.168810,-6.881682
68.038000,-8.190000
47.590000,-7.590000
34.990000,-6.779000
200.095000,-7.910000
86.457000,-6.070000
272.631900,-8.166130
301.803800,-7.444750
33.961000,-7.704000
148.308100,-7.888225
175.390000,-7.170000
102.189000,-6.775000
234.880000,-6.012000
77.496060,-7.638680
224.857000,-5.639000
157.025600,-6.411399
159.613900,-8.150742
164.189600,-8.081605
35.430000,-5.569000
148.019000,-5.550000
276.772000,-6.418000
211.029000,-7.010000
160.702300,-7.887942
83.486000,-7.790000
12.216000,-5.783000
96.229000,-6.709000
28.826020,-8.324742
218.429000,-8.361000
100.971000,-6.270000
103.396600,-6.856162
57.889680,-7.516560
44.904000,-5.590000
45.413250,-6.889596
26.962000,-8.130000
122.363000,-6.882000
244.743800,-5.004128
302.471200,-6.545250
303.356000,-7.457000
119.524000,-6.510000
108.180900,-5.443463
46.885880,-8.568518
42.716630,-6.772726
160.628000,-5.571000
49.486000,-6.970000
62.072000,-8.295000
132.325300,-5.607234
196.600400,-6.560121
252.114000,-8.230000
97.727000,-7.884000
51.580000,-5.787000
87.981000,-5.990000
62.578910,-6.987193
161.204900,-6.887314
22.251600,-8.189580
201.276000,-8.030000
30.482450,-5.995104
69.971000,-8.320000
144.869000,-7.763000
275.014000,-7.418000
172.223200,-7.548955
20.290210,-7.222049
142.243000,-7.477000
177.740300,-8.095108
76.044000,-7.870000
127.089400,-5.371821
98.630000,-7.081000
112.575000,-5.516000
89.167590,-5.919022
162.053800,-7.755178
68.419000,-5.918000
144.513000,-5.476000
195.333000,-7.970000
252.721700,-5.560151
121.047300,-6.027274
32.610000,-7.210000
111.175500,-8.442842
43.419000,-5.480000
258.792600,-5.612203
80.386230,-6.234864
22.827280,-6.070855
275.027000,-8.714619
75.643000,-6.666000
307.086000,-6.810000
270.419000,-5.802000
56.449000,-7.470000
151.930400,-6.707006
216.443500,-5.868104
52.116250,-7.060536
169.835000,-5.904000
239.467000,-6.920000
170.933000,-8.141000
165.302000,-6.007961
33.774000,-6.384000
4.388000,-7.830000
96.590000,-8.179000
237.029000,-8.258000
194.262900,-7.372261
186.226300,-5.486988
48.819000,-5.599000
129.105000,-6.890000
191.829000,-8.770000
159.890000,-6.808000
109.246100,-5.789536
84.840850,-8.201731
221.717000,-6.774000
39.828330,-5.948176
217.990000,-7.230000
219.226200,-7.047532
46.118000,-5.690000
91.562000,-6.371000
11.783000,-7.180000
97.183230,-5.252605
65.924000,-5.580000
131.597700,-6.458766
20.702220,-8.491648
106.883000,-8.784000
266.142900,-8.499358
112.292000,-6.737000
174.112800,-5.515485
29.867000,-7.250000
182.686000,-6.570000
11.443210,-8.325879
156.026000,-6.916142
174.229000,-9.170000
28.505080,-7.257977
187.448000,-5.500000
58.960320,-7.187440
201.162000,-6.810000
94.986680,-6.246203
155.286000,-7.908000
127.750600,-7.002270
52.685000,-8.280000
149.781000,-7.250979
158.426000,-6.340000
211.362000,-8.190000
214.009000,-5.690000
260.688000,-5.610942
136.405000,-7.706000
180.020000,-5.650000
195.246100,-6.835739
99.990000,-7.551000
78.933000,-5.680000
197.628000,-8.090000
182.520200,-8.087606
92.162640,-7.518919
148.714000,-6.761000
225.910100,-6.371418
105.505000,-8.150000
74.304000,-6.525000
135.247000,-5.340000
105.705200,-5.791484
253.330800,-7.549247
259.054100,-7.093239
117.124000,-5.362000
90.822870,-7.498722
126.665400,-6.724730
172.702000,-6.350000
139.867000,-5.950000
142.941000,-6.148000
57.018000,-8.568000
274.210000,-6.440000
165.419600,-7.514429
116.253000,-7.553000
41.732370,-7.307274
11.074000,-6.125000
53.382740,-7.393959
129.735400,-8.020627
81.494490,-6.616948
23.563000,-8.394000
87.263000,-7.189000
288.263700,-7.351902
275.579400,-6.285097
59.150230,-8.527503
95.186240,-7.348261
26.701000,-5.490000
145.382000,-6.290000
264.698200,-5.290378
187.644600,-6.643147
39.339000,-7.988000
272.570600,-5.606675
121.864600,-7.960114
243.028000,-7.059000
63.404090,-6.229807
102.166300,-8.663524
241.882700,-7.175127
137.692000,-7.737000
41.110000,-6.296000
184.955800,-6.988153
154.152000,-8.781000
50.343000,-5.810000
25.022100,-8.321738
251.569400,-5.844718
128.376100,-6.017398
277.381000,-7.541000
178.475000,-5.670000
117.397000,-8.038000
110.197400,-7.818944
307.551100,-5.780872
242.703900,-5.817142
167.098300,-8.474437
64.267000,-7.190000
208.699600,-8.334170
95.766000,-5.342000
124.781000,-8.150000
304.932100,-6.276061
183.624400,-7.514901
120.103800,-7.665618
106.847000,-7.458344
132.944900,-6.736211
282.670900,-5.348332
237.576100,-5.935441
217.116000,-8.210000
45.200000,-8.381000
3.318452,-7.193703
289.423700,-5.401959
176.243800,-8.165851
292.046400,-8.576315
307.983900,-7.673965
191.298000,-7.642000
24.286000,-7.091000
135.257000,-7.850000
155.248000,-5.585058
70.696220,-6.151576
2.104534,-8.223227
153.181000,-7.650000
5.553009,-6.190012
234.513900,-8.270215
15.733000,-9.410000
149.486000,-5.901000
115.059500,-7.291497
113.562000,-6.399000
194.295000,-5.389000
109.165200,-8.248765
133.779600,-5.989409
283.953900,-7.664288
122.485000,-5.673000
190.076000,-7.990000
121.095900,-7.145985
98.263770,-5.547395
82.819000,-9.170000
284.724200,-6.577585
231.524000,-6.880000
19.486590,-8.291827
5.345688,-8.747779
289.980900,-9.433119
130.404000,-6.890000
6.800000,-6.710000
130.854600,-7.978374
54.943840,-5.392270
30.538000,-8.208242
79.608770,-7.041136
263.456500,-6.002123
310.462600,-8.587347
190.838000,-6.441000
146.027000,-8.662000
34.119000,-5.181000
83.764940,-6.202373
70.293940,-7.220508
37.754950,-7.601609
115.989000,-5.970000
71.970950,-5.765109
19.045000,-7.024000
89.956130,-6.789279
82.614510,-6.630052
150.273000,-9.145000
276.198400,-7.507620
291.078400,-5.563711
89.543000,-7.980000
92.810760,-6.606471
237.173000,-7.025000
279.692900,-7.307399
269.977400,-8.329570
247.043600,-8.193774
189.733000,-5.779552
312.964300,-8.233934
105.541800,-6.899516
30.936380,-9.432516
240.982000,-5.857000
143.420000,-7.950000
27.048000,-6.942000
276.701200,-8.507360
221.285500,-8.082653
247.985000,-5.714000
51.026740,-6.800464
277.981000,-6.281000
243.570000,-8.231000
219.752000,-8.122000
12.906000,-7.060000
267.248300,-8.318626
312.908400,-7.117041
193.486000,-6.410000
208.272600,-6.320845
36.642000,-8.177000
185.953000,-7.792000
181.347400,-6.040040
293.868500,-7.444011
37.924000,-6.150000
287.387100,-6.656996
261.439300,-7.089190
38.694460,-5.333604
139.294800,-7.034152
44.000000,-6.533000
271.396300,-8.232827
184.601000,-8.490000
117.140000,-6.555000
147.462900,-6.621773
231.112000,-9.432474
250.540000,-5.328999
186.419000,-6.610000
203.333000,-9.432503
231.752000,-8.010000
48.122280,-9.359996
305.749200,-7.318719
178.105100,-7.036404
80.906000,-7.677000
221.343000,-5.665000
280.729500,-6.346806
255.516800,-6.963712
295.802700,-8.546007
308.436800,-6.570809
229.490800,-7.191049
6.977000,-5.543000
281.853400,-8.437837
123.591000,-5.990000
289.662100,-7.287365
198.776600,-7.090952
215.430200,-6.661221
164.465700,-6.928693
169.533000,-7.910000
309.247500,-7.342359
137.170800,-6.508106
279.357600,-8.414519
46.841320,-6.580820
284.747000,-8.451269
137.690100,-5.508842
161.960900,-5.970334
123.943000,-7.110000
64.637000,-6.030000
291.010000,-7.170000
196.544000,-7.721000
203.382000,-6.563000
15.690000,-6.519000
173.745000,-6.970000
272.763000,-9.432517
63.338000,-8.071000
227.339000,-8.299345
296.495000,-5.375000
123.085000,-7.891000
86.560000,-8.093000
71.205000,-8.319000
253.210000,-9.432502
311.570500,-7.046867
278.044300,-8.574110
166.665500,-6.075306
212.592000,-9.250000
157.567400,-5.431458
46.215870,-7.670887
222.585000,-5.972000
233.706000,-5.981000
65.497830,-6.841081
248.791000,-6.779000
52.344000,-9.432447
164.193900,-5.843905
244.078900,-6.177027
54.076000,-6.301000
60.705000,-8.918000
118.896000,-8.112000
12.811100,-8.471743
104.512600,-6.240649
269.784500,-6.912069
101.296000,-7.699000
44.244000,-7.654000
85.278610,-5.845634
17.895000,-6.448000
247.578100,-7.209702
230.437900,-6.592979
40.590000,-8.190000
73.617000,-5.590000
36.207000,-6.959000
253.178200,-1.316699
252.331000,-6.736745
236.362900,-5.498460
217.797000,-9.432481
293.894800,-5.580160
72.929000,-6.628000
309.123500,-8.450633
76.992740,-6.639031
258.533500,-8.191310
106.934000,-6.341655
254.761000,-9.363000
261.024300,-8.441151
291.912900,-6.310947
285.526600,-5.470376
169.042000,-6.858000
9.924000,-6.350000
104.720600,-9.304512
230.489000,-8.135000
204.261800,-7.980842
289.415600,-8.467480
135.108700,-9.079457
25.644850,-6.366768
284.118000,-5.597304
176.252500,-6.188462
112.859300,-7.709770
228.036300,-6.618104
197.691700,-6.812515
222.404800,-8.093619
166.756000,-7.197000
22.666560,-9.432444
118.218000,-7.009000
295.333300,-7.528996
129.800000,-5.870000
60.476000,-5.601000
296.971000,-8.350000
90.459000,-5.758000
47.933680,-6.333180
244.834000,-8.265287
213.223400,-7.999345
16.914000,-7.210000
170.391000,-6.976000
38.971000,-6.773000
38.126050,-8.658391
235.732000,-7.988802
138.376400,-6.393702
57.029000,-6.320000
99.143000,-8.390000
109.314000,-7.001000
281.989500,-6.550363
262.210000,-8.310000
31.491100,-7.334821
154.426000,-7.041000
274.836500,-5.446903
85.727000,-6.941000
55.775000,-6.478000
179.284000,-7.970000
140.694000,-7.000000
39.758000,-9.367000
269.278900,-5.527172
9.122700,-9.432611
210.505700,-5.654891
42.550620,-9.436031
142.082300,-8.962429
136.431400,-5.597919
279.263400,-6.272880
233.092600,-8.268994
263.408300,-8.298106
192.383700,-6.688829
207.176500,-6.547160
288.297800,-5.515817
207.843600,-7.611847
293.363600,-8.442657
97.593000,-6.650000
286.174200,-6.604163
29.866050,-9.103877
21.658400,-7.239415
20.094770,-9.432547
79.900000,-8.334000
40.216670,-6.998824
21.718700,-5.505278
67.839330,-7.014874
20.943090,-6.312674
128.485000,-7.850000
271.621500,-6.201280
213.162000,-6.430000
290.249700,-6.317318
18.392640,-8.055217
35.333000,-8.010000
294.502000,-6.521142
205.560000,-6.193346
303.768500,-8.528531
175.163200,-5.904515
201.936000,-5.935484
214.330000,-8.170596
93.992000,-8.594000
163.338000,-7.354158
171.130000,-9.263000
5.720312,-7.692219
36.774520,-5.829561
135.738600,-6.478080
255.241800,-8.184700
138.875800,-8.073722
235.410000,-9.300000
151.004800,-7.956661
3.335793,-8.347191
299.780200,-8.439454
150.816800,-6.825243
10.453700,-9.433598
61.568130,-6.229715
239.795000,-5.632548
292.763200,-9.433713
301.272500,-6.254509
188.735500,-6.390415
26.559710,-9.432436
251.382900,-7.333055
173.223400,-8.051610
238.641300,-8.265528
298.598000,-8.413980
229.567300,-5.885972
254.084000,-8.392114
61.303810,-7.318129
179.333000,-6.722000
216.534000,-7.160000
47.258820,-5.077237
114.762000,-5.862000
282.519000,-7.536270
132.857000,-8.300000
8.339300,-8.632283
7.619815,-7.558281
295.070300,-9.435190
29.364550,-5.925896
207.715500,-5.343780
311.499800,-8.164717
225.971000,-9.280000
248.422400,-8.100412
232.645400,-9.296005
256.620600,-4.931443
260.051800,-3.673058
205.441000,-7.963000
198.416400,-5.958202
73.597000,-7.563000
223.067000,-9.210000
93.842790,-7.362204
209.026600,-7.263383
236.053600,-6.575026
288.277600,-8.466476
180.755400,-7.977904
281.233600,-7.504798
242.078000,-8.291468
69.160000,-7.476000
305.361200,-8.369008
210.182300,-7.875606
64.533000,-9.090000
18.428000,-9.401000
131.695000,-9.140000
85.562000,-9.230000
48.705000,-8.090000
41.961930,-8.487321
268.027000,-5.457000
196.075500,-5.570611
163.582500,-9.379943
167.679200,-6.551536
259.737000,-8.279000
156.533100,-8.083285
266.368300,-7.400683
81.689000,-9.202000
212.343500,-7.307216
13.795730,-7.937821
256.459000,-8.094000
313.544800,-9.190584
8.866000,-7.625000
103.617000,-5.568138
14.996190,-5.590506
254.075300,-1.982142
226.257800,-7.831949
163.129200,-6.253736
228.361200,-7.689968
66.833960,-8.838522
257.368900,2.757555
234.928000,-7.208983
299.766200,-6.476826
34.593000,-9.048000
300.483500,-5.459491
220.754000,-9.432447
50.057000,-8.120000
266.772000,-6.250000
273.086000,-6.950000
181.680400,-7.346490
199.820000,-6.469000
239.408000,-9.366000
212.726100,-5.215271
10.700290,-5.062945
17.304770,-8.318955
120.948000,-9.174000
130.223000,-9.418000
246.533000,-9.432493
189.429000,-8.982000
149.354900,-8.286710
195.565300,-9.281922
66.928870,-7.667258
181.619000,-9.190000
223.128400,-7.185241
301.114200,-8.530189
168.541000,-5.764000
44.458170,-9.433202
202.404000,-7.148000
237.836000,-9.432486
155.392000,-9.146000
265.647400,-5.885240
174.368000,-7.937000
280.492000,-8.344604
172.587000,-9.195000
19.853240,-5.824996
295.709000,-6.442184
116.280900,-8.818506
60.341170,-6.714705
257.446000,-8.920000
229.390000,-8.470000
211.299000,-9.432495
14.071000,-9.432527
76.430580,-5.671470
265.248400,-7.410944
226.935400,-6.820510
270.997500,-9.278661
306.576000,-8.275000
217.810700,-6.046282
224.431000,-9.276000
162.025500,-9.211079
309.375400,-5.566230
245.147500,-6.517548
302.536000,-8.501000
141.662000,-6.197000
127.202300,-8.041487
158.601600,-7.627291
238.352100,-7.183367
32.195780,-9.433818
91.396000,-8.791000
185.182000,-5.891792
169.679000,-9.030000
292.455000,-5.330708
247.788300,-9.030234
263.193100,-0.969596
60.309880,-7.834451
224.673000,-6.883000
223.919000,-7.998000
53.732000,-9.432449
143.390000,-9.120000
178.370000,-9.050000
88.452940,-7.322783
225.142200,-7.931051
25.370000,-9.432511
296.637900,-7.118452
206.540100,-5.625552
257.159500,-5.908057
252.586500,2.731232
198.782500,-8.211040
183.949600,-6.443099
300.636000,-7.413000
207.804800,-9.203691
54.005930,-8.345592
95.473000,-8.851000
204.337900,-5.933505
233.943000,-9.432514
253.647000,-6.315000
197.089000,-9.158000
141.098700,-8.426571
147.301000,-9.183000
205.879900,-9.416189
304.533000,-7.519000
201.867000,-9.289000
292.385800,-7.510030
194.483700,-8.991077
290.546400,-8.440636
41.067000,-9.432524
213.851200,-9.432553
238.684400,-5.776169
297.458700,-6.356795
264.527900,-8.268667
215.739000,-8.036000
72.381000,-8.076000
59.261000,-5.858000
140.003100,-7.901475
102.497600,-5.535656
310.059600,-6.453072
33.439000,-8.821000
58.171000,-6.210000
35.909000,-9.304000
110.329200,-6.497543
93.867900,-6.240941
283.161700,-8.451507
75.140170,-9.252938
267.482400,-7.224922
185.759300,-9.076906
214.945800,-9.195196
262.895000,-9.432502
65.852000,-9.432554
2.092515,-7.103519
54.594330,-7.392447
80.476000,-9.350000
69.162000,-9.370000
129.005000,-9.006000
260.411000,-9.432504
235.281400,1.472252
177.372200,-6.190025
212.021100,-6.234838
175.611800,-9.089540
177.086000,-9.190000
42.916270,-7.900806
295.176200,-5.457144
306.043900,-6.140939
293.032900,-6.295860
254.796400,-6.074226
126.096700,-8.220513
69.511000,-6.358000
218.928000,-5.967903
281.364500,-5.424194
220.248800,-6.174781
246.919600,-6.303689
51.106000,-9.432497
109.228000,-9.432461
119.810000,-8.930000
220.529900,-7.257946
200.853200,-5.648525
7.209000,-9.432514
219.524000,-9.370000
152.078200,-8.276343
304.427500,-9.433030
249.491600,-8.505621
25.761050,-7.480495
294.599700,-8.422285
297.928000,-7.437000
249.619700,-6.018486
115.050500,-8.411504
258.082600,-6.538038
187.342000,-8.050000
134.557600,-6.795169
255.950000,-9.211000
306.825900,-9.433171
251.553000,-9.250000
183.371000,-9.030000
285.274400,-9.434544
313.448600,-6.137584
168.359000,-9.077000
137.771000,-9.180000
291.150600,-9.383854
221.954000,-9.432499
180.499600,-6.771960
257.612300,-7.554413
123.584000,-9.384000
189.732800,-6.899886
228.529000,-9.373000
259.740800,-6.208535
71.410640,-7.134053
293.882800,-9.433298
180.082000,-9.230000
72.552000,-9.190000
166.101700,-8.985563
288.827200,-9.435219
264.674900,-6.448711
240.762800,-7.155279
268.602000,-9.432505
244.318600,-7.271047
206.207100,-7.107007
157.065400,-9.068835
299.274200,-9.434501
206.664600,-8.128768
83.966150,-8.901270
112.273300,-8.663938
270.848000,-7.257942
298.571400,-6.483753
152.933000,-9.181000
111.161900,-7.251809
280.013600,-5.441142
186.877700,-9.137094
261.552700,-9.428849
245.930300,-5.716286
2.773222,-9.315809
100.316000,-8.957000
299.126400,-5.296327
31.697120,-8.433958
144.757000,-9.034000
54.977000,-9.432487
58.468770,-9.416497
245.944700,-8.407997
250.619000,-8.270000
246.961500,2.567044
256.869800,-2.788894
288.919400,-6.447114
286.752100,-7.578619
126.716700,-9.362375
200.679000,-9.164000
11.573410,-9.434640
0.391723,-6.326098
2.772247,-6.214220
89.088000,-9.236000
37.143000,-9.290000
239.754600,-8.143106
21.546430,-9.432497
49.241720,-9.321004
276.443200,2.020362
278.900100,-9.433974
61.819000,-9.432539
223.736600,-6.244759
160.867000,-9.267000
1.662231,-6.052049
268.960800,2.741760
151.489000,-9.432484
240.958500,-8.258126
216.298000,-9.109000
281.161400,-9.318643
286.416900,-9.437360
193.172000,-9.250000
1.389957,-9.085611
92.781000,-8.701000
191.859300,-5.699171
278.592300,-7.597626
305.707000,-9.433197
136.275000,-9.015000
283.922500,-9.421442
215.159700,-5.575041
312.345100,-5.949667
176.801400,-7.195609
127.832300,-9.261624
162.892300,-8.497800
204.752400,-6.973977
298.139400,-9.433658
209.953300,-8.972097
4.136000,-9.434464
77.368000,-8.918000
122.251500,-9.011007
199.533000,-9.042559
103.899400,-8.543032
310.533200,-7.469560
287.171000,-8.615575
241.711000,-9.372000
103.225300,-9.433788
87.911280,-9.423732
204.787100,-9.170812
269.816600,-9.434515
171.501400,-6.693436
74.916000,-7.963000
139.400000,-9.148000
67.783040,-9.432683
254.461200,-7.337543
125.182000,-9.425000
70.786000,-9.432519
188.261000,-9.125000
27.679140,-9.423365
262.802300,-7.248744
45.943000,-9.432560
28.797800,-9.436525
105.867000,-9.350000
227.275000,-9.417655
158.610000,-8.930000
307.718300,-8.760578
0.986609,-7.273430
208.922200,-9.431643
311.097700,-6.031434
255.956600,-5.933958
146.564500,-5.953085
108.063000,-9.365000
86.805800,-9.242871
309.728500,-9.432865
79.205000,-9.432493
243.271000,-9.358000
277.327800,-9.433735
256.634400,-6.896379
262.338500,-6.068876
203.200000,-5.419000
113.588000,-9.017000
263.921600,-7.289373
226.850500,-5.608640
111.369700,-6.048678
261.121100,2.722048
241.129200,2.919517
300.454000,-9.433294
133.996300,-9.209542
23.070710,-7.164145
285.432400,-7.442851
74.028830,-9.113062
198.351000,-9.432496
248.867400,-9.433523
117.273100,-9.337927
56.127000,-9.432549
308.607800,-9.436598
299.235800,-7.462711
118.389100,-9.432508
275.885000,-9.433083
277.634800,1.529279
97.670000,-9.130000
0.577464,-8.314952
314.029700,-7.375384
256.103500,3.216548
292.567600,2.890085
299.162300,2.854986
314.143600,-4.048846
63.276000,-9.270000
90.248000,-9.070000
157.488900,-7.499585
148.590000,-9.110000
190.590000,-9.130000
236.571000,-9.390000
250.650700,-6.485481
245.410000,-9.430000
259.067000,-9.290000
267.297600,-9.434116
264.125800,-9.432493
265.245200,-9.398297
273.962000,-9.432508
280.042600,-9.371531
282.637400,-9.435026
296.667000,-9.432434
271.966600,-7.266413
285.997300,-8.405235
