15939	463
6128.77563091773	202.577536941797
5016.48883027384	351
9990	50
4180	338
553	517
13097.8175798401	335.38135933931
7704	287.476436393588
7566	197
6186	162
4436.28964014503	115.065918806186
9567.30987569284	412.688079574867
15226	162.449638994195
4297	424.467971564467
2605.18308859175	370.603201202035
11676	108
2416	307
14112.967787025	349.266882485583
3216.73038262423	371.00039303925
4308	548
8050	455
5437	105
4365	168
10797.7036859955	44.648583450209
6551.56083452804	65
6434	287.526558501429
5099	235.46736669694
2945	348.53804909852
10615.5640373798	139
7518.8535384508	246.223124319013
14453.5259266778	363
2085.445400131	221.965746074807
4360.41781967639	104
8143	234.453345726674
15438.365912862	360.179932810761
5678.28906044511	494.413096417474
12265.4831570353	507.542466927105
3541.53468265364	408
10411.5071572636	378.003724881185
4876	43.532142193701
13937	73.5288503696471
8324	277
10073.2944708033	42.2834386679938
7174.2427479671	64.1937893355781
838	556
11195	303
15066	426.491493109072
4068.5141256521	422.477719707731
866.537310320513	422.778408236736
7668.74500293697	517.261619058605
2772	446.505457876279
5980.32587766766	536.63461027365
11807	373
7728	545
10134.8130678451	543.437822751576
4415	292
2280.575258406	598
14177	384
2808.54508325139	111.487360353707
9246.82484332815	391.117553942021
7650.23531863771	95.0202892836678
3869	118
6184	368.412475996039
2218.74265523835	424.685266276979
729.00052894149	426.50617222001
15405.6069536617	79.2511061869995
7241.06021743411	37.5837801055158
9913	275.436789765394
14918.0222918109	92.5551790631378
7326	83
4676.47435945226	111.491288785251
13209	325
7979	431.385391843281
7012.40225512955	385.017314448349
8136.52422575063	166.466148210584
4345.31820723535	277.675183885616
356	566.471828227791
5415	554
11149	35
4106.10167600802	488
6587.23392377152	502.416260935725
11251	494
4375.42584769478	344.97225070555
4855.72111215949	101.634868169158
13040.1772732018	310.506518534431
8255	298
11130.4578554766	284
4057.50250321785	127.515880994186
4846	277
4559.4909817012	192.484601301902
5806	339.067258754099
8591.37172570376	155.166116646195
338.743761451485	267.799183956811
13573.6483775035	24.3968821135505
2144	36
15662.1425875092	38.1180693753109
11924	314
8848	316.108799131386
2814	387
8083.01498656741	400.774182816131
9238.5023448424	264
14104.3876346429	492.789885439769
5458.65887300992	177.20856442052
11403	122.482846332545
520	580.48802590763
3258.15679297879	139.836922900367
7909.71834295193	432.344202370516
15306.54469105	372
10361	422.596421754979
5479	531
7256	168
14512.0898175774	131
8210.72810384694	408.323714198794
4052.28408001747	198.873485170715
6861	334
11002.4736203593	472.520535433019
4615.48980520667	569
1662	334.523630548938
4123	570.54778432582
16088	182
3140.47761617268	374.570752619218
3929.98633433002	289.204080517153
14874	481
3719.92752087317	299
16361	396
8674	62
14104	557.902261363396
2583	22
13216.4757405444	112.451320157919
2034	170
6777	91
9828	219
1685.55994013702	456.503208563933
14379.6373450044	564.308416604885
963	350
6213.41030041878	446.136755228577
12310.7820111699	289.178217020698
13496	123
13736	386
15678.3900848313	260
10970.3328990178	349.398117079922
6425	224
3435	548
231.492607036962	478.528820255867
2559	93
13989	242
4440	497.453687757625
2858.19780193502	170.613298570838
8988.79010617575	425.043661993067
12820	215
3704.42433843598	239.257404053527
5221	464
5392.77908008578	163.426456688106
14430.5748590832	26.4005471271878
6237.38599009002	335.678493283508
4627	220.528666492809
12220.0128978066	404.238223558511
776.932497925149	569.465386392817
7028.35477065108	535.270910976722
15854.5505805279	104
8011	198
7238	228
10653	563
7668.3934443459	153.717035308382
12118.5020556811	417.903068309921
1476.97845007038	463.5082154146
3457.45382437214	240.525866440166
4108.36730923347	171.261942537198
4866.73152092452	421.740152146475
2705	557
2911.1698471736	570.329691467831
11919	377
5385.34120840842	295.834320950561
13279.8226465508	291.180384894716
4806.96536733815	150
11798	185
8515	269
7565.71403365961	488.691756016373
5673.27722618208	560.650532905001
130	319
191.778518511016	422.16428210121
3508	475
6035.29827647888	191.392426865398
3222	88.5161124936142
6307	286
12290	26.5461878358242
6879	425.47002192658
1270	433.629953463467
8825	536
10297	128
985.989647694296	41
2519.60291138242	24
11242	193.508289613781
1978	132.460349241263
8325.57846510546	177.531214211572
13665.3672013276	506.726994245704
14022.4827596356	301.969475088981
2787.3019375897	181.104762388359
2846	290
12230.625068564	70.2720048496944
4689	33
14448.5352806182	174.420180810535
8380	160.495386351152
2775.14546904912	271.376959295898
12920	509
11732.2455604104	398.726013614699
6136.51400426419	108.50942532508
13837	159.109759530433
7817.37158152147	122.778355315882
13530	384.559385470057
440	468
5851	181
3358.24639736926	215.107534312704
11629.8149519563	232.392531400618
5575	165.52645443761
3075.09623411237	400.877713179951
6565.5138716048	440.970794695251
4939.18108561061	32.2687991378972
15231	92
6927	532.456059406376
10377.4744757319	267
4638.51697910859	377.734234250078
12212.1618605235	468.133130820168
2318	64
9899	546.500411940415
7695	211
743	498
1693.96014605033	182.308990144043
3572	561
8588.65180667432	284.741792242792
11283.5433759177	148.497144794387
14483	237
9737.28323139031	219.550244054514
2498.45594150265	531
7112	63.5830004469862
1837	490.473573204293
2884.50899387063	107.500055722562
12532	173.47427330092
11089.5162071999	36
3135	264
10505	547
4539	455
7769.7777834123	180.821998051403
3734.92742104237	41.8059105278746
5689.49855294941	169
14312	558.409492913952
3313	292.437175902664
15846.4655868898	521.507600307363
4297	87
187.505689076618	301
7566.4033577613	363
13382	163
13085	33.5216012817613
1782.97210675895	536.71286686016
2692	275
334.429896009673	203.750838768678
7790.32501138387	547.360572478452
6495	29
4532.43601237237	329
9208	510
10484.4880067667	277
4238.52921031835	70
5364.9384899142	490.251344214961
10418	147
3522.51461532415	137.957999404628
15277.6477175831	248.353502055609
10825	170
12331.2112542661	452.10067969429
4427.76244080301	40.79218644122
4067.50275722124	531.428304605524
15376	354
11805	433.435365495389
11148	350.888026155767
3527.70666224726	265.945488830602
9247.12686760221	124.890956052509
209.613196150172	123.827641710884
577.568333109248	259.520872928336
13408	339
14867.6004227225	46.399577277491
7344.49932898073	361.526259949178
15819.3720507966	236
8470.62790305868	328
12403	179.538339308011
11690	200
6722.33210686216	188.687084840348
3179.06973274971	150
8244	471
6372.47650524253	320
5210.23357063845	315.432788753875
9172.66313277367	257
2828.53253446874	218
5962	398
8381.96292823505	558.496183091624
15637	295
8618.0867918226	554
11209	369
5907.40584913061	135.685794984535
8022.84360013518	323.969448636292
3453.44812096127	164.526646721199
7907.6497814332	220.821834643305
1860.09547877229	429.936181305892
7771	429
1493	104.512781077875
4614	326.607916497815
4498	148
14530.5551609043	472.386037415483
11079	502
8435.44575020552	545
8267.18567932372	155.422934677407
2929.66623627321	169.332517805913
15886	230.487891787603
8084.59556865438	337.588398666732
9971.74667321034	219.98781022076
12454.677787213	211.646067025279
4384	228
6553	368
3377.26595525723	154.426254565162
14365.7833555842	163.402442011145
8659.48770811907	386
3289.401519112	351
4383	541
13150	304
641.364719503292	440.643829586248
8380.61857955148	221.662483978448
14027	187.470777594051
5052	486.969197771182
1510	575.628920889651
2675.97204690871	382.31788571748
2484	293
13313.5463385247	172
4245.13859238392	132.501004721066
15133.5012141996	317.065856519077
6687	241.465068555593
11467.5007867432	569.556961619899
5300.99351115616	465
6076	83.388422045738
6312.24507645991	361.634672174302
4354	402.533725837575
16032.4449426057	221.031930439671
3985.63522785016	37.3412499955363
10957	214.40302799724
13529	259.489145747018
15462.4185663941	242.806146611572
5426.34080295235	500.309691359905
3039.64496636934	527.191740048897
3862	302.859087726848
13459.1453531534	226
2357.44347923513	431
1320.4969950965	107.654823877346
7545	306
3804	332.403109516267
5303.08125284546	150.701686378525
6482	384.542760106245
14281.404239664	241.253591751035
10255	191.550429608223
2385.02160209589	496.736666719072
1415.4876788437	558
6424.06929862383	495.594163987279
3103	211
31.5824581588813	169
13162	11.5399874909892
12852	400
14338.3358956313	105.864186420224
7255	98.9354714400804
15878	481
7173	245
4190.3935653245	112
3275	420
2355.02627120749	305
15926.1727737122	524.351728528169
15915.4516991078	19
6275	477
11327	51
3696.75009234336	177.572432713555
15072.4972588187	213
9239	323.470481496566
5680.53407783575	424
788	157
2460	578
9418.6050643509	212
12585.4470160183	264.342424334272
15859	179
15154.9208423381	133.380997427993
5203.16477174779	248.59085575632
2239	492
8432.98063788086	430.043426860843
2598	500
3258.78853607583	566.262093560146
11525.0222326848	115.726521197072
13180.4610571103	182.541252335229
6946.96309896722	432
10321.2629951816	478.912767947246
9363	82
9625.45604605725	176.355598575356
10887	200
13274.4760171392	352
2748	381
15996.4530010836	272.568966996519
12380.7997891692	230.541026037302
13236	563
5560.06427559326	105.802218589337
5130.65737695564	545.705756163142
8354.55429085745	417
12470.3516809187	149.330769569185
12237	278
10428	310
10964.2483991585	418.240747727859
9219.59171269606	59
1386	295
2707.93823113356	440.865059539548
9900.61606676672	406.76183464803
4619	451
3286.59559108887	499.788725360189
2827.87552402907	57.3579615719465
7296.49318379097	226.496301149511
8462.44876865203	497.285805758064
5295.48985476669	84
3934.87098531447	361.590892885967
4136.41184207555	297.066881037334
3023	223.554927381583
7497.92821365111	178.155010065796
7803	378
6495.46106723938	248.49946208717
1167.84153393403	560.436585346592
6489.76762275992	185.588632447095
7153.74955060591	370.389766701894
9196.379071759	140.156832371289
1497.72935719784	293.122097770738
10567	553
11792	119
1596	451
3673.46851591034	567.509440956845
7605.63130639443	539.668822998007
6375.55302273698	384.161939643386
14113.3083311398	208.580106063654
4877.05692449267	163.793932031202
14438.2115897448	522.404715417049
12560	371
5994.52823590017	338.974131006599
8936.92769121681	382.798084362918
9043	529
10075.5254633904	134
2725.02347270928	211.538630680694
1065.5205299288	512.18836717063
740	36
7467.74462240544	525.34041304157
6230	274
16391	285.526460777012
9331.46770427452	556
8777.6444536199	130.439612115995
4749	90.5075023355939
2992	289.508487497593
11917.1661969583	243.268517886254
7819	61
12049.5239361722	201.892186158518
8382.5829523821	95.0002722975868
2345.62990368801	370.711154441992
16304	289
1494	226.527850979328
254	358
3992.31943979196	545.015764443219
6820.00650801251	282.245279902442
6670.14058706722	419
5166.72470154499	369.099616659738
4000	93.4695737432979
10918.5581535054	20
5803	407
10186.6253955348	354.883377526537
5178.08392850955	505.568024201491
5910.2137284375	427.308248280997
4682.74867687676	444.294749437742
6496.12166868459	320.227825053955
8512.69353503797	543.636503408224
10092.6101326085	259.579883014059
12064	373.433503599174
3592	447.411678195763
7322	160
9843.0486616138	353.447887279365
3668	36.491607640053
7952	294.839650191871
11980.4820044208	161.495080881262
7282.61962309206	350.29469663119
11745.7557670776	89.8895259941364
12994.7422474559	273.422337685806
1557	223.533413425787
7586.91690403476	425.288699676459
4789	385
4366.50804472597	39
9664.8589586541	119.670230564598
12549.8199214778	52.5029073948069
9299	81
10255	550
14676.3599530033	257.293615830625
13571.531961056	216.467126033336
15908	408
13269	428
3340	36.9696322857815
6355	454.055262606733
15158.4651832853	62.598220041551
1712	512
5847	575
13588.4793260346	366.511315485576
3749.5510773993	365
2279.4772500393	425.51071622857
13588	433
11567	167.528450108006
14279.915114904	79.7406683270445
4861	344.539125427584
10222.5525484824	300
10867.8252698457	64.5927932205138
3097.30225016821	326.646404982984
4219	464.47584403719
6706.02426631102	359
1198.79466301911	456.550301287947
14441.5421195389	589.495699859742
149.545705276384	134
11769	30.1129305244626
3971.2384134609	484.815592349654
14813	256.458326283709
5325.71353822695	20.2488877712102
12886.5155442851	218
16122	491.982054061368
12780.4099877997	400.056955702735
15286	119
15740.4563084894	36.3284400480547
4006	374
3870.09448902683	53
9070.65038709423	12.620875592636
2741.69570007327	147.628390490763
6880.01481911186	252
14197	441.583014143542
3796.64245463263	97.8196617030597
6124.54174285256	337
9138.52696763837	39.5400390703527
2963.5740457686	525
6171.5550370206	307
7975	486.504174825311
3654	275
15283.5209415896	189.775134501197
15039.0439429887	44.2298867312038
11362.3134836611	442.84386122659
2736	504.499630904388
8916.32461608787	446.695256909237
12572	497.497823777731
9207	209.419071193309
1092.03736430793	53.2736817808638
8974	558.554260868996
1948.4864103869	267.513589613101
15344	100
12161.4487681526	248
3415.20048660826	385.085304366075
15738	294
12148.5288856723	365.045244074523
10739.1950635649	73.5456358600095
4306.47246004849	156
8678.34161498123	451.901827198355
15210.5325567152	223
1773.14088807055	470.7092001499
14250	401.870882964708
230.379400476201	543
5546.72413412193	42.6826431930718
5902.43840641434	65.5615671913639
7675.55898367083	349.558983670832
6060.53541405503	318
8664	193.930588137615
14643.9963427958	306
13920	362
13094.776829383	257.853632307777
9566.41334634517	218.131864569952
15151	251.475198201123
4163.64932061726	241.478267794728
8969.46791185619	78.4872243742452
2133.45451813238	344
5739.54336307453	116.456074829721
5071	560.475340362765
8413.47877060156	363.449543512161
4214.59605059549	404.205625455564
9472	55.1372614710626
7415.24672493469	356.754173697098
11807.5898548902	305
508.476280817482	161.537984099286
11642.547889012	310.50887307108
8748.42679417886	68
12444	564.411159154162
10981.9859160372	45.6453356750606
121	388.598393015756
14162	166
932.863387418532	80.4245118796331
605.51846148004	88.6920634832801
2411.48694685009	371.066612697139
1081.86360051736	396.648963207638
10199	520
11259.3152747757	86.3133486458947
2723.44559942515	321
9775	426.423025774689
2563	431.448745492068
7437.52860463779	155.203134191038
9533	64.4772798235208
6778	496
10071	590
8394.19898674925	491.901309133909
6728	282
11475.048827679	71.0629280989606
14087	295
16440.5558507407	338.430232714768
3997	163
5734.34934000041	440.655549083082
6895.53642790516	186.00188991885
15482	187.454486686411
4451.37371191147	563.720994026965
11640.1551111865	490.20428015107
2091	449
10585.5340317545	339
498	306
3534.44511389596	327
8202.16967874228	191.251539873005
16103.6840117648	387.308543145888
11444.4492682047	513
387.615683865359	134.202074682665
11509	502.605987781834
13558.4952951432	139.450528699408
11560.5888101528	68.4511613949433
2421.20848632543	436.011937430871
5505.71107116936	341.135484630865
4417.86352018777	393.274063286337
2127.49756053515	100
13502.957983532	328.631064576758
9491.4653465748	226.553054712487
4807.00702527751	470.052457948817
8867.3375450876	372.344901051984
5230.01360437794	112.47978674687
9315.61439411133	289
618.615739385315	510.504394644292
8825.48776952541	74.4577447157056
12589	213
5105.48906060529	415
15008.4920318073	228
2889	47.5738356365549
3461	430.493350310816
6909.01143363497	474.295832325205
1086.87822395588	576.097476934453
5611.3761078042	590.714501746775
13973.0968231548	575.640087546979
5895.35221229407	488.338849065221
2948.29588791473	413.009135051649
16114	249
9022.46383427331	254
10131.8560223554	408.190542562079
9143	428
5243.95439716838	192
10353.8308958798	160.632299595342
1491.48766396137	39.0442387280613
1568	514
5113	95
13258	154
10756.4588323749	163.460491419247
5620.52691945485	91.5154354039695
4311	28
9591	480
13321	106
4926.47536967245	291
601.283533188168	572.634371112095
8192	497
15779.0082537993	79.2837009568813
9554	338.551868441707
9147	610
1504.3932793654	168.637843777
11610.4877492455	108.512388963744
3797.38186841536	268
13407.7760193158	218.904730450972
6763.48006891122	40.5203397346129
6597.08342900971	274.406197445136
12856	148
9783	276
11162.3793230961	110.340613872824
1339.46011221785	246
1386	363
4736.47354381091	291.529498876212
1499.58114924805	527
9039.52355857671	66
9841	426.50362640503
3095	511
10561	492
576.406661142075	139
2986.46047519021	168.066423519468
4985	463.910954216691
6607.22521772461	121.673743447508
8055.49962490646	139
16291.3759908864	224.373386307958
8152.49523718225	546.880999951829
9662	411
6705.83436323194	501.366587957032
7760.22917595471	98.2616919740224
5258	32.8887999843095
14560	31
7884.60538178211	158.895584754939
6646	65
14686.8889050569	52.6234774948432
9347	201.589110533959
2765.98238705088	565.493750778167
14616.5362569851	240.478683610875
3939	91
8639	124
7864.43560828768	517.034509853005
8317.37886876835	468.512942660834
8721.37272094378	246.473151595211
6702.32001997014	39.9068367266985
14942.4774741995	217
11096.4802527089	561
11235.4938269036	436
5799.31117170436	223.733492571853
1292.42654022535	200.48312951058
4064.17617363786	357.63189491922
12611	323
15334	293.507700175676
12485	340
7588.55739452474	89.2290780296651
2620	85.5273015989651
13683	434
15597.1289777999	366.516547810046
9722.28166370507	156.338006561651
7437	86
14774.3267826122	209.721968094778
7981.41719111545	48
7161.24156643802	536.822119119991
6999	115.486315004736
7833.5981937445	187.879538507071
14849.0552194016	115
13637.4543911935	128
2967.40345782968	44
6942	221
1362.67817964093	42.7307575838144
9826.0524162087	113
9451.06792289874	434
14048	115.476442966183
10250.2035713886	493.41133562335
9854.04036415656	283
2103.1278800922	157.261744741287
12157.7977573416	17.1010419027909
4698	230.948384713778
14690.4470571779	203
16286.5620636048	342.577834928235
6315.30096544098	226.14569964726
5161	204
3289.49176662562	82
7647.1054171136	276.235080298014
16167	387.505801351185
1361.89546579275	165.696586593454
2597.48775263364	210.531946743235
10570.8357315347	97.5819395102803
9677.94206393865	354.13550043096
6993.54783066368	325.161685301529
5249.48189894306	529.046952534304
15403.0653024571	2.77949053940744
556.524039555989	40.5394595422854
4144	435.481403026289
616.512215661009	314.615381608755
11214.4407437757	134
4442	244
10375.4805937623	556
9579.19447477369	553.615431180582
11546.6948561496	406.500266914969
4840	525.52787607451
6991	261.460082323524
1676.90950174862	42.4970953453516
7807.47017072601	489.557406083643
670.501620387182	56
2962	108
11862.4577661517	470.96503319449
12056.4882540362	264.513030028761
8368	308.598855560712
10023	269
5539	559
11658.0118176526	380.287121949266
6553.45763054619	303
14411.142336486	117.257563947109
13565.5582805949	314.463578946436
7378	119.46120323952
5612.49407987897	400.605775288751
11372	282
5057.54697804393	176
8434.51978661179	49.6104351415272
3414	325
3900.95227679585	477.73794959298
9113.55766762709	299.940029633815
5625.032906722	200.475145909487
4910.4496440037	358.846877601874
9572.49583016694	145.478519570034
7100.46168010922	418.507812256633
5549	444.56703355389
7073	356
7758.26850646669	238.605891597031
13301.2678345866	530.065963353069
13593	501
5861.59343143071	379.771948291497
5752.80861822089	362.65397249408
6149	419.616588122518
10792.5804585862	116
3931.98515671093	159.78235856341
14954	269
4767	525.502578046112
6651	488
4133.55447702381	369.730574488261
1896	326.486867925925
9066.84218062124	469
9633	302
5447.26528271525	307.369359150607
6031	371.460437457018
7775.30170270567	295.380671982185
11445	222
1649.31452170114	398.070353865501
14393.5416962583	336.035332571959
16033.534283838	78.5411569108717
1045.15578646811	83.3472709093647
7343	449
9582.74905850674	13.7534500447438
14181	223
4547.81499481875	112.152775210091
3540.49280180586	80
1740.61667679313	68.7815578554626
13878	299
7504.3850966518	458.889809267572
2993.46561571748	579.896574602481
16363.4303650664	236.551568095966
6775	155.425589030811
14396	473.517962717458
8680.70134937221	524.69062942963
13332.5223179464	383
6103.30284235998	529.15644283821
2194.53582308527	515.007495031062
8777	281.460521256264
15667	352
404	271
2036	106
2069.5568853147	302
3611	322
581.368139501351	457.746845211969
2802.68638468648	521.326297484682
1598.97064177717	341.187362798031
11978.1948986465	288.144231195835
6812	552.516492890783
4278.71857107623	482.373460902042
1237.04895385019	571.212019262744
7290.5158535594	418.512307752939
16229.6432989517	224
4057	60.6202590335831
4581.28285251361	510.965150187752
15132.6088442027	525.207734907898
10669.3175310543	177.014136853219
184.909284937675	362.195432116489
7504.61722521026	352.174193884417
9910.719387738	214.333320261554
14462	295.502367621333
14466.8631220851	464.588581150675
3104.48294222657	579
1842.54462601878	360
1638.37843966054	142.260427610148
8088.24087048623	191.983873704344
4997.26670685365	518.828664709647
3868	368.510311155002
8879.73528959608	209.653824717313
5361.84804164309	108.834768020293
1401.77648889089	425.985525730201
8988.33134378004	144.404641925381
11675.5502974289	261.500966399772
1517.60153751137	355.924241408706
8258.89457886511	231.109371981503
7632.56078028371	466
8842	139.013840911714
5502	410.549773088664
12221.2235973402	329.195101665587
11113.5556783673	402.509027976683
13896.6801009038	416.057558195354
5749	175.38695595267
7442	228
5968.26847788511	13.6096608666674
15978	114.488431012952
9851.83422632399	483.558172085764
553	351.500564934149
8203.22176321575	139.248364322944
2065.2843535149	550.921562395966
10917.4520391178	78.5202323028758
10491.306162712	102.360596286874
14309.6279537761	432.059258504268
15843.9974527663	47.9819264057278
6399	552.502672209999
5922.00359064932	346.462418060619
12758.9933705803	504.464924172471
16206.467276969	164.456030531442
14407.5899712143	270
10358	333.479000459384
15073	268
13220.5638960414	261.026157790437
12469.6273521463	33.8104358852214
3327.48929221798	464.068662059259
2623	282
5370	580
5050.01761795138	122
7496.18920273719	96.7070245902806
14873	273
1316.95688800762	391.463028256371
9185	376
7389.64456483765	409.75500458047
15403.5406386034	191
12698.3553138213	510.261924294631
14571.5633832947	186.551266914562
279.477768577267	243.841288608495
1006.25067130747	311.915991282072
13862.4261475943	95.5690090074998
7830	251
11708.5714019445	31
2483	85.0351228717774
8512	157.549053795787
13140.5059417585	128
7228.81068035707	538.35685007874
3633	155.50746332443
6301	30
10108	200.452205143039
2158.25822235871	466.287450220139
8710.00860569522	340.761990342286
9710.52604052884	499.450470910227
8145.45008553614	378
3031	34
8899.65161177311	83.359622288535
2024.53021965695	241.103398512223
14958.0664134133	140.264549831303
4622.02426116306	23.6931108352986
7309.28391019487	286.994114884025
2892	229.500942840635
1062.53523335776	347
8092.98749326043	590.533106911941
2643	442
1315.54911698256	565.487387292065
8144	300
330.076360484811	343.494433061479
6180	232.423881091823
6937.41886540075	298
11699.8076297493	335.952915081314
12296.6726105121	342.312705455736
15473.5383017852	84.0740293100869
9119	372
15224.4900991496	24.5456380401955
7715.13003892442	59.9287283109484
12633.5393711997	381.498303643955
9804	61
4915	105
11502	259
13207	444
5846.62037906876	42.2233652708472
1788.46587700032	170.495906904774
6741	450
14807	69
4770	28.4296027014283
12772.5358118618	248
5317	268.419666444647
14562.4904799011	528.531990682615
9369.95594475213	435
1425	64
6163.34708794931	553.401077365182
5786.54645930848	541.08574598438
4119	112
16147	439
12744	439.429392347934
8769	577
15414.6123711258	297.286402261573
1325.064214563	331
8725.99086491286	174.468682068855
3374	511
10958.9373567661	563.498817254421
14619.3742987423	77.2943584709381
14936	35
5027.70608597646	418.611978750531
6551	559
16011.5296332895	465
911	317
525.358969701907	217.651051782566
9927.58404365659	157.807582876788
1245.57642582621	86
792	310.949839005334
6599	33
9641	525
6307	534
5610	518
3677.66166231233	345.292912817935
8078.55466339389	259
3231.50268468068	202
6980	488
8540.49025692776	326.003066789011
9476	345.579666833149
13023	70
8430.66635939486	261.622590240615
852	70.4962553973181
14840.5121476808	418.503550959456
6767.99834790042	332
3651.65940426839	401.680257302456
1619.99939146731	83.9857086507178
12475.962085228	442.204270736245
4718.00359598745	149.65045580228
11398.5970814714	562
5188	146
13980	344
2881	365
14879	206
1734.31512545676	135.295748927826
2373	570.534916126318
2302	141
11262.4678669827	34.5962749227073
172.633306270372	508.708983952508
15195.5637344094	419.509572514864
8555	209.578293081375
6128.32356101772	268.142875556345
14033.459475541	362
10929.5497834161	143.472743870896
10425.7621244008	65.5042343807957
13803.2960916869	103.330763594799
22	401.553086393933
7416.31669829899	303.889055363625
4929.3383880762	176.777372377686
8108.25683967472	112.344460417527
2271	363.398331352038
16170.7308261319	271.628075245413
9253.05765828556	559
15337.3030208917	577.46650457636
16168.1470935877	540.253243299084
11456.4678150529	148.553006556935
13518.4302939313	67.2299104923163
10043.1201428485	533.587297212546
1275	506.04222623516
7101	544
826.856977696906	224.544167359382
8150.4346535002	428.291949160538
5962.26867970765	181.388891871291
7982.25750363592	120.322260860471
1277.97891334055	29.7062461884179
4102.46910959716	234
9678	259.579420442734
13352.4832986083	322.53801833765
9054.37864341482	313.656737182951
3711.4078600318	458.484259074132
16431.2871928353	227.442098000719
9006	365
106.682924749133	563.664324642976
3112.60273416418	128
8042	534
291.532459483102	461
6187	24
4998.10241369421	289.624727487017
2208.06201076162	314.178048014462
5399.38881857306	235.615228636999
12312	565
2959	237
826	622
7848	446.546203899219
68	106
4657.43165551305	283.266938279133
8320.72709072559	111.968293006497
6040.59393003336	519.144454238392
3941	425
12796.4596942849	101
5962	471.425684199849
11588.9585879788	275
8443.07298530966	133.726278170694
10200.4988827193	420.939776158956
3359.02692960737	95.9342482841342
193.566984763763	242.288769482596
5932.3734308446	233.22732578842
733.924690617315	101
2148.65979430389	216.73553717507
9958.79506548011	376.329171224514
10994	165.476605508518
5734	562.50153517743
7024.57143546233	452.765627969239
14908.4477655032	538.039906256582
4589	275.540897096041
6430.44676807264	435.13343373726
13571.5617076299	86
6247	57.3894218537679
3381	278
2468.54786289302	162
9061.45503909789	397
12524	233
9979	551
6356	508.447303627673
5155.47935465822	428
4348	610
12096.789973142	26.7194892797429
1102.74852901224	232.036765900732
14217.5659361963	67
4783	257.558215004193
1099.72093658368	297.712375310992
956	271.499140409955
127.368073666579	33.9026372828441
6848	89
2441.9677877032	47.7042609878697
5387.24161205428	62.4602575103681
14143.845121265	267.957923354695
3201.56137121849	263
15705	107
14950.625054828	483.422963532632
12155	495.503546779304
1020	565.491566209823
281	588
4302.42590392611	337.842317411934
15223.3974401403	644
11862.5123288714	330.260678490198
9084.92561576556	240.021333343983
6193	93.4680525595325
423.421463864774	72.1740055766886
6846.21219687209	495.98887524824
9966	307.962025547671
357	487.00588836311
16363.0132797835	119.124073974162
4613.31661551664	138.951679341812
6829.1793587867	30.5995530027603
6869	550.473039087644
9498	3.5262627098043
469	256.439931691792
11269.8789006602	384.36991068351
2887.58606883986	420.428909717933
1601.93533721587	563.526891199609
4180.73077713035	502.305754783122
10147.2947061949	297.375280533871
13830.7071093583	451.672465336734
3827.50195094483	217.861554638387
5275	373.48431258737
6901	57.4464584312105
16299.5681996958	578.065694499626
12799	156
586	193.485310264585
5935.6533069443	298
13310.0038477034	31.4810353615061
10019	473.540827421762
7666.41782655569	584.581058284427
9615	356
9174	86
1791.2251506236	410.566659121889
8710.54843466435	124.800848602927
6527.47499127222	126
1958.58059494812	333.710859173183
11115	215.562552372776
5512.08863548119	143
9727	390
1559.00042855538	118.220863026202
3169	323
132	248.950807558184
12260.5380252546	172
4399.27945322207	463
5625.77059207803	139.301860742135
3696.51458689704	512
1983.74767039882	536.001512645044
6089.44613418436	450
4764.40694342019	192.065468918559
6669.26615782642	307.738946663102
16039.6432774462	136.808403924481
3780.61881253709	435.355206679971
999.873803198807	502.725137634453
4723.90688053945	491.912482517064
11414.6642618583	405.715490658216
1144	358.149564822299
311.553036462841	396.480031575536
4337	483
7889.32660816769	608.725892855906
1141.58845193057	177.473971024787
8241.20598868198	90.8840703195124
11987.5417173675	363
1684.34347561103	102.724945920606
3487.02886280402	359.711791551681
15800.7353719784	140.623826375223
1984	71.5671412894886
14500.6912413049	527.442426102618
11055.3934739921	194
1634	269.499191906558
14225	345
14634	7.49952340559467
13436.4871708738	55
13235	205
15283	431.558285498056
159	78
4701	550.505401189671
4871.93829126466	483.437317130742
12451.5690616798	502.746267116694
2656.22363036117	25.6175825208092
14678.7251641158	512.834934783283
15237.3116297192	382.32083882052
5090.85522907965	351.867082035688
10797.5384106115	290
14173.1729483688	572.477116850583
12966	559.596531515671
14780.6447110013	134.875862180218
9961	441
7382.32503112789	191.377588900824
9741.98651979911	320.640543991113
16435.8132619882	562.638770738623
5541.47122946623	493
8326.00991379326	351
7624.30147075835	214.644483261635
9094.39599713306	100
16182.2483668977	108.002052011991
9429	101.481580634712
1621.18943089531	625.580445203148
12651.5353686871	444.369327851442
5844.54997340743	105.000678755212
13612	264
7529.55033828798	549
5683.43103541806	232
5502.76917939404	280.420634542604
1420	498.581817660086
4478	294
14910.7659665619	321.942069452695
1579	392.50560221285
5688	358.634101184858
13982.0616750173	121.534692577117
14527.012145284	577
11621.5240245629	553.724775895734
1902.70362732408	131.407214656873
7641.9960044162	29.5374246661832
13019.199645037	437.21115190897
1844.16616305212	198.216920634303
10913.4783923677	330
10120.5936819429	90.4694995220961
2679	491.570357849906
14382.157815476	51.8450190695163
3336	393.578180363258
14594	465.56706975648
2329.24062512837	248.835646364669
12787.4496162591	563.045716091518
11537	557.57667464063
8021	261
677.584056311911	504.482011176462
14031	565
11861.7669440309	277.939930955439
10478	363.511715084065
16435.4988967695	508
3064.45082963022	154
10158	472
9445.01196786558	268.542004270488
1628	207.552517442677
6034.23147158097	129.108647672751
10930.2972905783	468.354228867056
6945	361.46863914434
11862	153.436564651464
5560	298.563778910348
11504.4909431215	14.4020331098546
1923.68938524549	560.369890992061
13401.7678111679	275.099527499997
9762.5312578199	541.123111045157
9519.400842797	454.616878704437
15428.2374295611	523.876306661599
11398.4032378093	66
2720.39345950733	38
1991	459
15089.646072655	490.599996561967
10785.7619956922	223.403007955075
955	409
13725	506
1738.44637737397	239.280926357768
2383	61.5551358144634
2033	417
8644.94612398924	324.504402300463
7312.63775968283	507.954517925161
9136	149.012511378639
12159.5106167584	85
8301.97493992216	45.503121473646
5187.28415177804	76.0031768372701
7484.08590874878	296.051976298166
16112.4864105638	312.476936574171
8925	322
9909.74052398671	332.338217780619
2309.98622115182	478.12776923475
5566	367.466082760956
14244.5908471208	559
140.328119417073	195.302097016367
9691.55808178224	576
6149.82931326144	479.261715886665
10784	395
7741	482
12133.3826645384	623.842194554825
13153	415.669332271355
401.468860318303	14.5480276376281
8260.86375823958	364
9787	482
10151	147
7220	363.606759147893
10675	624.986323444148
15513.4593538536	279.459353853616
3994	240
12167	552
2532.42924501284	619.275825864409
2459	211
16050.6942069187	520.603936777201
9348.45621220106	501.489101914682
14309.491873957	360
13733	198
8490	392
12970.3794523943	396.310775520291
13939	301.447953172592
4247.58991112742	535.331433433271
2403	240
11620.5131939993	434.762555263772
14739.9453031941	466.526945340093
13418.4995639147	493
15529.48942386	578.480719876589
6768.57735712102	240
16195	482
390.792991639062	372.227532490559
475.540723886957	365
12050	510
366.278977221274	428.665454253905
12037.6467624236	9.61754789804022
14796	572
6488.5227035072	451
12040	139
2556	158.952243259827
7829	319
2525.47745279462	220.037489264942
15931	160
11793.6237753564	250.233683159814
15203.1977873559	511.999297424531
10435.9091843249	512
11309.8791893395	483.679701200082
12462.0379467765	394.819797077981
5121.77201695821	168.186882804073
8494.05189449178	86
2552.60256323279	282.267912659462
8204	262.561784269193
8800.49465399356	16
5333.77404924506	205.399111700259
2421.54444322926	114
13933	145
8634.62270026289	489.322190285149
12988	124
15536.358253301	218.270965999137
9912.88658716923	91.9490537744695
849.361790819442	283.24480364925
3053.00699316999	277
10858.5230111125	304
6624.6403141922	189.650478955496
1438.69757908066	138.562887858454
8900.47461619543	547
16234.2297586753	519.623970292622
7202	476
14661.4751042527	579
4531.93037878852	259.299271350071
2460.52932606209	480.248733588716
11039.2424725624	70.6185066642617
8167.39542786853	90
15839.9606877583	350
10375	89
6711.68334825347	104.39214181701
14952	582
14698.4986691212	148.021197314983
9455.51085529926	160
7230	430
9746	105
11861	93
13350.9055435246	208.794785494827
2618	150
8452	205
3034.19695751813	343
6263.68700095631	143.665063930786
6247.42330204915	203
7605.50704341307	144.429200495793
679	387
6316.71028279519	168.062516620513
2236.9497080925	135.032493368067
12915.0677003557	269
12090.4776471395	84
8504.56519461975	448
6507	507
4972.38159770858	404.290611585693
9317.39177910919	404.211926833693
11742	163
15473	25.4446426139766
3393.4547395826	453
15278	510
10318.5394827852	537.538693051193
11096.4611471995	101.538190220459
10677.5783574438	479.625691989501
823.71406389793	477.448202977198
14984	88.8694788209704
4226.20100772871	188.911071546931
3770.75981656903	217.653104446788
9281.88573902999	170.259174671718
4708.46282626249	399.067319362025
9121.62304061202	500.019627587622
11020.3990024118	311.278206159184
14320.0357850418	626.632914649115
438.586175239213	330.217968034594
10532.7394752208	305.378204126173
4990.47900993282	186
831	2.45723320439407
5986	233.523591981716
3325.26712037563	555.059606433857
10.5108898075871	311.474649774861
13666	283
11935.2605762025	567.329898891774
15566.00426916	420.238532413783
6461.94990184538	546.039078921801
6028	54.5789862574721
4544.42153655398	556.161525791826
15927.5534542971	288
11308	268.849209505251
3738.27848671719	567.435759363654
3802.09262081124	43.6969578484615
13293.5344913711	625.97801606654
2079.99681804488	381
7870	83.5300119196289
14826	176.525145892364
16355	503.494328467687
8945.2819853376	198.957900865073
685	215.440603841052
11323.4979343763	341
5740.93315816097	245.777284992831
14598	579
8750	455
11161.0969320102	614
627.427454062544	234.16817834401
1984.12906395311	200.302469697006
12746	342.484843250272
8271.46679361917	424.461518536449
3699	107
1580.47223860493	174.464700490494
11546	317.48535200317
2130.5263229619	282.777387146431
6362.99835057563	253.742981872917
7121.72125461402	197.038511296661
5629	326.519341443372
7192.55289384365	135
8917.00080981952	147.545106750977
10634.2818240118	222.944121040094
11500.2894280862	190.971653431929
2427.04125072288	536.21891246013
11598.8753456633	353.681311445441
2264	83.5471911268005
16429.4254130563	400.979312019423
8248.70343185749	19.2407126227912
7120.84362056598	129.121286676789
3318.35316438735	141.733290453477
223	190.469222339672
5696	299
11685.7287108011	450.122217092119
12269.5607759171	450.560775917135
6974	68.5816890847028
3438.51933645228	495
13686	174
11734	284.604731598687
13061.5276080522	490.467216715594
2748.07079095954	628.334435271237
8009.36560054333	385.412755616343
16392	65
7585.78193103439	258.310116329031
8610	435
12400.7671250457	112.508949300539
16330.4560154909	49
12816.2309606115	464.398063464546
15530	53
2839	466.550425105474
6897.93601722093	120.402933817335
12693.7080851059	64.1436889351131
3187	597.406655958526
6242.01725516912	557.10888870077
15058	323.487091649977
912.480868012153	26.52680931348
15024	374.520624283049
673.499309476975	574.611326616136
3471.33836330793	301.366828312877
12215	141.633273481786
5217	393
2546	351.080062877285
9506	122
5483.99257824943	461.487457044882
15907.1426395567	346.351725143442
13519.0901380491	194.148814877469
4836.66836413244	212.700087869231
1287.69768630885	272.554436097968
14172.9868469656	500.355247872859
15639	420
5015.12325913732	61.5324566114054
5318.0245905928	536.470274099047
6368.5065554276	190
2322.79260541873	534.182912602649
4478	442.548392868796
11261	309
1792.75441738239	108.164830013182
13749.8978320692	143.802002657144
939.489877814888	473.897812464854
12991.9745589933	510.469953141933
10186.8691246261	98.5727543338744
10065.3824936222	377.644976159999
4575.53722100155	383.528572617623
8804.64707907988	196.73585728845
12096	482
2140.92083725616	410
896	387
14628.3145202877	411.749205464352
15796	298
10649.6251248463	369.912135840326
11069.6457016628	263.830460181534
13736.2651029781	55.2282755019472
12221.547225678	221.571489549402
8930	33.3977510437311
13152.2853594071	237.626217150144
7645.10037429591	401.823142397255
2131	561
3864.88046499845	431
12740.2447789662	144.755023955503
10315	372
13215.5223363084	384.226823395652
10538.2250800098	379.816105384896
1900.85888707318	499.460755273874
9978.96634163403	119.982872205657
15638.5806193541	105.042726559719
10725	218
13293	235
13243.9758932083	490.332438136789
12410	424.506265906114
9185.92883660552	1.84964867970774
3981	310
13766	263.519597052894
11434.3638106603	629.346107367172
15427	433.479058054385
3828.74801221462	482.898546878766
16216.5989915268	584
4983	118.570199803502
1741.50954668997	2.28925904974679
10680.3122292707	321.685508389091
8986.63376199052	312
4041.89923276141	483.340980099545
9071	186
13573	561
7060	118
5134	22.5740488921247
5613.50511376814	475
1160.63889563208	308.399515615194
14515.302288931	193.846952020228
13457.5000811924	163
9407.13491285865	34
5527.66546306165	204.776904088522
14351.4898358735	232.050214266896
645.767202972081	166.034003586917
12536	305
15595	236
13374.9765131443	619.633171587933
1770	355
14634.3735299081	171.181532823666
6311.04399208623	97
1908	188
5391	373.140598165371
11437.1117680437	288.563122546847
1121	99.4807497202187
10819	350
14666.1699242377	363.509454490492
9582.76378173096	83.074313456366
6097	378.52915374361
2218	188.517224876521
13704	574
14500.3147561961	409.5541940683
6072.73755467066	246.817540405716
14702.9300755089	317.84068988454
3817.7142275122	164.785657889102
15324.5142826271	464
810	374.557688517378
16160	207.653969492317
13885.9537292726	196.275916498262
14064.3354984641	242.317601014873
14990.5589980404	424.332861852315
332.656815308002	21.6185099717666
1196.39926642941	388
14556	246.907507773206
14462.5595999435	91
13044.7656633154	229.161614445422
3477	88
7049.94719755622	290.812020060743
4220	263
10040.8759058288	98.6380319768743
8874.70883426808	494.412071673808
521	469
14750.5109262992	369.538107242447
1235.95856185089	349.931219876895
1156	12
5484.92585123151	606.022138532287
9932	12
12100.6498453519	558.243382104459
15715	195
393	196.452475947806
9676.61155438584	207.108272753235
14365.4107447504	392.67054936495
14748.614454252	256.986757063595
1419.88422479329	210.966869429392
10724	550
15098.9517183157	366.973452034644
1856.18060565604	78.6979260007897
5754.79888453869	292.123169615535
2191.41876048544	93.1251032973115
1735.61973234086	411.276094487645
320.637972144468	137
15199	576
12658.4612284164	286.445908773073
7088	606.063813900333
12292.1279420529	223.314678290689
11916.0918666473	68.763157462455
11372.8195000623	224.056220209643
15341.4889767293	44.4945811404452
859	129
1346.46390818594	471
1175.78875007766	237.608016902343
6437.56295788321	344.468416802378
9871.05056610444	160.156966029686
14918	424.519866681377
7071.60493470628	172.380408778811
9257	461
11627.7178732419	163.263188587747
5925	541.523281093546
68.8824959434361	348
15983.0345583861	169.233574777455
11090.5921065573	318
12848.6318949722	278.633567708429
7724.48663585499	148
5792	70.4985665006761
780	256
2928	294.476999210614
14838.2410645469	318.458486081668
11041	138
10472	179
10448.1205918469	228.155505050413
8200.84448450895	344.72833903362
11184.9974606277	224.488855807196
344.498189687081	86.3578091557182
1395.54507884244	114.492153150542
4627	79.4938640554385
10955.6877435622	274.330640423653
4266	372.468830742827
7312.33255702595	13.954731516854
12828.318799014	49.4027738939039
12458.5038616155	94
11967.9042775687	483.274586763645
9515	277
10379.0068349603	492
3105	28.4649678845707
11670.1261528204	555.957984790826
8754.66588888848	511.358631396775
2193.53383488307	373.456585193654
1189.32849585413	624.824986934762
6206.43643054722	501.927234112712
9135.38422262304	208.147620767617
3352.14217011018	338.833817857345
6412.63513133491	47.5779785680037
3519.59424050166	201
15970.4808469533	51.0606824822104
16246.4747820756	301.110824068474
1808.23702740404	42.0509050075871
15505.1316062393	528.270731525226
15028	173
10525.4296583691	51.9291310459489
14754.5550923282	28
6814.50540611508	445
5793.75902763711	145.254685799121
8598.50859905194	350.438502710352
3175	431.572153915789
16097.9975801174	96.1645588497095
15591	569
4749.10916930781	439.4095970185
6257.67216668158	395.651791512415
2515.17326674142	468.442455906053
669.217303667918	279.550848897521
11989.5119092101	237.431036474219
12859	565
11197	551.822578009294
888	512
13098.7640631857	185.359359673419
1478.73765716282	403.327957648805
11242.5656587956	255
12344	127.484814285131
2784.96141918305	334.347396892612
11299.8910139801	210.832856172893
11010.1003962647	241.471206263621
7964.03339211963	241.587090724188
13644.748616153	220.80629360438
2078	64
8945.52317423329	500.286685152899
2046	490.13149618794
12174.8742411636	192.473764127153
2000	580
7875	275
3170.35829981421	213.570379216982
9742.26451838002	18.4206336781832
4805.43064332019	323.15737581024
10078.5296400138	319.4827305995
12373.7619799977	548.935641743398
9644	61.7322402693701
4905	227
7264.46032313949	470.067290776909
2994.00425045392	467.518216104324
5205	571
14265.274454389	16.3906662118274
5739	501.550917480513
14805	480
16120.613537453	135.752445466347
8554.42520182817	102.502372124276
9791.48532139681	169
11985.6012940536	410.343310546006
5026	243
3602	382.456805673382
13766	567
7464	407.488500434744
4801.1933794066	63.7406220044079
8612.45097566739	81.7281121693561
1653.43326965454	519.02238426952
10869.9827484842	122.502322564946
8107.37805423402	503.528471140021
15968.3852378266	382.29022277323
5868	294
12516.9584209953	117.242865658944
14430	425
3702.92651730982	402.509002533395
10515	218.442770702042
11337.2632680882	104.364918148146
9346.68394776194	345.516759449587
8103.57015808078	53
4471.98342352852	360
7535.50362175342	136
4500.6737505538	498.534945907371
9413	324
11921.4637451946	124
14582.1677757148	130.3556208603
2928.19492486827	475.382989531929
2780.78375554265	24.6258659427549
13418.929176998	109.947117580403
9412.3877891064	550
5076.67940123618	51.6057409271783
7386.4488636917	501.52257937913
2087.28500022708	619.82671116365
8799.05797116132	356.296704347191
14139.4893637128	424
14290	315.479060352043
15595.7306133953	73.2044933184213
13199.9695746317	58.496062647556
478.917482945248	629.677665635167
8378.52849656023	31.5055586174423
11046.1960489446	438.119845446192
257.346753583799	302.403210628184
12329.1514929841	183.991661011934
15423	135.491838801501
5338.39690502891	332.314240246778
2235.49171085725	647.516398572298
9570	272.328781770942
7459	599.435341311816
7162.30887079507	431.801994228825
16059	287
7929	101
12626.3812497299	79.2153237862027
14666.500996016	466.622264558579
12237.2331486026	565.267988856723
5499.49959409786	84.570334964593
1214.71504848974	184.210100151024
13831.5052312565	565
10099.3737873618	484.533780138589
10876.773957363	479.353271222213
5199.466573495	8
15140.3459785857	432.390433631536
10919.3742850143	537.292839297634
721.612979300078	159.382544128534
15403	573.601475416528
12705	400.532934592714
8727	399
14196.5421076932	16.0261232777429
13698	238
5664	34
16383.4391114424	339
5123.61247094454	484
5453.89195341344	250.730489083736
2750.35166517946	84.4996564898733
8048	78
12681.4977617075	348.481506372967
15166	367.512105176859
5632.27119120022	268.552880822916
8191	42
15023	483
1212	291.115615350364
2004	298
6305.215542719	419.162452352485
1555.18472898223	612.792151331159
1137.43803616255	514
1055	627
13374.5300274747	18.3418365502413
3008	400.448876328741
5466.17424545464	35.6759835582371
12725.5254779761	295.523092688284
12935.4842999406	174
7003.59707258415	184.602557175051
4194.76612436473	568.193649730205
14215.6883119418	265.882054824283
14524.5631552363	300.159342767503
10988	98.401636136459
2111.34249869389	501.368212199551
7940	371.53685018675
15963.9442344154	224.063056862315
2664.62074476057	216.642004652957
1139	428
4963	237
3557.48752418111	505
4242.40131201099	318.727606972797
1100.4591197074	466.287037304435
12432.8038517927	319.757409580678
6745.47188770819	544
2285.07458287847	199
15575.2987190829	309.375223686591
14260.870894465	462.676921655797
15131.7027955159	187.638639970069
11191	473
13789.4699835392	340.354517757605
10572.620669377	189
15238.5493136422	467
5980	104.411488191584
1433.4826059876	264.185720570632
966.149324773294	555.421372759996
7369.48811521303	261.100591630892
1855	552
15460.0313093929	478
5068.9167034149	294.939111528698
6830	214
10794.4401332178	465
15949	579.449815566432
7052	228
14972	334.129492821506
3813	393
16283	157.461651229137
9194	446
10600.0323148725	447.499795424073
618.508345023008	370.538699313001
11488.2556306097	390.331575591029
7717.94789378424	398.059768929165
11249.4370028807	559.579458867153
11032.4730902311	8.14500670929112
12921.3791810111	128
4934.58227686028	581.190307132609
8575.41234093923	512.015267328378
1062	139.895270449725
4572	57
13685.8375216954	348.371765445957
8984.32831056275	614.643445898087
300	537
487.241379644011	58
6954.49734462571	166.002717498538
7612	334
3751	143.492107938048
1931	442.564123879991
7126.6056166885	475.011808546709
14183.638240316	318.639726441719
13400	560.53015715501
7594	17.5385483883493
7293	552
10233	135.474913498398
12359	616.515769220788
14880.0066052724	370
11981.6248615657	106.054299799612
15107.4395546942	92.754603177936
7928.8476869493	549.626787182607
4448.68873765068	183.359748493218
9523.42817645331	175
173.441321149166	571.593031835422
14939.1753772568	378.82153290069
15731.9263639608	578.801667817794
4660.77410614617	181.523486292993
9323.54213517839	135
10329	227
7916.11369578229	493.885084740636
12612	17
15352.7929005914	166.667314785768
7189.17760772643	180.91755004187
2659	323
16335	164
9389.8428544611	151.573359211982
13719	115
15712.4722248905	361.921957647239
3601	257
552.51182606851	637.011545059798
3231.80869491643	465.045659522573
1048	256.52033275345
11903.7444616443	183.756439620094
1017.53705460204	393.179890763505
12586.6209421018	433.469063190288
15368.1319199445	633.939576198499
2212.49026566583	37
15816.5754052627	464
3511.47870967713	34.9709701488111
9908.69886124043	471.407725641647
1412	623.472142324474
10012.4054787816	407.433768365244
13200.5537631454	515.671469800903
6567.43560430768	172.8071004123
9092	553
14347.3949467247	300.532526592103
260	99
12533	564
15674.3385371647	580.39565419686
12052.5515379	446
15041.6743089922	106.378091442185
13340.4849154288	564.442091897529
9298	229
3218.66432247309	515.347644356046
619.507980428705	38
9415	487.59602653914
15531.5625725353	379.780493873941
11368.04176475	509.510825569323
2480.80089979179	404.032901672405
6025	444.577194549784
14829	532.673611032043
4686	333
6481.42627402035	99
12583	136.426344613326
9773.39277254653	358
6975	566.481574805616
10903	263
9868.23487506593	46.9075706177919
437.86447534325	583.172440889494
985.822845235983	122.394298960252
400	529.429370229415
15486.9620719916	643.876711178257
13807.5105937601	394.560167140721
5688	98
1545.96017268966	448.036496936847
10906	414
16353.4698649878	559
8044	17
12745.7411430165	84.3158342719305
12648.0113702441	231.542514222466
11863.4822293127	615.517770687274
13042.1630527327	556.541676567187
12214	616
13458.6062395889	388.057571320887
3885.46757746685	237.895371208361
12706	238.492167119019
13632.5102147519	323
10785.6537106761	549.660309367426
5142	279
10416.7597253298	449.560096174188
3863.81860277274	529.651140502735
11711	612
4055.73377833222	277.543759911557
10039.2620881229	213.250458543974
4926.82328419291	517.38100303847
1836.48278118602	316
16241.5359496083	96.0396701105835
13004	185
12099	153
10837	244
8791	409
10974	522
12393.0752155825	479.313468787776
15859.9846474436	296.961761822957
3871.1291914483	169.803256563762
7954	175.49850783955
15129.8169644935	575.605402383743
9497	546
12402	56
7761.26873683132	361.619442656054
14207	129.551206500654
14763	531
6602.92377340208	344
12708.3856604968	566.038951550612
1560	283
15546	115.451712681518
3270.70853805245	248.295232904211
1186.4533349843	120
6355.97490406092	67.9547758170556
3630.88384095807	525.29253022311
2087.48381780551	2.44357973131136
10668.4508056784	262.492140000832
753	213
16033.8829183997	570.520624848545
11033.6545350741	548.528723681733
3388	606
967.493382333183	621.542397823798
15496	332
3148.5990332347	74.1560301935187
6914	608.478703133224
4492	613
12900.1480387067	40.5524379141356
13870.2173097451	38.7243059496185
13861.3738194848	358.682308786395
11981	45
15844.4219018876	405.833430094107
31.9793335246324	238
7528.40919623447	411
16179.3109556834	334.749921211047
7415.00862318916	3.45463377262796
1612	11.4692597318264
15388.6929088498	257.188972120874
6669.46696940763	141.568077911986
8826.65318447634	245.341700425257
16456.3657860391	158.703326692678
2557	556
2207.4596999769	581.251896457817
14071.4320947678	424.359820282919
1262.75495768216	141.703298864372
10294.3250293873	430.650071153484
13626.4736869984	69.6971388947302
8544.60911899465	45.6999091484915
10311.287714179	67.5289364266172
15647.8248916543	208.2593116611
13254.9207053585	69.9400807055338
14279.0047862087	153.223790798761
11559.5908918249	222.77726770165
7537.00310976797	51.5118822443425
15222	279
1557.55281463344	57.9809065541187
8584.04806850638	615.839059690115
10563	265
8803	479
5818	280
11345.0860399276	397.277348406551
15782.4742035828	201
2193	252.553562443169
923.48769354212	145
13636.1734539651	565.440294957913
4113.94574594741	63.5281584081901
1922.93893859295	67.3502907225694
9704.46384796011	63
8222.45433684183	553.480007495813
13974.9892486597	522.04338061998
11457	348.014591058538
4288.6535188435	611.618397155334
11146.9089050047	513
725.735705837024	547.076795189386
6760.9442947637	404.015917337525
2349.21811726934	198
13464.1136948706	556.196357930108
16455.4905196516	601
880	190.498308224826
465.453713043935	532.768417341277
5437.24318844601	431.593787240168
4058.76035740616	7
5278.58830569768	242
13371	75.9871106842947
8866.41673501782	17.7853022273678
4504.97778580232	89.5999520738849
11571	16
671.45092141355	106.45092141355
5408.31964703359	4.16675991209279
6436.46396284512	160.146219836048
11861.0316347557	211.779159333837
787	431
13343	273
5268.644729091	298.928333093226
10876.4532208625	375
14237	191.528075337113
13916.7304548204	231.474953287543
11877.9360765921	543.166894765932
8568.47663308803	471.501814479793
11988.9024750886	535.817736285398
3511.12369940654	595
13498.6885377949	10
14103.2910484281	135.917380711028
2026	357.507268450381
13847	240
16401.4313393672	174.310818122599
12384.1808022036	293.597032034628
12335.8828063656	513.9711180943
15737.1123757706	476.472899219161
1816.1423697313	603.894531699641
15775.6433271791	424.678071169988
9011.24262788641	19.4744815531809
11589.5635159581	623.304752779439
12288	106
2628	557.496535487384
2341.0981650523	8.30521758359383
14005.526399682	464
469.166040872589	111.32463875785
14337	499
9534	525.521503152308
10273.0335041972	258
3248	304.234549549682
16032.4806276125	407.532204430731
10490.5398032579	474.955992824513
12568.9427255231	619.797246514566
1448.56062445311	333.587623132996
11166.4335563968	412
10621.2904917787	296.360998829936
5783.6632667126	12.2876043177816
561.492661459329	403
15109.3545667349	27.8825311673738
911	566.89809954077
2026	34
1719	354.485303233591
6349.76758550451	610.184585635425
14313.2953843457	38.6342683534175
15161	9
6836.71441028179	622.384741721391
4173.03941993582	176.09571682515
12860	88.9047042330722
3933.24826024559	225.616060724625
12943	631
9945	600.580059955796
1179	73
12792.2689646795	310.013744135615
2677.40379865727	148.148784283131
1753	302
11830.9497590851	44.3677279641302
7838.53875507876	560.099258133934
11166	170.482631842461
10267	615.55550948514
3517.83272244259	532.111997931919
9535	611
11716.3183917158	507.708753709007
7105	252
15807.9968989521	578.658009783595
10653.780614281	106.07337992407
8848.40530426672	439.675828802119
5907	8.62198274919646
12301.4002915902	391.588787703394
16034.6753682169	14.4126858321421
15917	90.4703067002767
12030.6079864915	72.1695617483579
1004.05302980497	173.525068963046
5580.50696603151	242.521647896748
15596.6353814028	180.003654798009
2331.40699727983	636.355924925253
10626.199626526	508.916155650838
2258.05063802549	257.63652291702
4277.7897642632	219.259776507628
4280.26787165859	274.280114142229
12486.4020255604	624.058946017895
8158.0752004896	608.803528153057
13951	440.499723398841
10712	129
6361.15678118861	132.344243198141
14998	8
13388.1112797931	392.525537529268
216.48734408258	57.5265385671783
3588	119.877597469261
9993.40074056231	163.176155570894
9154.3400634464	548.353731500209
14729.5324594964	568.48209590903
10020	336
7252.72142405438	301.393659046027
9060.82431579572	611.271615510235
13641.0212154737	386.070133223623
12032.9841671812	314.956994969917
1041.4518627032	441.085000324241
16442.0438413159	36.2741888865849
10255.5377541203	378.529564521934
15523	470.436811034722
15009.5386825059	295
11373.8036853482	3.41974875322232
13035.3587868024	377
12944.6670713194	323
6108	594
9400.1948298842	388.162349556411
3168	489
12906.4381953359	373
8656.4987203217	254
12829	350.52303599729
13515.918354815	597.493490558349
12043	575
6411.0255736243	106.692886958113
11093.184596563	625.19052306454
522.145149392487	94.6521235860294
12221.5705331193	8.31785709375523
7771.4947780097	20.9889943789174
738.716717759533	641.741988081361
4015.24218073214	436.803725717458
11647.9227084389	68.578600350504
6827.58972656116	373
13934	523
14586.8263094462	353.911649788606
6616	408
11916	491
14228.8364817365	611.336966557755
16095.2464306512	565.232490372564
799.047530723368	44
8147	3
14732.2460961231	103.01477048247
11434	450
11782.6322877131	615.291112025764
8509	610.004732736212
6089.05074673403	147.319366462159
10607	54
2474.48916360327	351.598834563475
16242.9813985584	430.744742523277
12870	476
15883.1468347493	576.544867038998
675.334907155767	334.415166355316
16066.9464037731	681.846343854584
7437.24069134782	461.358050598613
6677.65432459146	553.661922415015
8326.45085198902	532.875179591078
12513.5640078382	511
7480.54250766455	34.4638564373308
1687.46309366999	624.56158782719
4798.31289044751	591.059712310906
3300.76789167403	202.827364964231
9723.74102749989	445.014461394643
2173.47561956217	163.454961590281
4006.39888809065	649.923596964091
10481.4706893576	413
1210.71320596103	32.2845623346118
4176.70402022259	50.3602947321963
16371.5025993396	1.87031411586636
16302	407.447156125787
6083.29535199377	17.403271399364
8908.12732492237	602.998602270081
15353.2036691768	419.944185693421
13008	602
13797	208.439724471415
2694.06478799926	94.7432846986213
3166.45937831143	541.428014385317
8726	11
11795.3135071591	495.645447199875
13161	359
3647.91907925078	215.344445133298
11755.7641045071	551.420237416306
11106.4439258532	162.172026024001
2820.91929979666	630.325468964789
7528	607.493966442578
9364.40560742782	604
12666.3735377102	124.432077306023
4643.58914568652	518
16002.5961179005	328
948	205.506406374961
11820.5713868493	548
4330.29731561955	212.622104027133
14591	296.524329674462
1331.91437754941	628.241737212681
15573.8908684612	507.039422327774
12688.4943556181	182.984981708292
10843.7515131892	433.372935315122
4517	29
13494.8140544988	438.057465357078
13261.5022823165	10.9994893538946
10438.9239589837	559.565557124952
9656.65037590047	475.909420752559
15783.4023518172	522.175219372044
10913.3621488616	611.683161371204
5600.65331398705	17.18901046047
2837.39057649126	565.200098713459
5012.35352071071	594.044257681801
10729.3856425108	452.130353878604
16302.2576844479	98.0719925689672
445.58806382005	207.81525693681
13083.2217322745	406.841338470091
12282	626.482900173474
13316.4437935178	467.245863448044
10347.1898805488	609.417530196235
13966.5798404452	10.8208736488585
7408	573
11059.3893292123	368.779581344127
1244.00521053036	230.556924719442
7733.32740954042	610.628185342988
12427.7493653979	260.298722651161
9677.4736740387	20.3414306700931
7070.36849786899	20.5134160271071
10342	18
10807	621.947130760153
7197.30907689551	309.930915615565
255.50194185112	419
12493	278.584643766228
12151.3273298198	134.259606973152
12755.7534266969	194.544444345908
9269.73913610481	15.603773837972
8947	256.505916715621
7870.57137051628	377
15987.9820640367	527.465395187812
10598	615.975117486141
13016.0022322316	12.3651279745023
16229	372.374033571283
10750.0134303973	2.26688405239383
5863.63889480058	238.267498160498
2301.56768483475	312.450186101276
15348.4793769586	533.698697273339
15667.5881780129	156.784703535238
12766.5473361635	30.4689149511389
11348	169.136548390493
10210.559698871	601.107015721445
2278.65099740825	19.1361320164318
1892.58511036031	259.309274185339
12360	392.829783297742
15252.4038854008	579.747860780699
9050.72642733509	127.58558798397
4491.41593907316	209
15089	157
2156	641
14147.8873634161	45.3725606117625
11228.3229004948	626.665438253525
6557	229.520105512623
8555.77088068977	400.352055237267
12528.3818245839	440.475347084159
12354.6097935782	334.806961508992
15618.9853118812	469.991505245998
8502.92289354576	3.97193800214992
13611.8542279473	184.790630309729
13889.2293412492	560.179285911891
3026.61677100331	115.508530254625
11326.3081685833	553.299690642465
1799.70697034594	260.734962834677
9502.95737968827	387.185799368021
3800	555.293584241138
3111.18688836003	444.42299442264
10283.3986170432	319.846312143985
7347	544
1067.4719806022	194.877431116118
5386.8109643732	427.228785107047
9376.0551088236	266.628314275106
16278.3741083587	472.848032003433
15265.3596479524	318.722078648661
1755.53580138743	592.55033986349
3053.95194182569	462
14673.2419130025	683.602762823652
1885.22772788812	616.688774560965
9165.3545845814	316.922627127498
8608.07495097251	226.395578359075
5455.27299259138	371.540008833295
5794.73360185548	478.68139581502
11900.6240400074	32.8136002599928
4929	466
14858	597
3942.36118565898	613.8426710139
1843.07933720648	138.688119398654
14037.0084124464	519.009768759801
70.6812967252293	53.4200257846735
5711.35959595749	2.73284345971648
9752.45909146434	605.372465982587
11283.5058605926	611.571678003938
270.934747170331	17.7714045852337
13802	626
3457.22422678452	638.51689658772
4977.79248245448	650.437519218219
108.424184098451	509
2864	524.571086002849
10198.4724204485	179.302610207651
4224.96612024918	619
3631	620.005161790151
6772.77815829663	601.78369647258
13671.5638478118	625.476345013775
9629.93180885074	240.597085920945
2364.30069882866	132.717939052457
15011.5933618449	687
12339	76
9310.26020545092	462.993595285244
11132.3399537465	467.214665881071
9221	604.068561497626
9297	611
16084	49
2253	548
15499.3257869264	426.08190165816
16064.6722455979	458.84281006239
11382.6502385826	345.46230349891
3394.11393834069	14.2503035472033
434.330270868647	414
15386.9019578929	463.64116755042
15282.4192904065	60
13060.716644607	163.471584515538
13376.9111369683	450.339315446654
1971.42490700861	10.9133930121982
6620.5896926591	562.471240065222
9013.14700464026	194.709652684401
3649.32520979144	469.379702507055
10475	28
12959.3977343676	74
12958.2235700015	214.716964988589
11493.5710481492	451.210090454732
4518.62369870843	397.881594948182
14111.8759026553	88.7090214616041
12873.4260509051	324.252326497476
13730.6891191097	294.974284473926
3586	202
1970	397
14770	425
16150.5289367824	60.0511614715096
8754	641
11563.879410518	463
12967	472.119314544514
2683.07248449049	624.842042807467
6942.85407858516	3.89727553084863
5734.48511150442	623.460914919287
6290	598
15111.3340314628	687.889153242822
11579.1400749813	513.783168012061
10546	432.064556029722
378.483677007683	633.516322992317
629.517561925793	683.998071465631
11525	620
7983	565
15981.3342581337	623.246890782146
13096.494200994	579.503118706655
1350.43382815178	526.472236460381
696.366315737601	680.153768529885
5226.28396156584	649.632273530621
11750	340.309173793773
1858	687.451429453979
10695.4344835947	36.5090315598927
15470.6790492086	582.788291878483
10590.5304628347	388
15641.1979057609	523.356897075479
13103.6550629951	450.344403574676
12359	9.56646481407176
6040.15430724374	568.993273721609
3075.25204337566	86.0159505594642
3269.78126383414	23.517928533418
859.080256946953	346.508518699282
13834.4467423007	682
13541.7103788547	474.008916871574
9835.4658629806	554
7062.59923874392	490
10154.4685715858	236
6.60310976026727	65.6031097602673
8927.13687131406	660.069336508706
13437.3620655984	612.048833050407
7921.7998474222	42.1202362017556
11866	409
16107.2028874151	621.625624685443
13206.5493538654	614
16464.6664244375	91.320853741257
14569.0454189731	413.034420349326
10736.2904792499	278.467070217773
9627	602.986767728152
14971.9192856516	641.208919366112
14935	682
6136.96737491263	47.4936926055057
16451.8316475005	467.826007794791
8838.84064049854	605.367746062388
7233	610.516077276658
7240.20627829422	661
15280.7191731126	614.472523036025
11652.6088740221	624.900819474314
10747.9547917539	342.191538159916
7865	31.4904212078197
7027	53
906	236.050568240734
9477.56529119413	489
7132	311.495992882368
13525.4349845041	527.26049745793
12429	650.573375173469
801	97
6488.14721558577	620.717313268788
9960.4092291675	495.717769210086
11997.7582673145	620.137150200074
1356.5235672418	682.000175704708
13639.4403733933	463.222526586793
1872	21
5501.99763407053	660.661921975958
3848	613.119715803
3742.9982654226	508.653373582895
13131.316952384	500.661301034537
15427.0292116997	642.996662496305
1695	288.11586725558
14417	215.574023758511
11201.1353333988	5.68638493067079
7184.65982177532	3.62851277062548
15779.3791600986	358.329943637034
14654.9010007265	120
9454.32439854084	613
734.520158396916	294.500677910083
3809	611
8724	599
3285.57173477031	597.510921550704
13077	104.929213631424
14060.5586837894	60.2653849396079
15157	627.586299474797
203.244204035114	7
13897	477
12640.6115203455	509.684386978154
14101.6297102929	627.828135575451
10264	79
14159.5215003892	107.154900793074
14125	683
4221.71640573954	5.98510106582368
12826.8391848536	511.00047396574
3603.1293116761	43.7751882257587
10827	502.392625872769
13708.5800048058	681.702985427012
8245.75328406969	604.583039215472
14308	194
15722.2922836278	643.356169691523
10849.4356673927	556.94506973529
4411	594.433043361441
16423	120
15340.4609140782	215
10128.685797397	344.167409352348
6656.88270432949	366.73306255413
14883.9014940673	685.497993114031
5887.76890515888	578.635513522615
15485.985364016	130.87420374479
10782.2100816527	669.101714903942
14216.430412947	517.237958020027
15672.1708124994	475.409647150674
8029	610.540078217644
5828.85159093111	514.488774988521
14697.3504647	427.414818401843
3935.13680790868	35.2392987418534
426.161661404209	692.767740757757
14894.0702971359	151.216693109742
9811	608.365368934556
7000	10.3999094934563
8606.46549543813	669.076850348751
11210	68.4989582892981
15746	147
12954	682.445625516277
15063.8433890265	681.394117541199
13731.2627258739	622.508684048645
10433.5120769186	680.956730092084
12909.5463466342	439.031830812245
147.24078644738	614.569466761917
13962	191
10525.6854586083	666.757447485806
6303.11752052024	669.932966798966
9830.21250054873	668.377153846576
5266.59363502296	599.339903702947
15704.7204568314	412.297781660582
12636.5368877653	180.440632481786
5328.11432368201	399.698404009839
16278.4379453711	688
14468.4293692196	684.738778219775
11743.7381704033	223.280588223778
1666.79610771389	578.41586887576
10720	382.549250568747
495.495132994408	416.174176061451
7599.73633701069	603.198090320742
2886.30761302549	624.589078264949
2617.55740171972	686
9798.98175925551	3.19474594397017
3070.50638073131	621.210407692538
12913.6332321694	570
1151	683.469110243948
13157.5052048799	565
12963.0561233955	13.2200897809318
16457.2616422665	745.597423889434
13468	289
6779.4804465907	663.908255115227
7384.45889830963	59.4341873633315
15166.3497377436	476.109389930837
93.533128989763	160.517754496694
12108	204
13993.4375415268	406.22431103908
14775.0160182996	305.929524643974
15056.1927078429	531
2130.52568717562	690.878764933839
6654	619.486878510988
1561.36729053962	688.697224784426
10535.636585545	609.675758555568
12245.5001066846	682.953960890597
600.586525058411	641.754462268727
14	470
13140.6856136466	68.8176277148187
4755	351.450628836379
137.386110216676	464
14818.2885472523	3
4677.11442002178	613.32373690075
1950	616
10390	197.521518219568
4061.63689320386	669.15887003031
12582.6678834104	559.106599021425
1131.83225629316	631.295515294653
2579.14874749382	617.768055892216
5707.17720860053	592.257118518852
14513.3892816558	62.7423837196055
14650.545918499	643.419597669739
10209.7690538007	37.6463665010517
3245.50956699754	643.979515960778
724.719260852244	352.072808282869
2451.53894523199	652.026458946753
1645.08857547609	684.22030685595
11744.072821529	466.808732418311
8445.49394122792	614.872021111351
7966.56694854051	668.167631037818
96.4495650224708	456
14102.8650676236	16.0437267201697
3206.82478045158	6.10413096331637
7953.18698612101	624.002444896165
16446.5399656281	686.971415962214
12651	564
11355.6474275867	606.94476406657
14755.7613925832	611.785609419289
2209.2980011604	701.932875177275
9282.6243760257	344.598928685009
15036.3500525119	625.081162871068
13964.4909976424	652.529122675097
6014	279.45087878828
10141.5546424269	614.015354941923
15544	168.555826743791
16459.6484795599	279.716554502124
12493.5607941718	682.969200463823
73.9591806322163	598.958056941177
4871	586.533128679879
13488.013051402	668.21004186312
10073.3615360887	437.872164827209
14630.6723111149	535.64314364038
16053.3280983549	633.023010648984
14430	653
14586.5503671899	682.473597130865
6040	676.517714372236
13822.9703986415	282.387337058061
185	683.035477177863
1992.04505398233	688.49113355461
13813.6821708367	47.5571526163726
10378	681
243	684.013174907118
4833.28031091416	3.72496451145528
3421.99702083994	69.3966300310819
6611	671.024556098635
7154.42323371098	602.251849987288
10273	27
4817.41544081806	650.805270965671
10113	650.441273405247
6936.97183701297	673.962348131476
15754.5873515377	250.755488831842
14905	622
11296.3991937911	427
10327.4628941766	283.358236962454
851.929871338104	763
16404.1437636227	450.612026424508
9280.44444592238	514.021565706839
14192.1889292568	682.145775485764
1910.88838989227	375.065607502682
3569.52196228008	1.90974231207826
11405.9504956185	179.134538020497
13622.5726470335	676
6709.82115980017	614.688810626615
8548.28958071061	578.725605824182
10747.9573674691	496.495134345347
15655.7598551658	625.607300617904
11013.4404925449	599
15611	2.45185067193342
12419.4114724567	373
7901.92871317431	338.642086901714
10149.2561018342	31.6601403756949
9894.57361577712	666
217.144498410836	633.58993944112
3670.20713824414	684.264553681106
5367	652.945840915375
4061.84076495261	597.41167454229
5735	48
6417.04365330958	599
8671	662
8397	652
12095.3474292378	331.42538810499
5763.93634254458	670.98461027182
7811	667.497907938912
15797.9954369658	13.7635877784388
10472.3790125074	600.134646759506
4875.6253256162	682.393400728203
5452.57555252709	582.622801437645
3587.00512394459	598
16304.3167065994	527.278305042729
15086.537070558	581
12151.2430123331	315.983152336307
16217	46
10282.6780517575	669.849155640481
7715	673.928653039605
7516.43835965907	668
10567.537997756	672.580106678035
1226	682.212366806103
12689.8263224757	620.098999807457
5423.06545122671	620.426638100458
10876.4544530914	670
4612	619.538144113637
10753	610.402410129679
3896.77149580302	681.969165599179
14166.0469871657	643.66360221538
14006	684
9004.75059718683	487.178837048933
3933.07094787483	549.627388768051
3227.3099926031	688.372604565031
10989	675
943.07534272184	690
6550.22431460777	6.76945724521947
7318.48004822811	608.906456891229
1565.90223951085	745.368065604051
13408	680.022026884691
10570.2177369917	13
3556.2370897741	629.251750703569
9329	26
16139.5026504862	686.697593936624
2675	690
9946.30570585959	667.685890020056
6362	677
1032.50038650518	693.908358730614
2408.9823331041	165
1341.53061568818	7.5008437592039
7757.3905380523	668.501373859
8889	264
16073.481624729	346.491137820592
1292.33123217706	687.988545541662
14520	681
4630.07204282306	685.145940470441
13358.20742311	523.686887835825
14336.5857556416	683.561671464858
6572.07239712803	622.76672185923
274.637184906599	185.129989257269
3153.33021687898	670.241885609728
16273	45.4737938205514
13157.4505505426	679.929307437664
4365.14414895999	682.836924216212
3716.2428062874	627.619816856075
13676	64.5222770245637
11593	682
15820	689.905047279838
9883.69079667004	607.728878876282
1453.63182510926	624.834793745635
3630.67288610744	92
14531.817096451	349.603396055084
5031	677.906938141797
13798.5794123977	514
2412	648
11444.0635926221	24.3437249632533
1419.3593265458	9.06502453325784
1510.59022724811	630.705364947902
9191.01345988053	670
8608.2587059176	19.3371399502197
11947.2076858359	682.961278377582
10541.9511820616	140.773525727132
13994.6282758227	59.2744017045102
5558	619
8160.61663457745	672.064610524198
3524.47027437466	685.072735451897
8481.02492900866	668.496741275807
10002.0190567519	666.975766560475
16305.0717230732	2.23816184694318
11932	621.501492352262
6708.51076482427	673.963410485439
10400.4760795679	19.9935589690168
8327	598
16176.513895605	598.782687784263
1777.77199062731	689.126587265931
6837.93603504556	149.216956495642
7324	669.140457684696
1445	673.947648483896
2994.71701531446	688.563447645507
43.3699390450949	521.945937449417
10970.9618455267	602.881326881964
16331.6676701519	453.896281550229
15889	692.346679941153
13430.7595625786	446.963738350181
3429	686.485773820576
8025	670.536524954002
13638.2879960838	2.67037625416389
15208	339
39.6009728690117	748.773652445098
4151.34637870394	681.938658197248
15984.8576420475	683.821412320581
9773	661.897846004013
7696.96926230686	446.446382134716
4550.01951780116	651.975158757834
5673.30479705605	619.727204967732
1380.97549328117	646.464067181392
7456.54828689372	664.554800529957
5817.04004978415	633.519095309598
3099.52155780751	666
4560.72773196678	614.123208005807
8258.14136862454	670.848579856953
16256.1270145157	642.870696337698
356	690.522467573455
2784.79722337648	681.460018823177
4158.27394778232	625.148907747408
7185	664.667584051413
9326.70058429384	671.041941047745
12771.734912785	619.418133011986
2748.6721146942	697.455386262378
15627.0730375771	696.572586564576
5154.93815235919	678.119922633671
14798.8146161414	362.038616081488
8080.51813001736	653
13753.2921627585	683.151141416755
14560.0284582706	636.514927647534
1506.60770915753	686.609987636632
16370	689.098347376921
13475	487.256614147699
8652.779495172	3.24828133980098
1039.96707836978	5
785.406817798499	690
13773.5372620248	454.902570678096
13537.5006734527	643
2400.20915358803	3.41026479656931
3455.4877284522	34.5280128606657
6200.30225902324	670.023555630115
12291.3707455789	684.696334370541
11765.064784384	682.978133108344
9606.51624396641	669.047340005551
3287.48421588952	685.952512174919
6656	673
8198.40312170062	657.09880582906
11368	682.777317927469
10668.0123331364	422.459856475109
1076.88623171143	691.325320320745
15294.04561274	3
6839.40351628425	672
9436.05143084453	669.471249460554
5963.35916224628	602.327849375211
8535.89746646572	663.861018056125
13854.5195574165	517.664165271177
6360.27488874472	3
11908.9086354992	431.206276315452
112.983189594742	674
5846.88456555302	453.927643871859
13702.5180241466	1.93476801593657
3444.73257128308	123.416377502408
12531	3
14263.0404552625	683.300164561308
1691	689
13582.3787289263	679.958346731029
6146	681.500071860098
12673.1413797921	11.2646224172366
3059.27577682191	687.974147553111
9279.23030319525	669.509033845143
15767.5804530914	644.646513079451
5877.39613974154	655.161081830121
12889.814858998	683.130130524187
15301.8438282591	727.410416827832
9002.11176774388	665.290805100118
3361.34717925129	672.285321667233
6430.54639458381	678.993060347909
7914.56274554082	669.331931894254
9705.71616747861	643.136847115857
7040	611.391021239437
15203.686340744	701.941553890589
2306	689.563161182306
1210.87752783877	508.194466750482
5544.4246754245	679.482138439548
14985.5158399024	522.186898561534
847	689.022690068388
306.465715344236	687.766881425973
8806.57579096168	669.193190249213
2909.89337212164	688.01068041129
10225.6455084165	664.716585576849
11986	683.42486030189
10332.3521464942	681.46315994784
12835.8013323804	650.789404286843
14074.1105866465	683.428601165251
15397.3250323189	702.457160826911
13045.3305903656	683.030215496015
3889	607.438840459682
10413.4343082556	631.147522598908
11455.0605103599	682.705233135905
8503.30047966803	487.003370686831
7595.51387521624	664.946691888517
9244.47500140345	637.050194852203
11670	683.413194884777
13367	683.413194884777
36.4744771428251	703.417877676029
14282	618
7357.61816669695	627
13792	693
4113.82391920714	7.51213332894759
12083	672
886.562486839165	685.617377092462
3762.61396742349	685.139711483104
6082.41241953455	654.212993701601
16217.1937841331	695.388863939529
7130	651.292756068701
12106.6610054052	266.805349143365
12670.1473860955	683.209351414
490.392551893443	701.757670994929
4272.60744810656	683.757670994929
4448.39255189344	682.757670994929
4511.60744810656	682.757670994929
5089.75767099493	13.6074481065567
5805.60744810656	677.757670994929
5846.60744810656	743.757670994929
5923.39255189344	675.757670994929
5968.60744810656	675.757670994929
7055.60744810656	673.757670994929
10696.6074481066	679.757670994929
11083.3925518934	681.757670994929
11259.3925518934	682.757670994929
11815.6074481066	681.757670994929
13321.6074481066	683.757670994929
15444.6074481066	701.757670994929
15526.6074481066	762.757670994929
5095.093109243	676.358467723308
5627.83176560404	661.155914668964
9384.56990465747	669.468688026108
12181.2711748018	682.997822983878
5048.97864534548	1.91850366142422
13067.3466179513	632.074812513036
6535	673.764309486501
15535.7740194964	695.921363052129
9120.84513679041	671.069744236414
6158.49511717527	617.446892382395
14766.9703318857	685.59865977208
14810.7564815069	644.311906720657
1926.72182472673	674
2266.88720494532	699.513878574246
1241	760.357668309518
2946.68740425015	646.002566581609
2499	686.365720081429
1526.14803905749	759.916658023043
15745.8100148124	700.468278081406
2372.23793228112	700.071952137779
15335.7528486663	762.08782624353
14024.3572550043	3.60006444756402
11153.3520551716	682.872724814323
16200.283989483	649.431579225113
12729.4943557143	682.699849758204
3618	686
10035.5385508422	627.108392520083
13254.8915123253	683.799723643927
475	3.24608937719376
16166.627667691	7.39515497025469
15084.9256276389	744.476034519349
15711.9284553258	526.472621761457
3635.51034934892	2.4094415247359
15695.68899397	700.914798009441
10204	241.532917984474
15335.8210880055	703.035010723196
6210.46978988455	624.624599153856
11649.115916024	7.76851949656169
14481.3520863696	643.347436513482
14963.4574959402	745.139504784208
14567.3847982035	88.6442473475094
1284	761.91436563789
15002.83216157	744.690921487556
3828.31609502908	10.2181029958388
5127.67096340235	608.022977990846
6412.22224351996	7.06001514531151
1945.54330079063	111.434804866505
897.47531193073	765.584078151389
12022	726.49096013815
35.7666920759656	561.331731561064
11437.3292772383	99.9224975245355
3950.57353338833	684.569337628472
15181	744.49096013815
8438	1.99662733019066
15578.2876232794	745.289300550019
16491.7804441087	518.357497804821
12505	72
5502.99274638006	1.91076594845333
12135.9856379569	684.317675713495
10982.758062582	5.66956966317579
13431.0232034649	2.03925431912329
12229.977277118	726.664334138852
1001.66975033402	432.594863459466
771.355558485172	762.669055515935
16104.9530065642	1.89903558724975
13781.2106533487	9.90855841009957
10108.8028403953	26.3537605505532
5195.63147412909	431.859070811398
6882.45481221324	2.30293625840495
1394.5	764.924566962219
15431	764.924617307242
15354	1.97171706841129
6121.66922961079	7.91992554397681
15703.065320003	2
8490.33538496609	216
4577.28182861304	2.52545655440492
707.914669097583	466.452717445275
9434.13356446254	5.38632502768518
6663.57308349583	5.92496126356452
13905.642763467	3
7534.51552205834	9.58255885701723
10635.3036458724	2.84143348998211
13887.894905628	154.54347956732
2470.67123153726	2.95448658693759
16491.4433948751	333.492504302971
16463.501272203	794.572039667092
12721	2
