4077.50754887354	273
4548	311
15651	434.582699680695
3425	350.447514829209
6129.56184021937	314.988063573903
6253	323
2929.71873928345	740.402825813401
4924	427
4010	251.049304035665
11782.4466854001	81.7337918609852
11663.0779353378	504.427584220992
4131	332
9321.53028792491	682.507680324041
4077.60488523351	210.144755691647
4769.43081143059	345.239179265772
14983.2544380666	333.626558296785
10793	438.503000836783
12967.3120636868	668.319239351241
10073	434
4038	591.529897687764
11189.7516331478	697.421964945988
15755	353.940139522278
7023.80841246982	292.599293566067
13292	501
8142.56633125417	394
15390.6028161104	472.203146605717
7054	351.449195484633
4408.42654025238	434
12435	600.442691879908
10780.5000331464	147
524	612.502901180649
4418.59217145771	508.211367684595
16025	611.496311845261
7761.51174414554	278.493340131984
13549	417
13943	96.5836296941562
5310.30361434444	409.654421544025
3978	489.452232682589
14169.614573828	209.174581534495
10986.4960193698	558
2665.58929912643	367.767291503217
1975	259.463846616507
2405.94787345115	700
13246	263
7591	336
10966.4929894731	744
4710	369
6317.02078097545	291
13056	428
3689	633.040367560048
7327.46285663797	476.504620231518
7524.49762420728	638
13470.6518349168	518.283575331476
4791	542
6032	214.517533970299
7380	341
7836	580.617442457661
5006	743.413640542913
5383.52615251046	552
12799.5108679591	195.466329332264
7156.87135036283	763.71468961364
2758	661.490972350937
1317.31208820055	498.619017210802
8634.29702643048	224.692907454584
15673.6742494429	650.562589087813
11276.8985061298	542.666351236044
12388.3394446158	235.123740183148
2867.96894081221	500.017622329912
6249.56020623348	263
4279.88764797994	480.250079471609
3498.80090305971	351.740202828502
11087.5942580492	256
210.740145811451	516.70430317711
10190	749
4399.9892059421	684
7948	313
12922	716
2537	482.464913303785
4344.48021542477	494
9075.01975952309	407.508507863855
7697	603
4940	359
2544	312
3203.72440209816	765.659580313957
5233.5164976521	585
9496.23665414351	320.673946317247
1827.69326882795	291.374150421465
15360.0110675989	743
6031	589.462044225057
15213	555
9557	354
6221.67410951365	202.181927572602
1549.68850147346	211.408652584471
10658	237
1089	315
4118.51262656449	690
7707.32714391553	681.318140003409
8512	267.503823633943
3859.62699775306	261.346633610788
11758	422.513400910275
4405.01286681503	294.473812422342
8591.17095022656	548.07314427746
926	475
4396.5229719732	363.493050800748
9798	393
12137.6013369555	408.245434447057
431	209
786.389481182793	548.218510217183
14140.1197448044	150
6430.31582742238	683.305206336929
14487.4676522893	524
7815.47991092375	453
13019	705.46296975502
5150.54009130364	347
12995	408
11909	704
977.615261159121	439.666909739645
4344.89263209788	436.876053531178
10610.7564491592	533.765354236422
11509	509.578259272018
344.070254403103	661
8452.56472317741	259
14998.9342020622	104.763866828018
13704.4791716842	290.464705193756
3134	275.460367159247
4481	534.497697144335
7381.74388522881	515.44493347609
12666.5583163849	92
15815	629
1689.49680915052	575
5968.52380323291	198
4470.42330745576	301.456087724302
6376	330.563806426316
3348.83397018929	344.122202022524
4087.24907898925	565.140192285069
4164	732
11048.1511202493	155.367624785317
9188.72466433866	389.988945828507
6867	720
9165.28954941972	197.618386766334
13073	729.489389484049
16445.0080851483	732.960713715285
5003.85788957337	380.760029425285
6310.42106149665	748.521949595965
2595.43759338448	761.504174943974
1599.01190216191	410.041126866788
11741.4491096606	261
3201.58183378876	482.104925908397
8126	323
3918.05373132902	751
15907.4896550171	411
14461	628
7015	775.950152844525
14404.594708942	420.319567969657
14309.2816111203	501.337264761266
13865.2929301407	152.222011708596
466.47569247159	375.492247049123
4040.4764037455	673
11389.9675080008	514.529655126605
2127.03025980152	428.749262512678
13384	613
2840.86133339759	567.62264543646
3115	655.49658581677
8390	554
12038	658.530162480901
14079	297.583250947514
8331.60273822549	569
1655.88493282601	726.501632537252
3672	249
9990.95826720428	443.376254870183
14357	88.5057280148439
3399.47637462705	775.543729522257
4323	369
9252	346
14096.5234019355	741.447392888039
11547.8394419418	563.627417131094
13174.5553834866	150.758978386425
5536.21756030537	435.333492714004
13534.4953732861	534
5874	316.529360300257
4040.66884964728	515.827916957929
14257.6842866481	636.577103186017
14342.6001411044	557
3848.64538562924	510.267210955799
5088.47073609367	625
15138	642
1482.50907111033	496
3129	768
8666	588
11147.4221168137	304
7297	245
3299.73353681327	683.387539866293
13506	653
6123	596
8473.48197024703	717.557690278888
4350.48985198369	559
14372.3498823293	729.297012233389
2387.54937508292	388
15062	659
4243	373.465977667098
9505	396.491963392834
7446	620
12760.5264078962	238.534209194378
3897	88
15293	767.523278669527
9183.81578414171	327.701693028271
4907.50349359538	753
6599.20477396903	670.629190587994
5919	263
8442	657
8137.5250687236	560
3295.54017997353	376.490654198886
15210.9898596134	416.64062813186
3680	566.058412768791
15740.4867780931	284.576406821265
1716	277
12263	415
7833.49823283443	642.591382948508
14939	535.047154009487
8382	488
7776.11134183985	572.714453966636
12970	343.473203619763
8591.24182164518	676.219513829384
10789	506
3919.72062652444	485.68313611653
7670.30086970751	547.651481958926
3843	447
506.329477123757	555.71931586998
674.409522928095	249.545908144357
5799.71267609774	733.284534375362
2416.50889593867	329
4858.59935896905	440
15456.9321307013	413.851201916993
4552	193
6631.24896507954	240.769224692945
4973	302
11320.9623531404	441.886129089992
7237.48009057793	430.441728212907
10910	413
1700	211.047937261923
5564.49681715469	559.501937569076
4368	619
4724.1340660829	484.057329022197
6719.27406598448	585.469982198821
3511	663
9038.01623768687	351.948850951068
3158	544
10295.9851329988	520.984509568012
1705.26797180073	343.988232104115
13179.4947026108	277
8730	567
10799	378
9302	284
6825.55564539025	423
3240	534
1728	463
3705.36151918994	688.836639241847
4824	604
14089.1794450897	605.655846711511
4362.52241516544	734.483332056513
8259.97684748836	691.276570143314
11674	593
4053	748.084908836606
13069	84
3615.54009450484	298
8874	765
9757	342.557198214657
8517	659
14976.4676908846	396.47281740178
3521.33656541251	716.333689621821
2074	619.521490264196
2671.67552603222	668.626199917042
11783.8511393585	576.624080865876
319	370
1957.22808952303	526.071519634424
12396.9916472772	161.521347492265
13912	462
4738.67759128702	272.343817307243
10482.5923731029	667.723466035903
1832.97974988852	754.005880925473
11564	279.497776921645
2809	610
7353	754.364357874918
4606	416
8090	729
6695.70301635306	269.224931034856
1891.5293819643	583.647608743947
12064	309
13282	362.523926928424
5621.32350842014	720.418386384146
6307	360
11125.1375623737	679.556681116622
149.517863081034	530
2471.69375804982	683.932181468801
3388.44605606393	295.53323784732
12034	595.536031691367
1331.49243389148	637
1211.57507399224	358.782603890285
7119.62237738607	362
16106	643
13134.3793157149	402
616.131474754084	699.739596293344
2000.33240400307	363.709410333872
14631.4442386544	344
6946	612
3908.52760549594	553
11716.4760183967	375.148424880063
2089.39475296527	548
1036.23789937238	476.36452960427
6244.73420438535	597.267002751117
3342.02489143106	609
12861	87
5430.6968743472	200.015709844845
11493	410.984970489961
5729	282
4217	462
9001.48488017805	300
9472	451
15535	380
16161	384.452647070341
11105.0128734275	192.526778086557
11442.0214760195	349.050132667577
2203	366
15390.0624273421	400.507706515501
9737.66411291959	404.366535925799
3840.42395129945	90
10080	530.326175071
7914.17100197294	612.601242132442
15022.4050248536	436.769552364128
10260.3050162988	289.725844873317
8314	375.94254225763
6247	387
1725	397.501958999323
3346	493
3924	154.600305137313
15429.448757151	754
10074.9174773392	331.860919250629
6238	728.900798740866
185.608294700926	239
3342	262.495346973579
9393	544
14925.2695743525	609.073272519009
1406	399
1484.68233593336	616.43156207581
12073	130.886849699354
2271	352.522787710349
4865	554
15807.4055352196	262.426376984375
9057.791496674	709.174233909451
10018.425906669	186
14766	530
13073.2404104284	651.599614532613
13617	519
15449.4863439631	635.513472316552
5678.38106510205	562.73135284421
3968.04507630823	431.282910633997
4676.83317053327	429.006652942895
10890	84.9267891785225
12330	195.505473829792
9667.88432275615	513.062788800939
12136.8987538193	339.239905710786
10949.3619113078	80.8890966254647
10417	540.455286496629
3930.30193994116	261.361187095046
9221	599.0468924035
2742	352.526261066178
10137.6638271956	317.694796007652
8972.54015083295	472.475183684551
7491.45556260901	683.881890529262
9124.71409191843	361.137400469153
2824	196.499209685298
10093.4854543022	650.534924853362
2634.62971568185	419
2343.70348703164	328.447087212323
13153	578.499945259391
6932	693.492209094114
7238.3022799093	621.347892919258
248.74582743169	354.657285581005
13958	638.611256576607
3909.80343415397	684.669142862105
8502.69420837621	339.660633848457
10009.5782262873	307.52288712677
393	522
5281.70842073631	480.978290426463
4340	302
10970.2888285132	383.362473862446
6684.12367036607	633.198683032931
14426.3700991519	567.706317822526
13129	699
13277.5545477772	200.57407162863
6642.99165382927	461.47660201343
9746.06413094112	612
5803.58351918448	322.816426668628
8027.60356428327	720.297684956878
1547	614.5754891702
15139.9967970313	525.680198220747
13186	716.578780338751
8719.44859513393	732
244.558918611596	81.0235005577825
15266.8846200302	640.657289424326
9142	434.489504542376
15926	552.569626826186
2869.84051876351	313.13111671585
11558.5083027368	411.055931297215
15457	353
14434.50370445	755
10822.0342922775	563
129.713553109312	714.378222847492
13313.7186330227	247.001544246956
7173.51803860828	457
2876	440
8385.79962377995	353.76206590476
8855.51503162278	710
8268.42307123965	548.618729836361
6178.41969228197	558.667639272821
2789.77047421762	503.566873367901
2333.66692953294	765.66248970149
11783.3821113749	198.713708653917
3365	546.522108685949
2465	476
2588.78553633478	270.188594401377
5834.56423013025	369
2026	568
5324.53722514166	596.542959139525
8265.53491899855	619
5165	475.455646513364
11796.4769667681	765
11362.4126773441	394
8158	257
959	741.557047534935
6359.45615157976	391.237905139002
1487.73679439103	684.976595427681
5445.21914631951	270.04481952968
1595	340.558078515225
15879	624
5030.821546928	317.347695329626
1898.79297748223	256.510589015105
4148	263.540004995515
6295.7133507465	420.741862260793
6181	487
13344.8555400554	193.206489006447
10719.5020678197	115.602515816628
12012.4888098943	127.459459882103
876.797172818652	272.899169115538
551	745
4659	503
8084	652
9098	489
735.504268893455	428.932656718255
9658.73025085105	247.476695270933
1425.17189189103	246.931299195661
5096.57945990692	495.298276767655
7297.74975803934	618.170264751971
5454	567.445396311505
4020.58658699337	90.4971651906584
7172.25505840743	641.280187641116
11962	556
10218	695.335686356077
2201	587
13257.0426975379	681.89142502302
1236.63783325254	477.763563461935
12143.9991431072	473.510733357174
3980	558
14920.0053029651	368.758166917874
4464	688
9631.7684570911	362.178661959351
13479.6893662678	722.361615235538
8235.44267312155	483.505597985972
6167.43899856025	704
11962.2530072059	676.610550032411
9012.43887486529	757
2180	647.015661063714
1479.47159229425	430
13387.7804719134	730.07501195022
10628.7751204818	386.954030561677
10027	656.561562684978
15140.7875306577	456.555875753534
15326.779663815	690.361465236144
9978.71234933387	611.429906408093
5425.51266013295	499.474248163316
3127	467
292	303
2720.26842029977	539.410172053486
3781.12799872094	662
11146.6789534181	745.613820716462
3734.23271951455	370.942091270442
13844.340249265	748.653684287666
6026.54093936873	762.985050070491
11143.1757277281	427.792264437407
826.117940863126	388.227898384069
11026.7545437114	398.062573396588
1529	384
6444	263
1078	184.486735151861
8384.52476675964	615
14135	559
4286	729
399	406
7632.57236674836	216
14534	421
684.507411574336	613
5379.56539700516	687.531697417787
10494	494.55470360057
13835	490
10079	193
6367	711
3290.46893125553	309
15217	481
4838	498
9587	412
1147	225
6302	676
3961.69795323942	310.641855942988
3013.47687149905	732
1270.96552539077	421
3722	433
7438.5078285158	294.531610346142
9364.4717756957	477
11081.4355990786	427.757736822826
2256.12793348843	757.348065027917
7687.97567237838	740.53082335701
3398	718.516181608625
14532	230
9319	345.530671134122
3733	311
5953.74265854831	404.300655878953
14670.0607702017	446
820.933717213865	619
12290	684
15057	604
14006.3203238975	578.718473231174
6488.50664252147	574.906429924099
8934	422
6366.62806881229	264.732298517219
9288.43660633705	563.517929767938
11377	93
186.839196081446	697
33	560
644.395990994543	556.695666138256
1651.45264726133	253
3736.66710404996	763.949527492954
7319	410.490852352173
15658.5153995052	737.514862012137
9468.53359707236	201.473568622878
13400.427889193	381.570793436231
14783	464
5616.50761012327	533
14897	486
13358	552
9127.51111466772	763.057728093273
2949	435
5044	569.426807983073
10858.0469042579	146
503	700
10910.450047331	723.568848133988
11330	499
13229.4140671955	152
3275	469
13074	183
5466.52704071921	338
16369.0916203832	392
15123.515488489	707.987627850444
7890	551.480137798576
10974	438
10368	726
11634.5394756111	701.542445105112
607.303379504414	248.016940016949
1665	434.428038390699
8057.10258191723	175.756726608608
13325.2131333788	600.954916491722
1430.43435061329	533.727129354131
6939.86636324423	397.179229041211
7650	488.537905568423
1590.56473840189	733
16211.238374399	328.58173037703
11255	478
4100.6907358085	503.661004053264
6498	282
9244.35189773309	716.290598464089
4762	209
3621.40119769519	376.457938575503
10150.5193641234	688
12568.4730365679	655
8544	719
13542.6175280198	609.675020092063
7329.89043847051	550.529033467626
5258	693
253.992311167005	228.156909031197
15199.7367513952	615.412412616089
3965.52915800196	701
1138	753.56071889798
5731.16446605781	508.347416678444
13231.0861742842	462.831269504381
6552	758
1967	460
5121.0585473282	271.466235664661
3894.16053759483	321.533347253993
7366	274.982798604353
12338	119
609	310
410.628850093519	659.676363041097
3665.68961590468	740.363208542613
16348.4080563745	223.377513553369
3016.02735556111	319.512373120749
14194.7006492357	460.326088534372
15599	391
6649.61313182798	385.626009217512
8145.78755542983	629.569690913328
2708.66727461781	608.366069315086
10416	771
10113	590
7426.48890518561	748.539190684791
7505	573.466919714602
4846.21973366621	738.630327023741
3562.91771256523	254.21070080104
12889.4894714022	346.989268782636
935.015581874488	310.466970741401
5107	560
15994	662
9701.70166051892	197.537019299805
16230	620
15344.9690029095	194.972644814174
7957.68318501214	689.357324000139
12772.5582918423	297.996908025771
12568	602
2912	563.032079867368
6999	711
5174	538
1022.03175527299	222.440128145232
6416.31581439815	615.860038225861
3012	430.467304840757
2120	736
10716.6395070998	174.226343166875
7469.1814311812	356
2599.93248196034	476.50024404816
10524	445.961170915542
7763	495
7553	695.844673937372
8025	652
5743.57926653729	756.669733576007
11617.6696533174	626.870283126134
2818.52867539477	295
4830	669.474892321989
2748	289
6223	664
5013.2371163664	248.919250731678
1086	442.456650953944
4666.6395252517	268
12131.3425525872	140.327971745429
9753.28046141622	498.578129018244
4682.24465915591	621.948157154293
8850	248
7701	298
6493	226
11206.9796985105	764
11046.4940592019	589.518243637571
8991.64780865448	536.342731397403
1881	325.145084991158
14826	500
4672	735
14274.3758332272	147.51117746671
4332	672
2067.48174765148	388
657	377
8497.46515436822	475.490524469511
6818	670
12729.1380859826	85.3172332117614
7262	367.955713258662
16363	628.583728762515
4038.27942017492	455.01043620342
6054.88123860129	708
14563.3865080449	527.300096103195
7413	398
3775.56994267429	493.332892807892
13901	754
12341	349.452881542718
3434.48461780323	566
8417.49573264527	764
10435.2892989823	203
12770.397413175	494
2227.62671207559	304.684921872149
14442	690.543781733144
5307	662.478348271968
7445.47599536807	547.020991318559
12958	517
8377	703
13191.2333211685	505.215808140572
3375	402
12017.6359318037	405.696577935119
6189.58700007784	757.813129085128
8692	337
8674	454.397483159752
9425.46714198817	605.517894185541
15504.9322127079	666.831370939568
10121.9921646545	488.464002075075
16144	115.548209048558
13425.2137968572	258.735130432555
1002.47831730237	705
900.500367655589	422
1003	334
15836.0348605159	372.493475665413
7188.9991506677	395.099634148072
311.771303841654	183.120965711196
14599.761163941	473.278526069533
10552.4922179921	94
14914	428.478629199408
12207.8083959923	458.520280238521
10567.2870999433	402.137436960108
7256.32931804668	559.345436105622
16436.0652190788	423
6192	282.08782010247
9832	608.49341626527
2021	495
9177.63942941605	650.304837002085
6899.05887231223	451.059743594879
8725.49414656966	635.573288966837
11726.3515970716	673.027101355422
7107.49827621891	456
14427	84.4453419389294
16085.3226808044	575.79320034587
13876.1042849202	373.041100161161
2071.9418847471	330.818912014623
541.398977677473	308.209032890312
5388.20029823078	626.334979802653
3756	610.506755695724
12717.4160805612	196.857267882092
395.244844722615	591.494041047035
8560	313
5847.24871909523	260.455580850789
13173.5994480742	360
15118.0010266548	577.233490787245
10382.7170753	662.945586426773
7949.53585437499	246
6379	776
3869.53141581806	630.957778079849
315.533210620521	244.445951758952
5352.09310248651	500.531028968461
11057	657.51292464917
887.868061874545	357.203663017643
1971.41723906131	591.461869093422
127	426
5606.59066792589	478.667889791334
7438.41776059619	476
15992.0951357066	329.144853913211
2115	220
2196.74633210596	707.519049007816
9975	700
8912	359.053211883506
10801	77.5482049619065
5242.11654821606	428.702361796313
414	338.498503772821
10319.5464750553	274.505883121842
14003.3708857943	393
7211.84880252919	258.297560790448
827	323
2163	315
2258.40677759195	413.242397286243
6107	259.432966030198
2859	248
2440	268.507958116846
7982	513.566425050481
2915.49136905535	381.940557368881
15961.6207335832	377.821170750285
3641	669.323727727775
2383.78335475313	629.665837989054
6176.60007011554	626.239126756604
11663.0268213872	657
14612.0681583914	566.757778090434
7509.53298734532	742.803153191657
11032.1689777882	466.099593545956
8333.2710553446	747.903718972229
13542.7985323136	479.772514652974
4077	146.536654038433
5893.93365169684	526.892636588187
2561.23461163497	416.427246132278
12042.0836791122	243.884011472879
9301.97877429875	473.490898450083
2497.31986854919	421.546809186178
8206.02759597773	587.115507920691
8948.44184740297	777.530780993131
6065.75273711106	333.757205925284
11940.529089441	389.481163644803
3003.525931149	616.556491547844
7838	711.517344619593
1642.93542753962	322
5260	369.463231107589
4904.29733272434	500.984704530274
5676	491
15290.9784604269	151
15348	254
9960	769
1887.07415713634	520.07179456553
574.426797473682	530.191874222297
8936.03281002875	711.467794699599
6748.52623325643	304
15399.4865573741	691.48279556316
10385	254
16394.4577574658	680
13283.322153295	310.68909615936
5587.91284329121	410
5268	309
7111.47987842079	197.198222060589
8846.52510678817	524
9518	670
14578.4020711005	295.268457807239
11193	228.187588615039
11714	77
5060.21378517351	445.235281839806
14969.212759945	477.676855794853
3182.76076867233	390.794013222284
9376.86839120039	366
12899.0152122682	668
9623	746
8581	258.426908641662
16166	664
4224.75259567312	526.020118194099
2603.88296468679	674.381365130369
4603.29400129856	720.182277290151
11041.3195144251	83.8882299216669
2586.39735982868	363.094112552104
11440.9918595019	615.999158289897
7648.4205157293	667.726950593776
7699	225.508501653642
14726.8752668689	652
14714.2090001375	197.656542099023
15142.0505035716	251
13437.1251846847	622.676335580105
9234.5262956901	283
12379.9537076654	573.520528008043
6941	275
745.055213233862	307.570317483544
4813.42354737742	398.487049904505
8417.55063961469	135.002089095476
4548	588
2115	670
13997.4358451716	137
12506.5715827488	390.320462744243
11186	154
12131	753
10990	125.461287826995
12783.5795381428	374.485502576123
14857	206.527990105853
5550	687.550470379115
7948	765.5629493427
5551.81022800513	500.252435438713
10271	225
15268.6768082282	584.749822411083
7652.58414014197	348
7256.7872122828	486.542744582378
11600.5356153919	232.498501364978
2977.0728299857	683.421463926171
7506.4836047078	262.516395292198
16285	739
11233.7268090747	586.447680428042
5122.59863290869	405.462665433809
4292.67663160746	423.195691854495
13663.6553249736	567.282977562807
7433.24276715587	242.445906623066
9680	406
7535.56512516429	382
11292.6670490058	601.604115981096
15628.2328019779	688.065419441267
15727.0524491263	690.606243727004
12446.4867370609	545
15341	119
8976.88584118058	352.738116856198
5373.83402068556	457.260333270847
5680	624
1832.65563692144	350.65900641455
14615.4000170289	401.68498831361
5794.22673866053	615.595379702842
10627.3223482727	618.312326922754
9397	194
11845.3382046705	204.662700333231
8667	779.542202361879
5155.62189547992	207.38531544414
10917.5237564288	471.452955990569
14472.8958383184	120.159091339644
7286.22644091028	745.798831826178
13137.227615269	219.816922889198
10434	701.00240007947
11241.6166981019	646.203876612368
4693.53108713399	216
6865	277.039085020514
15053.4276412036	90.9415753583323
1286.56271204615	355.604547630853
9585	300
485.96684075117	123.208961758331
13566.4440735186	760
231.562095824848	284.425550367088
5985	726.496608259349
15410.3346422534	533.761409326306
13598	204
9918.35546001084	666.683940999499
13203	213
14100.4697781995	101
16290	614
14130.3080404392	258.712972688627
10587.4747513441	725.912700802081
9452.70997172242	379.461151813989
7716.23881525749	451.774107713669
12837	145
14776	318
3567	334
13002	463
13878.0837717125	85.8690432189112
12869	608.050220755342
9539.48341402424	457.464577219307
16239.7759023983	383.369774400684
5841.28947336841	571.218117119889
2866.36677483967	375.639681776528
11168	81
2506.02279261928	612.46514513152
7568.77611975437	591.367257855722
9848.47115726035	742.539991809192
12205.9882572248	612.610467814237
2401	505
14104.7722495897	204.943888979132
7581.52362877035	269.5357324399
13237	550
4286	551
8013.99972475477	591.821328381151
12029.6395782813	189.273453443478
9911	486
13859.4863085158	589.512307206734
10139.3176659086	255.356193671756
12545.0634216653	767.139172326285
8016	774.047248238642
15025.431961578	500.518193827903
6546	458
14156.8249867013	615.255379812932
6775	483.653670127408
16421.6353687179	106.581080610338
5963.30644919783	497.388022239762
7825.57704557084	255.127270079884
12446.6358044618	358.839969165024
8783.50652766496	525.542343733514
1320	725.914377734635
2182.34277641584	252
8087	583.47571359576
13286	565
5153.5039656027	758.385077301521
13996	695.479718947311
15675	374
12155.042713876	222
13511.9936468922	363
7387.94317428758	586.669187998128
1884.54159482863	718
6894.93059237506	574
16178.3434727253	502
3159.53541075578	719
3501.73020552873	593.77334260263
2943	504
15089.187154314	488.823058829754
5500	733
8813.68220352986	328.902977707956
5894	458
9277.27144538204	406.536834839961
6493	641.510591737144
8246.52403776367	415.003710540907
9243.73768250685	659.713599437397
15998.5180807109	269.513006528856
9199	534.472908174992
3545.40434444832	398.242486829507
15964	441
14165.09623443	88.3817877506786
10478.697499096	749.652809503336
2019.49459880317	303
473	313
1346.17119458702	243.688632956435
15154.248797417	323.549205554156
6489.86871649032	414.555969593619
11537.5739864701	711.541981120965
1498	562
13349.4727561191	350.039543069204
16425	280.522572076937
2985.87997831008	374.173203890744
5508.52057758956	256
16027.0964533609	410.311838662836
13257.4851698904	744
5288	538.464742923239
283.578606679398	630.494751658934
10295.0549551286	156.492219692276
12470.3820747606	733.849499728828
12278	141
8807	408.395287824787
9123.19838884103	692.983935806676
14170.4797902204	306
10669.6503869705	566.38039929194
6607.36980296416	513
12361	619.494504554434
1409	602.0715800422
336.340739184392	598.576585090716
11579.6413410302	666.640142695701
4426	575.496080439019
11852	84
9086.52229953256	188
15190	229
2012.50754197905	633
7981.5513100204	198
8704	256
2622.98391452815	309.085969290958
15971.0297465275	501.577588048781
1511.83703719928	749.795743254941
2771	727
6128.27381244846	501.400411308165
8516.43469525457	555.34235903069
15563.5607273078	705
14119.1399360255	664.255530876631
8203.74913131679	538.075568625765
15269.3426916359	516.567282233814
14996.0095596885	623.477122191891
3166.40266550567	212.09048115898
11492	587
8415.97493251218	202.358188138669
7640.2827540036	422.641932476913
14800	649
7762	409
3082	719.517399731248
1139	572
393.730947264034	760.988985559742
8903.41856438472	477
10831.9983811057	259.279650380965
2284	533.47965023988
11561	189
7764.48408899972	626.052036941038
6525	517
4698.21952553075	545.815302934577
3500	533
8205	660
176	166
12022	535
6118	663
7985	433.534086189845
3799.55980443086	280.541847427534
14065	686.870587651584
7609.14186710545	539.127115414301
14007.6265638513	755.351680133345
737.580913996974	238.082967984998
12800	610
2771	573
10334	619
8452	596.505941321563
11850.5313244075	722
1871.80153805877	174.722765088953
6423	213.053404856128
15977.630571925	562.763591707899
10350.3792899448	554.303433416789
13112.8355998001	526.715536782227
9350.40663738015	249
11963.1759411657	497.472954651077
16061.7477226169	288.597522742096
4719	678.396353887677
2301	458
7502.23970879972	488.968764355944
11690.9154711652	423.0218696366
130	645
7312.46683736135	315
901	713.030586658119
6551.46457968676	696
601.479091481412	478
10538.987439384	701.541766423193
6594.89675167268	427.491469135085
11593.4485752446	342
12598.3122206222	470.646755486978
8333	669.583728357371
16121.7832486219	530.594047375636
1289.55603046232	589.799938073899
16050.386384561	352.894795945336
15937	292.473008167079
13814	549
15330.3456312299	496.350846518148
6776.92973467776	544.858094124934
12458	182
8004.41731370987	305
14757	603.514494100849
5953.70239465248	566.718396355768
9853	676.598000744706
12594	712.620323674426
5688.60241991706	327.451326173795
9333	420
11900.533907003	637.77903742717
9451	660
8201	367.420450105811
4916	683
9723	548
1764	742
6898	510
3281	590
13788.1909073379	264.807861796027
5913.1891178533	747.454482372524
2131.51732040449	367
14383.7273250738	664.349683677704
11484.6482471358	114.279382700895
378	191
223.996216803839	582.665063397573
14536	157
8070	352.507765509224
6405	441
2217	533
11909	157
7092.31775454233	297.493475810343
10925	139.464660719894
13941	403
5400.00274395348	399.779853452777
11018.5341916682	701
10027	246.538774857798
4858.03813077964	263.489477049943
11729.8942458386	482
13938	177
10743.5878382082	395
6792.57009179896	363.449572566911
13284.0885939832	425.769896324184
3519	798.948738553709
16355.552148054	284.02099057379
11972	628
13085.2468051623	251.631124459607
16152	595
12439.6191612107	287.264621467175
11841.4997598894	485.499759889408
8056.35034267995	530.738652402442
1549.59968074382	511.959281956586
7885.63984684503	664.996498574191
3903	209
12868	193
14388	512
5936.22616595569	335.632606479497
3646.42449430368	432
8828	468
8741.29625293799	298.975227544676
8747.26363922204	178.601183880852
5678	234.951656751763
4895.47864880937	210.444355002938
12669	454
12446	429
6479.39533237793	775.661678252312
9682.31794971861	743.916834701497
8196	206
3675	328.507806565191
3081	607
3278.98100103803	746.465859958888
8820.55522686909	182.843439351049
4515.61216070152	257.63916794735
13202.0243587419	657.825343565625
14210	731.048824080189
13644.4824681675	675
4114.08959496501	764.50004737977
2579.73642632338	601.663747469333
1376.3641713021	758.279669518304
10122.0013673039	374.76469518523
10484	88
12749	640.581220179646
16434.496409685	623.018483127389
2463.86748117327	211.606646269889
4199	403
1233	740
5195.48227168825	636
6013.61839151928	378
13920.4593183135	263.520307502882
4752.91832090972	419
2871.5628102808	630
11258.3349567166	702.364700693634
12852.1367060243	378.892671061143
14973.2771125512	261.547417258403
12759.8637732173	139.605722910406
187.590206185086	756.438974095735
12528.5113129054	443.98197748606
11545.4145573919	461.599530909547
10835.9456217316	633.52017016035
16104	251
12570.474025797	294.028361174426
3183.65234017285	657.43235599073
12665.9554462759	237
7384	208.459240411808
6756.72661614831	217.944763272818
15832.8382661593	438.765532580533
469	650.394039057637
5894	403
1268.33277235172	220.005473826267
5688	689.944728733622
672	448.485606700407
539.336718776864	241.770690020864
7120.82199654244	524.736467414358
11497	652
9063.74024716025	296.322081290569
15582.7117197069	762.618773511193
5494	474
1443	307
1667	499.553938709861
14034.2869501525	89.3143083026343
9698	339
10068.8770809868	772
15394	583
1160.99069573073	291.945870584166
3918.41915512533	618.446248872339
5148.40619347762	597.514658410743
11145.1451314239	356.196237051371
7989.78219835354	372.131447158566
10694	355.921814259861
793.252245911776	706.043288006403
7510.47933087222	321.490434299493
15462.5278834898	478
14860.6295638868	600
5400.39725658204	319.244265758316
11647.4346426064	777.702735550476
8807	747
14688	706.511027314171
6714	497.509200612859
13105.6792098904	131.974825178523
10765.8000158178	271
13465.272161131	411.700661592141
1953.46504346688	727
9483.04842011824	734.6638365293
13172.3846856815	450.6682309897
7220.05917271721	765.05358699812
1462.6820870763	361.139470037021
8152.50418331679	769
7783.53050195667	687
550.892332891155	434.20006621847
16286	281
4085	628.405631349681
4023.45099523566	307.490593863555
12524.0031051555	198.435274610322
4206	582.552515760421
7878.28765701803	299.563675499746
3737	529.49507026808
13456.677107662	334.672546456862
11427.9574069878	678
9173.18317253381	260.520034763188
11215.4625102755	283
1832.39972651432	226.852400150754
8659.6990562165	647.660769535543
10035.5501418997	496.517317303467
1938	654
14599	637
1416.2626006398	453.900404554736
9826	507
2251.27422582555	251.374228526027
1045.46661112186	652.551684784938
4987	582
12363.6521490271	682.304435689818
8188	297.54325682249
63	500
4472.52058897751	604
652.435699446508	98.2262060756137
15105	292.516337900058
8556	500
4158.61691120618	568.893963441005
11462	467
15731.3653694635	427.042122711321
1059.35164166379	740.295215126801
15698.8066732605	503.391939375564
1185.47056089619	516
16165	283
6178	418
11688	723
13950.3141289879	333.281479417856
14669.5066481208	603
10680.6545030177	713.897160166794
7592.996772542	482.011682460308
16115.982878191	190
14008.3511000633	296.795656885946
15533.1615074871	503.088859731479
6729.28150411571	673.662260498979
7190.61135440619	526
6888.66217513731	642.627435799411
13075.2004457952	580.899742795255
11092.0309805398	320.53075926328
12835.3632557249	540.669263543323
10945	609.492859465753
9249	512
10753	557.305493396494
10979	493
11713.3999434451	208.736492780973
11778	507
10920.56805545	192
1215	244
3675	494.554069648342
12194.4493814318	530
528	362.445888721542
6312.02982181369	620.519789936953
14036.6239529273	637.246941633639
2327	225
6993.71068858858	659.67760671847
16358.4920171405	112.027324705041
10715	229.544875063556
15918.4447873481	476
9042.99711895475	462.970786722966
5743	570
976	513.512849834919
3847.48848149124	698
10257.0908465727	586.985621360196
2670	484.443828576938
11328.1278147162	218.685137129104
1351.42294575793	432
6242.10810734574	453.200956590634
10864.5296913091	518.558841560403
11728.5107314098	794.642571258607
11847	545
12153.5718859565	587
12074.3109444355	427.677106799734
15933.1973477439	166.227594393255
1607.85691749882	600.396237712454
6970	467.560465347699
6770.6040258966	731.724652274884
9784.75787559977	672.74324282987
590.283175125989	357.321492696831
9913	723.02616041544
5746.5892471738	348.020525157697
11276	253
15938	232
10874.3997635252	312
7005.53706741712	509.80037013919
1284.14489765606	288.401934778061
14259.5463617024	544.531449297605
9353.33333968505	592.620598138924
3039.52506765222	219.438004914148
10032	378.540210710122
5197.98121240683	710.353182862825
7545.04843929768	527.993369400366
14583.6056419185	108.431960082653
4600.62406171105	533.318477792591
11312.6846568946	733.002156776379
9019.32372614798	647.388113189483
16031	527
3174.057901198	336.266862991054
5992	326.133175805088
1216.6154191961	686.699543468561
6362.63597732822	582.325919255963
14022.5798568931	504.323393999946
2638.66792771886	717.698314251835
258.445885810072	752.059527811533
2937	625
10474	419.015344311791
10208	249
1625.50798404879	659
7084	746
10573.0110886	275.452679969323
13323.5943293312	718.237113140173
16364.3599303534	514.500954237691
6698	434.558354897195
4613	610
1145	403
14404.4752013646	354
12217.1077145016	669.876401206407
12256.6740952217	194.027118902231
7316.60143874366	676.291554242935
9873.6286743327	365.792457709328
15618	496
11386.5596904539	458
2065.65744948811	255
13339.713437301	92.7053513653355
15850	690
14235	206
3561	509
9576	667.521339069162
11615.5157953136	552.490088004623
1729	630.425573527852
683	319.4310835522
9227.4568834815	452
6714.60833892251	366.647593982231
15463	91
10977	225.458386824245
10950.8146602993	675.21403174865
2802.35615820659	345.709469010351
4678	317
7706.91489951025	370.363860598293
14116.0878927999	358.749184828651
6857.4892045354	199
10789.7767565536	680.642392368086
3280.75236860757	255.774144331232
9571.90753200689	613.024430305555
8284.61135820082	194.613052199562
15199	358
12095	194
8752.32453385886	463.344127584971
14846.5187642324	441
6313.64149213929	560.308919192657
9191	773
8384.76824636244	423.000783005416
3980.02069300078	633.699222874011
7144.88122623722	248.766565235669
8451.02480176458	326.707356899294
2017.46269830082	208.848072863739
14503.129976781	289.408578085263
13956.7382673085	514.37261213664
6974	345.151452843359
7055.26104512926	682.979742552569
4203	658.448603007043
11032	347.59919281834
4982	682.465781439957
16457.5490475629	554
14228.6316571284	794.172247906031
2386.60304748539	212
14845.9241593308	358.747517307169
1785.26403480992	648.576268026882
16407.1229151533	334.218672424795
10410.868712048	303.401365457246
14918.445342325	95.6867965728269
15010	564
344.829699570477	482.590414584632
14330.0608298275	624.285157945326
9719.91170995471	293.839688916003
14931	300.147474769213
13145	88.4483210859125
12563.7330169499	525.413146690923
8670	399.683905684713
576.423057288744	650.520079023451
2953.68680142865	323.251080227097
1023.63353617588	284.34036246807
964.459644185519	264.609346817229
2396	765.515931767243
954	660.503116756596
8356.72913732646	185.112091034139
10361	170.383623082586
5451.48830238178	436
11779.5607831191	646
4248	765
5685.17881969821	759.609937454562
10776.5512065985	205.463602125155
6818	246
13231	336.00335118816
9079	573.491294935959
8608.87534546704	747.424400849687
8748.69242890697	84.6323768290609
4623	344
11267.3236886846	312.646040121193
2923.89460862302	269.577639403073
12070.5647144569	363.621148502281
3621.5210410896	550
1082	382.042466246225
3785.16400622374	719.940579070539
4644.3556624319	672.30646972524
12274	616.415646916356
15468.4833592731	578.516144081168
8649	514
9136.49399585555	541
3240.60102047051	344.414805887296
14120.3542488174	439.703482713449
9538.32378255486	196.326200943508
6359.48744724641	216
12932.5638373709	395.699091177722
2423.41804647001	443
10254.6483798156	360.803471912742
5638.45707734312	365
2296.52239149941	279.074620818113
6067.07953135847	476.792066171759
1606.71846725531	474.838524584675
15854.6460471666	571.814651535346
16054.0779104989	211.019096198319
2656.457320451	541
12433	484
10719	613
7654	261.449502914051
13730.0676840858	536.80951343427
12719	276.79135439587
4535	506
2339	698
16051.9375573608	152.626354312252
10150.3805540083	543.674738964826
6547.46598580613	329.534014193871
6065.55162165459	636
12375	506
2109.54164670634	498
12824.5971377952	673
13918.5867201319	694.206344925144
3362	672
4748.37531091687	585.474807842303
4459.4844320544	382.321203983139
15707.4650193298	585
13024.2927635879	615.533118343786
3085.1969164824	330.801022811757
853.524847838742	469
10259.4792547861	772
11289.9103758857	79.3968058840263
14170	403
806	242.593564809898
11906	517.519496971719
13215.4529371161	86.9238321862545
16307	679.542741224704
6999.58418534645	400.968189384274
3961.69908329565	191.327611140721
16386.7094380419	729.951987931485
3456	691
10863.361058537	459.273968782899
2832.72437740981	687.975155311591
13494.1837024698	459.821083711102
15287.4993060909	228
11517.3349810318	236.73830542157
2701.04082659683	433.247468677568
3436.13593225221	635.695707744531
10490.6456338728	146.781078163793
6843.76167282647	487.537731466258
12907.4690113774	567
7488	418
1359.49289609681	345
15793.2655030451	197.622229954131
11106	609
3815.08882777245	338.686861100392
15326.4845548062	441.728550947502
3127.31266846255	374.575739969998
15762	481
5563	762
5836.24396919355	433.648820213779
2250.23323780698	648.418329413268
2449	607
12301	82.4160141726976
2909	686
13614.9155350524	393.040901870151
6604.46077323221	735.246891833997
4146.85168246323	637.825669663748
11496.598866155	180
3339.09117772137	731.642322339668
11977	235
3798.00147154366	558
1778	565
12210	143
11155.9756547995	500.493467908165
9037.149300187	240.350311164896
10937.4595868044	277.494134745551
9297.40628763473	623.313164478107
4224.35298698067	708.790100933405
897.587957072506	630.010386110692
252.441556653862	695.570553721974
10606	447.448125237088
3054.63779622751	382.683092478358
6670.22500458494	704
1100	628
7591	654
4967	514
12590.5559621286	88.5319788573376
749	609
478	756
8446.90731679505	519.213887058569
2730.44900845547	779.551059117519
7826	517.490001461693
8656	718
3216.38180501977	273.99479634679
3516.97879161258	472
4018.32616469074	169.744650820982
2709	714
5960.0690917314	790.665216119115
4632	768.535203867114
8955.13283379734	647.7899806004
8483	202
12940	613
11798	700
8146.5304337364	691
8325.23431089916	498.594908076187
15163.6813494175	173.7029277206
11754.3769997349	329.224375854631
6946.60172595165	760
14571.060801027	362.153667122045
2977.56010283562	562.458924019707
9435	495
5263.44796274836	760.075471888349
11594	749.013213406229
1353.30091516469	555.56788665869
4801	267.530911272914
9645	699
6362	645.50610477173
9421.02603912546	714.669649676321
8761.25847730179	359.550987923047
7374.47373628388	647
9906	612
15046.5024612846	321.486631276651
2528	741
9788	278
10515	613
11267.4135842664	371.211392849686
9282.42025240386	225.428906114832
10276	650.550516206127
11731.4810754274	558.964337255664
6761	434.527762711407
4059.23180882842	344.394773070641
9805.70122628409	450.653319008216
9788.38087761007	563
14233	406.377820501791
849.92227630354	678.589169567193
4918.43513299178	568.733299556455
497.234442473658	190.204375749832
13773.5211094461	497.763499632778
10688.5893126331	432.796306904595
7763.22850263897	337.101867360686
13761	186
8917.49871899938	538.877345185187
9463	551.507358772925
4192	316
613.616813155486	422.455050082846
728.890830805724	494.302927223941
8436.61911802335	437.595548717029
6902.84037248136	219.528087018069
1079	231
7316.52081448051	187.477842785556
2312.45839568777	642
12644.9939425602	514.358276200455
13677.4228662459	630.395950356641
11161.4043055031	562.752085062774
8204.35241811181	736.222150125059
2367	451
2990.12653630038	255.373364240553
6237.70068922802	86.6316176679112
11593	502
8782	685
10926	537
9496.52442780223	620
6561.74001878532	562.437440018325
1031.49922485535	398.072022193347
14073	401
12968.6261341204	141.371355474234
6486	715.215528852314
2537	669
3040	674
11434.5006463615	413
9420.1784520598	262.757627847398
16056.0664092097	677.439014505519
10446.6992067723	620.288107714267
805	767.901321345891
5439.81229546031	698.537621887937
2062.62093251504	697.56225871798
1249.44772242248	535
8615.26334385887	478.636656315753
6589.3524217346	360
9933	410
14802	571.508828267056
14045	243
13504.4987065971	777
13675.9410628973	387
14204.1425707267	149.599018069755
12264.4884975732	499
9864	556.384482874609
11301.0903960485	665.737956885438
3984	373
8083.68034256823	236.862625688093
4341	798
11193	396.359391199007
14281.8066523514	362.657503983276
1583.99537875011	277.99072413178
2806.66172966171	451.320285453389
12507.7121092409	628.994728688099
8767.52622737478	246
16135	334
10973.108852604	176
9478.45378512892	258
10432.0217345971	457.924165241863
12334.5923209175	400
4174.41940253261	510.967072332251
14659	649.062923361513
11674	128
12933.8981189226	294.222664375156
13774	331.57269298047
137.584139875438	588.737171874288
15925.4273293619	681
11341	559.431401597105
1375.97436883034	684.551278295971
7063.49872761527	243.946465664533
14241.7030969847	303.615518313517
8549	600
15522.4271347348	196.045747924725
13414	451
1376.57691932308	290.999148470937
15217.4060800167	304.941419620357
13192.3640663064	774.385049263774
6014	455
8488.93743440353	143
9643.47067770134	456.522566380655
9332.59376159837	525
12189.0117242368	284.28554053972
13909	530
9638.03216843162	568.456697830125
12612.9407973667	774.500995003668
10817.1552401856	742.844124065816
14325.3115159662	690.887479865275
10453	249.931438685501
131.592087086868	213.038152882083
11972	83
11007	633
9568.43492355726	733.466224461214
11528.0199731619	345.834208384763
9743	714.492011741649
7616.94831021409	727.779076928992
6130	379.461786890635
13670.7509572781	217.875922145862
9576.06933374063	533.784854337613
10182.2433850524	481.608551333567
13973	224.905905791872
10563.1914572969	214.395743059625
1515.57055081355	262.711747707493
11870.5324064979	367.485013127496
9981	506
14539.4917845677	636
11973.3554978179	750.89236221547
15275	398
14291.5264711704	749.539405625173
3989.85196114779	763.551002870217
11414.5323998873	798
12407.7805401025	92.901317276311
14392	611.474189853865
12708	688
15584.8123506804	628.921348670025
16285.5798311114	553
7623.47231135522	613.468011036691
5724.48657417809	213.486574178094
8596	176.555312071199
12723.7905202834	337.970618045363
1112	488.4053414813
4552	376
11204.1839047618	526.502439887283
6916.43386439836	327
16382	174
11926.3570513746	278
4999.48910711446	454
15227.0762486338	118.438516904008
6958.44816049802	555.490477891522
16100.5529012464	383.642319269589
1793	433
6558.66765695827	210.384628138272
15850.3785232252	493.687271978334
203.443479549838	632
10732	469
15169.6981496691	113.208331405693
1894.60378611939	374.365459430512
5626.43346074351	661.518792294543
5792	531.491733635227
4648.0972076247	571
12791.869751187	82.9053203398843
15905.142824406	351.688372678996
16024	472.348813623265
14861.8483145842	663
15791.0333893603	536.032284826731
12242.4155034135	565
12298	247.55599071316
16199.7678795843	555.058942049787
2323.83410009514	399.346079795076
3589	716
14230	91.4162060321199
1053.45255595781	534
5580.25023701044	255.414796892547
8948.32249834485	593.023973459718
4774	652
14292.4847821818	96
9781	185
6306	488.418577610071
1719.82438637702	523.476135349913
627	628.145335548898
7766.99770108009	225.592266601995
12197.3850987854	398.189743139612
11805.3197932856	152.692908200728
11204	351.604700546311
16229.622320459	272.195916109357
12897.965484601	142.529040338878
10187	372
2061.60105537319	456
5752.52733223264	686.507248585809
13843	431
2643	610.472413338248
4879	366
7934	382
15046.5379767349	718
9902	241.840843235824
6768.59701695074	632.868651977976
9430.77762699026	321.745673436718
15591	569
11906.1210136419	775.285868282257
269.59306645214	416.692878123778
10877.5348964271	768.448835719929
4561.52224996042	772.492503408811
8271.06136211759	298.444087386445
15051.5665374015	260
14892.7888507443	154.621048391139
4836.38155835085	330
1762.34692814069	211.71234300686
12962.6559089166	795.696060676181
1780	377
15558.0225214539	251.431854387087
1281	664.511370092194
13086.936779181	366
11641.4812409841	191.640245656826
11794.1341380429	369.061102838732
5810.08352320812	676.487337689056
12304.4107387037	579.530774850785
12587	187.595587868177
11428.0304357669	89.4730550875725
14760	701.119188530936
4368	254.962965920069
10667.0895149017	149.056728687583
12517.5176417238	306
9859.96673705336	440
12043.5822976131	763.512058361678
2533.66010803249	558.120080432086
1480.92647936779	213.164147576957
12066.706692975	478.671192828772
13346.7322157971	408.757424863411
10647.4937643153	496
8236.50284863265	245.060371543772
7933.74514672665	495.29066666084
8047	472.050479571327
12536.4722491594	86.2007353849745
3505.67268530147	239.830208904828
9858.61443450362	196.185327571327
14357.9272902687	444.395331956006
855.997232352569	522.696462634908
6806	154.972950014837
5082.82032706272	738.545136506309
3486.3986410168	432
4426	634
10893	654
1779.3727948969	500.187019476106
11018.4897553681	274
5345.52212499508	354
1840	471.437146277447
1768	310
8879.28532559831	310.362494592541
1094.84004727527	688.097421235205
14464	325
5020.44540175031	638.823429947684
2012	425.548502702523
15834.8453502599	741.934397436782
3864.44113617981	380.501887380315
7422.29463997124	692.15222633349
11661.7292914249	346.339993810477
13598	459.557313033879
6357	525
12208.3799297736	343.169326116296
7534.58032404401	447
10611.4143690544	183
16431.474851422	794.580538697647
4607.69811239836	475.653410417047
7053.39297216673	621.550146235182
14621.4501828414	708.553939518226
9679	653.510666359581
9595.7286712017	238.654019195715
3972	100.464006083964
6193	359
13378	666
11850	607.478549697662
8684.65772851549	180.775785798463
2498	276.381542504159
12720.4246470693	538.983086934736
139	286
6123	730.909610189948
1205.29253155684	578.681080274603
5074.80791075373	376.605241245282
9149	598
7754.65045625393	756.93706934395
7148.42638159261	313
10610.5038637667	130.990405838952
1169	631.540985478014
10472	566
12516.5175465955	138
5614.90348640779	590.881237995632
15335	554
10045	603.112680826143
3250.13465651217	644.138585778336
8811	586
11821.3978827103	437
1223.77583398097	295.814954283074
9119.78882016234	308
11089	718
4932.26860194647	253.256743832219
8826.00994363708	638.508040061452
15088.4564843548	759.191830946878
12803.3339191489	436.138256667559
12562.5076797423	132
9682.55195032157	600.99146096661
6248.91677045821	789.349750305814
7885	764
12478.4523874533	85.7581558826701
13035	127
5221.61074359083	505.53944422605
6074.70468199394	405.098246728796
3301	535.620042527079
376	251
13811	387
14262.7365496491	703.871270893304
4517.72494861826	720.525147387182
4229.76296823719	204.586576057642
5702.98548185989	394.750520834743
12744	427
3854.1084075732	755.234345445713
10854.4497539155	698.471382431669
3468.4619339875	189.473670425581
15029.5723400294	161.442492659728
520	487
14252.3815741572	474.679095141083
13635.9522544616	314.343681258219
9925	550
12637.5789796518	677.257157806603
5187.38546285861	399
7719.39746195168	797
1825.66596423571	703.314777226792
13544	95.5187876796333
5605.60587787048	790
7576.77170664793	756.035862497438
14067.8356091398	152.888806228819
11363	618.577328259598
467	505.415656914919
11743.5937364583	136
9093.86704133919	635.545130468273
2863	752.592581337856
12280.6109036441	731.143487351513
9655.9617087685	308
13390	137.489205748648
10568	487.954436846113
1061	585.125042451212
2803.02044770512	778.482526542925
14937	654.527921017753
11102	82
10673.5221103545	657
14896.3598697452	258.102296790921
3257.26382191269	417.707256360422
10704.3794800734	294.624901220136
448.565749709229	602.115545345552
12196.8107594334	726.538880033245
6031	281
6165	222
5329.83540348886	735.035508141222
8978.55889582253	234.565165580474
4574.82767202978	671.900409926547
9015	588
12274.4614513797	366
16346	345.010460991879
2762.02838486967	411.334705296209
6258.99438177871	533.259551982438
6707.96804711932	755
3042.61842433944	546.055226254896
13347.729114736	464.224502550629
3093.26164394705	519.069118796095
9578.81727107288	798.278244932165
15145	398
15108.4924193755	146.51660164977
1422.41956046405	659.519790986609
3064.37852938493	274.757209108906
8815.30306283173	79.6025471861872
13020.9671640188	769
4782.05752980935	465.578293117605
8267.88004509492	759.276499096441
8196	435
478	256
3475	754
13539.3510715141	708.146074434544
621.559165924337	765.542553672863
12765.8430129059	791.933376854897
8219.12461119934	798.278496384864
9409	428
10572	582.623264088193
12178.6089356011	90.081993648764
1531	318
10368.5331155676	481.493370052837
10003	554
1447	730.53303249333
1628.45417397692	529.113636941744
11328.4389320578	272.584459405082
10642	309
124.460480751815	357.365268315849
8311.41228557182	445
8167.01162284437	485.472119175526
7191.64950033329	708.036972030243
5505.45525347626	539.208244170034
3720.84304882646	248
14490.9744531073	187.303141665565
413	94.4422467262817
14862.3428620084	764.700602735007
11613.6427023398	149.336149556912
2370.54028915958	266
5659	430
2960.50257783329	200.468689606451
5049.36096240023	687
14191.5214745761	527.352115956479
11268.450018484	774.002077120528
12842	489
10154	430
14553.4492122221	578.449212222082
4447.63512918762	249.351553289964
2112	281.568775936499
334	731.607706800276
13623	613
13291.1355074879	147.796426085972
9588	477
6445.17487067632	322.000697523408
16085.2648463361	487.042684557787
479	449.48774200279
2779	240.490566508996
7071.43736769291	414.039176933062
10891.5703872362	592.311299046256
13132.5591070305	630.846625051825
1874.08035517677	653.792306963009
12688	622.56758295443
2533.93131994284	219.572660199261
10838.1423368425	197.232236542411
720.179902649529	558.675621176137
14397.093367082	131.420666828039
14523	84
1952	320
16183	166
8538	210.559091668413
6024.42004308542	519.438994856132
10428.567015437	141.56885831239
10133	737
12523.8109938309	259.05236383687
10132	799.138874183429
9178	479.539082764025
4322	203
556	185
7125.38083094998	591.126740170793
10210.4940115874	310.422639510749
10436.3083526194	370.279576566067
15996.6461013813	155.456765172094
13578	143
9052.78874117665	526.799367017883
11178.5204420913	620.74246982798
10975.610790778	325.22044532768
200.182916765581	401.61380971813
12636.6747648205	161.656476906731
7199.41910041701	341.669549608331
12054	84.4901616414264
5032	514
9017.93774962193	415.00307385041
8711.95599176903	518.961737817852
11966.2572021788	168.226452915683
11265.878036275	201.916183893545
1835.40297020804	588.703524031549
11040.0336494096	224
16389.1763665773	461.859877781711
11377	739
12379.1331976109	448.579883586795
5919.17194727978	627.561741847519
4508.36187167028	419.701286281197
11454.5097355088	273.500647410531
4786.13782125978	721.139360680696
7870.506714741	366.552290335627
13455.6631972117	155.360346762629
9358.50609469115	737
13730.400125256	236.679268213262
11896	575.337644004858
12106.4667431915	82
128	780.006267424848
12881.3661037565	772.6249446777
5901.99883033887	192.055785756743
15867	240
10781.9215614029	615.022888777994
7064	145
15792.7113948898	690.609828000928
13710	450.989403635341
11365.2509103953	677.879337393728
14011.7533071623	196.162024927448
8879	605
6548	632
6661.34475981141	535
16391.5669384446	573
14719.2008037771	312.024263966304
14308.462608835	307.582045760337
2451	554
10314.2142199268	356.962845254033
1949.6448446712	408.280697070879
4621.95805440941	217.555429159308
14568.3378128783	749
10856.5012517134	370.702364477558
875.470663615603	586.0487522691
19.524712689418	285.487602104948
14155.2060805256	776.2567156653
670.50921517392	668
14091.486863803	480
328.814769463946	416
14800.0232937335	391.110681132626
11145.9012134042	251.936278667221
14826	707.405158915253
9916.92527878239	329.411887495406
7592.71262821742	410.002487088491
2276.64115066367	589.69217510292
9383.65952893121	650.95281123331
4961.77682385723	204.84061290723
5538.57018561326	360
13582	662
10913.3677170999	348.257744488101
3803	154.390813321713
659	502.597656521095
10650.1927631845	759.230484319638
12586	411
4269	668.454667110174
13029	232.574563616402
6567.50915008923	270.755807356112
4202.44248469937	796.503631716735
14192.5917119965	658
442.512092894665	726.558462120895
15570.2138809223	314.824246127346
14819.5838392014	240.402375364689
14206.4495501722	367
11850.705904298	667.228090773224
15898.2520820772	746.298418342931
15517.9581295224	433
1543	445.492283197387
13766.5535326506	738
10080.0715220088	272.440105034751
11867.5389854958	258.86776588983
780	649
15418.4274921434	290
8032.89976346396	239.36913573183
9097.03410468576	255
4552.43933328222	444.364108371259
2175.54968723396	762.11766997145
10275	420.587065270531
6988.55465480242	241.778930409063
4095.37598726945	454.931138443528
15224.9311794451	773.672382668306
12443.1011290871	793
13478.9633648438	276.505980501492
7107.36626909923	648.416673603446
5818.88523996302	191.618130556311
9551.52212252075	145
13136.27699975	315.69781956653
12899	235.495136862726
12923.8446805716	82.9166637562186
12721.6864890308	741.393998692405
12515.3294750809	692.863091581828
14330.6280081406	378.504643876992
15484.7003430897	722.373189318967
3152.52983193501	604.627127647387
6481.33702072319	92.5626150414438
7028.77624470761	199.656781589336
12875	436
5923.38768555419	687.63921775239
13315.3972089607	661
5390.70942807629	766.979689204705
4408.53484240081	785.814061020603
13207.4865759711	598
5837.01560786459	493.71189185533
14334.3762725114	142.692923735545
6885.00823184735	388.566445573035
13263.7153381455	627.603469657933
3777.52598701395	210.999682053567
6477.50092895654	491.231817617485
4258	613.433938840817
11822	316
12605	353
12858.1978929913	714.326308731164
3322.9689659652	788.74737914475
4890	616.404706173258
13706.3616014401	688.370291163604
13692.6077342569	510.274928547285
8641.23265588805	290.182819912783
4698.04377185247	792.481663135526
12143.3297964554	640.576310261814
2242.60825389636	477.165446159588
9782.52991817683	743
9831	330
3085.24775401831	423.408712420884
3672	173
10108	81.9893383530129
8882.47536868628	76.1152383720605
12514	569
5054.25166673296	180.784778096142
13822	225.516425787826
11243	136
15713	757
5982	258.440748406528
11455.7133640956	741.145775639088
13496.1642807855	588.785225071502
14954.3764683937	733.832162871762
9611.3300482049	178.618217898889
15396.2416867053	110.077927464566
14471	389
16107.2040795111	781.300281894054
14726.5659841393	758.605143296307
13857.0188747977	691.495150920331
12666.6627058434	338.650401827467
8046	411.621296461184
11443.5530597775	537
8500.80986120723	395.266859706605
14211.4725160184	582
10320	766.53981534218
9513.20755728355	516
14895.99797379	721
8611.50349755775	616.722781433488
3064.54497566708	794.88492514538
216.00733829456	455.544667419706
4256.59248192884	258.245803958586
5505.31268347761	190.727767761339
9526.31183329312	260.629513904973
6854.45695943927	341.443867127972
15583.2989944474	457.406158986679
13052.623663918	503.100014360607
4037	399
3327	431
262.780683030526	489.673000943585
1154	351
5865	633.447526991009
12134.2573873411	529.352548415481
16367.1190948883	792.557376251739
587.482835696369	587.113272538845
15332	371
5982	630.476292701983
10358.5637656458	313.000128511777
8550	432.455051889936
11805.9223635034	259
5620.88961988538	211.711619461925
4895	312.563617940832
6673.065536436	317.947634667338
14275.1926290047	251.057721425311
11304.4400549516	155.210446925804
7421.51828769936	167
14937	200
15279.7493817249	275.694115166054
1940.51507682401	213.433049526564
10230	529
15274.5541333168	340
6345	459
1568.99078957494	566.515386608503
14493.1160334907	588.890696113361
4612.88624326169	291.362784315557
4151.54076279155	387.732548081889
13358.5234017124	281.416371470621
2505.97623307348	363.054789341187
13428.644826823	83.4527689837337
13427.5620945195	555.248996077592
16106	708.560948554125
5560.50432994001	201.225012349087
13586	578
14082.0761541044	530.732518793433
726.145791463513	79.2190894668447
11344.0758229201	348.627376446311
3383.5832964548	196
77.4709906849949	744.519468280919
6409	507
12720.8546111813	479.203904005
3226.3246442814	704.584007036857
5732.78379193458	639.414784781776
4491	187
3226.7664480285	219.577667344513
6301	212
4832.09680938407	214.23295785693
15494	155
7807	777
15952.5324232419	621.012595387714
15670	198
429	277.556773461079
2349.25472628646	524.436087743006
13470.5746745514	211.46408521406
10512	265
14780.5343606361	198.00759452168
13011.7865416224	285.035171962516
5212.5313653383	203.088469914749
7652	149
1712.5779737338	749.908108177201
7571.95416122023	198.311636676557
4158.55681647855	441.26727628427
14584.5692749835	197.082420803402
325.390023283088	533.274600490433
3928.30558426273	370.393621556839
11391.1103019518	262.244996094757
16163	226
7969.46015564155	634.029778129277
2168.47404384261	486.833307321734
13305.7403052253	773.95244149879
12010	350
11090.2380583697	495.486802473724
3865	159
5645.15759544832	281.444014083941
12770.0242109239	703.436422179676
1836.44339653918	96.9947799287666
12311	471
595.489207730228	152.912952331511
2283.06169821044	705.075839837168
953.905169409385	371.605650751813
12807.8405104074	743.324862924254
11558.4567938904	141.064007855963
14708	500.082457719402
15772.5517722288	757.48152783932
14653	92.3776832192978
7842.53050379669	192
9171.21709321264	706.189909305413
13230.1430356275	394.631947940678
10575.6851872614	649.646588417385
5380.45421644273	248.992980668193
13392.2723691243	500.054099627963
14992	683.890042293971
6130.35518233158	440.628019772109
14213	259.438983891166
2456	380
2730.85261093048	472.304369250971
150.500579372639	472.011139640021
3311.64934870571	204.244463554184
10703	516
12317.1893149172	515.386358638543
3207.46478011991	591.931763079766
8367.47432432551	254.44556497661
7390.54884768502	450.468326251931
9528.3534654283	568.472580765993
1314	778.554024097707
11544.4359735483	613
16171.4157901415	730
12412.403515894	712.938825822026
16000.4022168857	722.261373869206
949.703438596525	200.755481806243
6424.44019225678	97.2604501365177
10323.0992322639	213.402696711364
72.5824946935747	617
11036.0490822748	530
10070.4683709832	133.627364506153
5787.40164844456	248.158753387755
12337.054629864	733.18152074083
3617.3083538674	220
1995	694
6173	93
16293.0856179112	214.985839278051
12896	523
13710.0343869375	592
12963.0040887734	237
13405.4960146088	197
7249	293
4164.48243603693	199.457785932627
13007.9254518817	185.512259866545
4518	648
37.2798286301084	386.866887305035
14357	316.469592506608
11634.386453723	461.362059815206
7010.8802725675	579.315444596551
13740	650.578738763722
8948.3147943914	84.6795478887027
10086.3863632261	702.929334000879
788	361
2133.47939629133	605.620893047121
10256.5907679645	473.873309775978
3908.34635763462	426.896808827995
5775.78591433618	406.86567164042
8255.53030499471	351.860612239889
4461.40652831138	758.242757260403
14651.3451770724	761.602657031259
1566.43069695848	785.047293120856
3812.23774721475	610.056498102835
15527.27648733	609.657653365721
7728.15533630036	539.4566870423
3457.25927085535	484.397007795985
881.582494453557	208.597060408558
12550	356.415118635249
6832.34197069486	770.624516219941
15723	97
10553.3148089645	156.408593467031
1382.45558340077	505
8111	505
13585.5327791816	271.532905989694
8088.75573890796	795.832063971465
12637	287.520724827113
12354	283.53945007389
16144.0753255179	452.274250682943
3850.55983323029	567
10.4377211620967	709
3592.53716236846	772.53892914229
15744.0006903929	638.118313167966
11525	81.4676387706057
8103	447
4207.42524367373	264
7499.31969750858	191.258426951874
13643	259.049038889788
13538.3121362457	305.346659698118
15657.1334761215	555.818457717077
4690.38602087689	102.522995068956
14855.1645587521	299.680496078944
8608	414
8116.09101892125	176.169128675512
14419.1038856791	192
6289	95
1906.35332153936	464.343721377147
5853.41593872425	692
15094.5903464938	412.992734854042
6828.8320754613	606.963495084669
5522.01434145515	604.947577404468
12998.7012317223	85.3765706059596
12698.7465279275	388.536291775188
11127.9401134826	131
1645	786.583425901867
1548.79065759864	680.135294828699
5495.9094675443	669.348439653095
10023.2844970957	728.582780983027
6893.52030285455	155.491823652295
3578.08451967601	434
3683.38733300798	379.612117211397
14681.1792345331	546.453161497765
710.405329521258	376.667360800938
8335.39202236637	305.455803026388
12771.5807212204	546.781648743082
3377	90.4541084378799
7254.17943587927	196.898758337995
12252	92.4409699692379
13829.5052993518	322
6617	304.505556339821
6078	542
2589.58383915538	544
11386.6827573782	318.457317338765
16419.2040723144	229.265026221167
5866.06814282455	774.505408593426
11964.3129778732	440.104039962376
13567.4142433595	357.1076661582
13749.8941332338	390.208028583972
15868.4657633833	301
6438	556
16219	117
2158.32450443221	555.367150925762
10277	721.493090774666
12124.3321048926	272.772401410194
11881	415
1859.29702534318	411.942106122028
39.0256265534544	648.502896641802
6688.46803102548	198
7959	561
16300	387
7170	188
3463.88430764659	296.741876854171
16077.4871563595	438.492123291955
2652.74074423355	781.817173883539
1205.22803090958	419.631285348265
1804.71112795192	150.433948290036
5571	638.514082399063
6430.63704589697	734.522075751002
9735.47898553548	785
15672.9890660341	306.803440777358
15247.6413000586	188.328333979798
14053	350.443827472253
10587	342.527072801624
12669.5499477687	575.036390396176
10423	84
15009.471187928	771
89.0213616283452	120.287885997925
12837.6418914969	245.30236558288
346.25615767643	101.636333604085
15772	130.097715123194
15810.5149937111	326.296963703625
10886	239
16229.1353176737	218.46917203356
3633	609
1474.05762575735	787
995.836717153603	566.247229085072
5205.4744506909	790
15777.1346843741	589
4949.32506197718	627.824319643035
11858	795
7064	510.508025904439
12406.6447430048	388.855969741731
6417.67137378318	381.434412288544
15737	211.575130173784
15371.4692808954	643
413	469.535644403159
6545	393
4265.26214497604	305.682084565266
8844	364
8318	248.961524496698
1237.47596339322	624.08441488634
14814.3875092087	140.387509208702
13885.2679922669	223.763587881504
10157.3873639274	625.848167133469
10474.66532231	319.812858612691
11232.372771195	70.3771941212406
12982.6401641129	575.926111535518
5210	345
8994.58304854596	705.467596261057
2070.35567302245	173.516058087252
4315	607
1018.88112188159	789.373628831767
7077.23539173159	568.734492744186
13933.6875822839	579.946597266269
15637.4005416124	599.734856601793
5487	392.435533280574
5132	680.591964249769
8619.7541632481	346.979208213479
4657.95214124502	159.945684153997
1741.93849227904	695.216923337537
10315.1293816715	462.711065651831
9868.246748573	290.01307445119
9977.43949433776	358
8472	82
11630.8601004834	403.316148104621
3810	396
16263.4562490236	111.413903851546
9606.26799290846	124.167790791824
11744.2393324336	729.233549071394
14735.7549933179	421.342867914946
15253.9656120247	713
4783.05095594926	767.481324833092
16024	117.45409438601
15516.3711345709	299.461884627385
14297.5903419029	432.210096402269
16241.3504917526	692.123869878715
9252.29255071345	179.275478061047
576.438724759312	83.4482898757667
13438	775
14481.0482996739	450.10093215696
9410.3148627598	777.80558015415
8444.69809033955	378.285357467847
15780	408.468410993564
9296	746
10514.2854928669	363.947025247626
40	431
5190.52710896889	291.411407193754
16465.5344209114	481
7025.31376749371	455.34781812447
14388	248
2388.79763855938	562.360187925178
10750	727
14645.4931832792	193
2328.94852733392	594.619598313854
9705.65036388273	462.007737867796
10193.0309536351	134.957447741663
7874	479.907009401039
14618.7947229587	270.376043201377
9814	234
7130.9997293728	697.56515088898
2.78961925604396	461.841381486853
12018	469
9635.54924324036	632.00521746138
10209.5064287796	429
12020	710
6618.23524633364	189.145611478224
8732.7875196206	405.220996466015
6535.52794774128	155.563029855674
10395.9807327086	592.28485284266
15421.5565409153	180.588067276684
1654.45531537561	375.123867680086
4087.39890637044	397.669588522411
3784	96.9240653276112
1157.51522108416	701.23869087141
731.503704601498	744.015340140437
13714	781
11924.2647020877	220.032474488494
10731	672.110521169908
5443.89047604642	640.711137460252
13536.463189189	194.440620584225
5449	771
2900.59003340744	203
12091.4524691742	595.138581623487
15735	541
11917.5594115491	88.4978309038148
15528.7261597692	563.484217952025
12497.7851293142	514.303553902965
11896	465
12937.3688622958	465.306895461005
10398.749444863	416.73427653046
14509	695
12080.2468124672	550.834544719458
10233.5307151217	187.673282818604
14459	239.946763765622
2744.71340293079	196.071125502756
11333.602080992	788.320973207703
5499.19571905612	797.685531512367
3585.66004948763	648.338272970422
1213.43741285105	173
13138.4579933812	747
15003	213.441732124249
12830	325.445270415897
15625	280
11042.3413588001	768.333228010245
794.675311812177	482.660638537278
16282.7947429322	341.099390677128
15331.5052861262	318
16242.7561539927	489.377835491257
9753.05805186807	237.276812524948
15614	223
8868.12924815196	416.749634042595
7909.57641298203	725
860	736.432484735717
4631.57874944756	93.4666674268471
16297.8061162593	490.630365130528
6612.39571000033	595.865120018204
13661	456.480363280693
12232.5571003757	252.789742325559
3789	787
9670.48397951293	797
9567.50140793601	85
3563.25281267307	593.928551995612
11499.2513592354	292.567016694088
2463	745
244	167
14967.6313638761	158.66303126684
8495.49813078246	782.443469947935
7529.38293864386	796.423819764002
6096.56260752606	191.483661419103
1052	127
11252.0077687919	430.938478780895
10812.388774352	323.301735174747
2689	297
14351	784.535021590958
9429.36905804443	137.791665373419
4576	248
2011.89277498272	749.197486251599
12935.2625208777	187
8296	88.4847356576259
7463	799.072492084271
16316.6356692358	157.315853471245
15207.7966427843	678.377324010551
3615.15539410595	485.035465665939
15994	214
737.825817038902	191.045189708839
12702.2564728591	148.295735743751
3413.51928406108	518.542468066307
9226.72568412888	229.767565389795
5331.24440188036	302.729437992211
16164	790.486935701947
13281.9520057512	90.0309882044176
3724.66954685382	173.368941204076
3095.95973320471	213.232675934042
16326	441.4058405963
7188.52979399851	577.573061667754
11385.8902192683	199.91588014702
8908.53204629787	230.413290364623
15964.3059891515	766.666385421911
140.849464620613	96.4407964993482
12465.9146849967	236.507631372638
2180	203.450323043108
12591	244
10621.6777079557	687.08710700521
8240.56794672406	152.50013423751
1945.09193104567	158.264392069089
5785.05546150426	463.16154238586
8933.63004452309	294.971837323955
14158.9194234123	711.541211775714
14634.9188063298	512
9026.18582529908	188.580992100156
11632.1310863178	285.509521193114
9668.64963999994	126.362105800209
12393.4623666493	316.593547368231
3834.65960346092	210.461810463311
12209.1862103606	798.373617708385
4486.69227681387	472.697005081959
995.15872953784	155.471007915555
25	797.56713810866
13607.3680331348	716.26221946034
11539	798
679.311874171902	174.437105592067
12140	706.380873739598
5725.50928225463	447
9954.24074985744	279.284355698634
6764.96585742503	794.498238719818
7359.37814163659	137.442450210983
13667	737.537208695094
4221	91
15290.7451752848	82.1258151908286
13031.5189141677	348.289636630033
6369.60925710539	96.7016681865246
13898.8073975396	633.080795355237
13765	88
921.634243154974	538.029871252622
5593.56945098986	316.057612965959
4563.45496385066	92.3870506863584
1765.48593432484	257.671289179978
11083.6110629095	375.802351185735
1826.05944968879	529.718285024077
6740	151
15111.461844886	201.533217446189
316	791
2270	195
11597	73.5192923620481
10503.4546426207	207.797747289799
12871.4079835031	294.80257503891
1086.4876429038	792.941814087273
1196.6776517843	775.342576008263
7744.60989773322	154.374450723654
13436	674.5385906778
15389.0432338933	349.901425428377
13037.8064867935	556.791842114617
12662	737.828684180568
11993.8843307442	293
13405.4889629246	324
10338.8763302768	410.036719959186
1171.2947600519	466.685773639141
10540.9150939935	776.740620220475
358.279490488097	312.291338370347
14778.1425307304	95.0088041901816
2994	798
5057.3438002764	270.742873805667
13639	156
5658.94361318129	170.475130819857
3685.53133222241	798
14687.4712218872	386.950484231943
15156	759.635865554706
11441.3859870235	209.047984212035
12731.5654669875	589
15480.5591587765	259
12403.6253045438	770.192143234874
7814.53745249067	318.910271642378
9076.54312276654	785
5997.09975413709	139.064364462039
1722.58644670769	150.843597296888
13959	733.505011696607
16450.6199925901	159.21135169602
11693.4994547409	296.345697220272
2859.43384390918	94.648113746667
10.0253172292412	239
5115.25689035649	144.626544388216
8740	789.551917266266
14720	101
5335.79700646958	211.669487368166
6482.92940647956	358.723907770169
11674.5406548527	238.579496385406
8605.95634640033	84.1752500268884
15051	385
8312.64807350438	138.274898881313
681.273446924697	774.916115378146
9257.353644829	784.082738720782
4603.61740972492	141
14848.5015801015	93
8065.47100340149	283.370839969045
10375.3303379286	363.308700939138
5081.54896179074	326
6956.94072467436	183.414380355232
10784.5390329451	788.489184029068
1150	117
10595	784.457321479317
10326.4662869696	677.510769227606
7868.26995991534	424.144269799042
13116.536326653	461.971887498349
14882	549
1685.41452040407	689.35961049619
3460.62511891457	96.3894248505
8351.42117464912	82.1894430111887
1961.58294009367	792.979221477049
5298.65596468521	253.917873367063
3193	147
7654.80607461644	796.36012997309
15071.6095334128	541.84320500213
13763.686088487	606.273273507848
12615.845891349	570.359883251701
10537.2366832982	532.77905912529
3282.55608268778	90.8985833671853
2683.5	94
5060.5	88
11429.6345381235	152.130287886697
3437.69875115041	426.652055410213
15104.7745207157	358.484620711303
12276.076694127	791.517492905029
9097.65147807513	85.0128880737605
13825.7539738232	631.512542648572
4505	350.422320960972
893.433676457805	780.355287835553
3057.30346665255	474.991155895468
10164.2871044403	197.312413034682
9949.50333652081	179
2072	780.525453454769
14332.9914606985	238.414092919978
14759	259
2671.73476794934	202.147469741306
13856.1058770509	286.297749935857
16273	437.55236359626
3430.95679180922	236.012144147656
5263.65043823655	89.745314444015
8770	43
16303.9916648011	798.515557168236
15515.8814290146	106.903125484386
8532.6735265842	84.7937183893683
2437	96.4571291873135
7917.78580852877	188.002752366262
5270.0222864004	637.564709865195
8562	375
14566.1658648952	691.846745873286
4106	92
12627.9500693682	625.416188799946
14028.6836502704	453.013539163761
8227	83
14750	370
15678.9549695096	249.914776114356
5241.26889701779	262.633419636903
14524.5782176294	361.519683536529
3780	439
8403.62658778494	70.4244531107543
37.417726646502	193
2393	96.417726646502
9750	82.417726646502
8894.45594830565	659.568288170217
12415	647.062034174248
13827.8651318505	90.9675412248034
6800.19219851419	301.285600821931
11100.0407213469	552.195212486457
5962.13690616399	84.4895742651488
4731.5306075324	742.636522660661
13787.3985926288	442.979942885102
15853	179.09732911799
8681.67747692869	89.6953256322361
9904	798
16479.9309870871	333.246039784927
8589.4565973017	790
7814.37834204387	381.098096779687
4350.49054387863	88.9815721612547
16031.8581368446	792.246883853566
16469	675
14134.0073242559	498.51202692326
5812.55827698522	87.9050236907888
15834.0230892098	797.547409158311
1661.54398139597	98.2004098931234
7150	137.418878782528
1707	99.0822048383742
16235.1796194248	752.087143548214
11401.7451191857	570.970414674644
1009.55707822655	617
6087.4279517015	776.442891924376
13794.5215760972	679.780324363711
1219.4316845794	97.4769945219018
13975.5445361963	451.527740901503
9504	82
11203.6837761451	457.310503105669
2359	157.063457435396
946.503118157566	599.995606564702
6113	99.5065620489752
14288.6215347039	589
9506.06979290636	786.439780664688
3203.08972759254	91.3644830169535
16077.7308542032	99.2485157901516
5104	216.132302225458
9018	87.4730045025216
14310.2116521943	192
730.010886309907	686.611488060336
188.830762700994	343.54743679375
11474.9449025113	788.351593192622
13713.9042190977	343.302113915277
8783.44253354914	125.851435691092
9431.90685994023	83.0627769406176
3519.95323473309	166.386955952509
2132.55357970122	156.065389028722
14415.4682441815	288.791545646285
14617.8120136736	157
14617	798
3260.93684173074	153.354700835607
15525	766
12248.9388639025	304.437996310092
7917.79484104427	440.253407193775
3394.51871514139	462
2510.71089734181	97.4634043272387
13068	799.174690322995
2431.4316242648	156.071340525875
12692.1932219702	790.945136742914
3504.50939327909	91.3977274957734
13713.7054939814	88
10195.5040642742	574.100109654456
15757.6771364501	68.0686357995903
5210.30960573628	90.5585538552353
14659.0320404489	298.351520299742
2269.9442152348	97.6205579199166
16244	163
5377.06328427725	92
1332.90266054582	176.521164246705
2998.99858390557	93.9863891263934
15591.3575557105	165
2467.15465301169	317.115813236555
15955	119.520568735569
2200.39757598949	96.4386163622404
15832.2798388455	122.654899290348
5733.37273714012	91.2893302968228
2607.00166951115	204.539876931656
16202.8000780824	443.492553945082
6278.72661060661	140.584956857587
2763.97153867022	94.3754612854785
6737	84
8016	84
1395.09172375222	196.480819604698
9977.15008805445	232.571676770348
102	551.55234424796
3589.84462873559	160.769348365189
7126.93498654778	83.8327976920642
7282.5	82.9637952493346
6046.38746166543	139
11729	621
1525.49961349482	97.9083587306135
10757.2583353355	333.500230615494
280	583.497217528094
9368.07938257364	296
9195	139.611539478673
9748.61162976602	141.627853529039
13621.0099005378	784
7887.21437273999	239.095945485702
9330.17474516522	786
12077	711.561884678802
15319.4629673423	613.025595982215
1895	100
6391.10981518139	171
5489	95
13787.7921758781	785.475278596231
13069.0785489112	307.085395141905
4167.56774189739	97.1593996502547
3660.18809614594	91.3600523124651
10169.9085537929	84.9396424106912
7211.33722562395	149.071651748549
6839.67138669647	540
7005.98650585587	81.7117655919924
4757.86024499752	96.2129616315083
14789	755.321219056593
6153.60044907783	161.286933851393
2713.55288829189	245.399324896217
4504	794
10719.0413128245	773.196919957941
3149	93.828049418171
7396.15233589918	798
2648.50632573712	249.162842132443
4849	87
14707.5344429496	249.449662655482
12203.4602702072	189.581658090989
14512.1565141271	745.612198691931
39.9810931337152	132.610509624388
5182.5512820402	141.198886120103
15664.1234908167	129.371797600794
9337.2218020755	189.488253274038
12096.0460758091	661.144840024791
15628.7959418391	340
4139	153
5110.00075043669	89.9529958710625
6203.90763650857	143.059060660812
9334.5	85.5127060427291
4484.20102303484	90.7010432968345
13487.8699431056	113.524970283257
15191.8227017221	726.721213906001
11646.278130408	73.8076379328066
4725	159
4208.38007310063	144.622631863803
5528.59124840052	309.301116988455
7466	82.7773179274694
8119.5	83
10227	82.7773179274694
5722.0508050491	141.497795748039
15904	799.128374772165
15265.6496425646	453.090120811766
5627	99.5265465667647
13698	156.483836817183
6546.9301475926	83.4975443752205
8178.54320283622	147
2999.75051465846	510.786978391779
10017.4660766056	795.545640810175
4427.12435936063	89.6936051739191
7842.50967014506	85.6232320397956
6689	84
5094.47656661961	798.506499186265
9486	139.985328355517
7541.41060110902	84.294052747705
3052.18796719874	93.0892687324534
1962.52913244943	96.731259273594
7608.50310176654	84.4122021864199
15402	227.971281005713
7944.97850140487	85.117022589557
14369	187.91938465896
820.296208473193	189.306653771448
3098.59094522184	95.6266781683835
8886.84918317944	180.156737082925
8666.96335615594	43.47713547395
9377.14441746865	132.925092990548
13967.9586301006	798
5328.29007325433	789
2699.79283297454	135.410811863575
9810	83
4945.35214649425	89.46315994784
16070.1534918244	741.258810731533
98.507636442137	42.5809121675149
11106.4204281634	797.090050978947
10324.5037561283	83.4764656330135
14482.450777076	797.383583248118
7004.27843651795	149.813817553373
9065.88865623346	42.6676605691466
907.392551893443	98.7576709949287
969.392551893443	98.7576709949287
1367.39255189344	98.7576709949287
1448.39255189344	98.7576709949287
2131.60744810656	96.7576709949288
6915.39255189344	82.7576709949287
7226.39255189344	83.7576709949287
7345.60744810656	82.7576709949287
7722.60744810656	82.7576709949287
9206.60744810656	82.7576709949287
9286.39255189344	83.7576709949287
9640.39255189344	83.7576709949287
10006.3925518934	83.7576709949287
6468.86514087328	152.475182207896
5804.5439469355	798.438135067583
849.27117480183	98.997822983878
13637.7288251982	87.997822983878
4965.8791079586	794.495619041379
13798.2805742127	147.472330375873
11370.8153440326	147.982054756854
15129	87.5561788283566
5580.82250679347	107.390216761419
6336.50583622172	154.480750318313
4999.14544859635	146.51277277507
3640.71976103062	794.708939626421
7305.36759390763	789.679615157473
12636.3967786741	401.775809080675
13891.602864205	323.754725188277
3001	160.57124917717
3517.34756252866	287.987540671105
9129.93471815733	148.122406090102
4402.88391461389	202.300872811343
4511.42376829696	134.365787189446
2042.35205517162	98.8727248143229
3717.49462255373	107.455630022373
795	100
9305.30647120837	139.708248225305
8545	134.546430222544
4857.56180954503	798.831728154717
6656.51796871254	766
2126.63901353435	798.763911199158
9242.61532092361	43.5784692597325
8725.35850461944	45.0717180696123
8647.54810219423	139.378892457094
5282.15521148567	201.09865175079
15062.5218213399	204.160990167772
4928.33675736467	153.160775425284
16260.5009605555	49.3731359569898
14677.6163340479	151.476966703698
4772.77482379148	143.468430335302
3424.07056181067	147.264896345749
2348.97866710475	101.95303645016
6868	82
7599.5357735041	150.124030466874
10203	634.157526050461
15621.2665448114	67.8386921850998
5772.23660628003	147.059507359151
8803.07492541318	798.073888703084
262.989792365499	798.765164534172
8952.14688340926	181.194431899611
1588.40982387353	151.940772926272
15638.9967369024	786.574109899162
12371.3537280811	43.9657959472256
6799.5	82
9841.17515442729	147.160637524193
9621	43.8650054404759
12194	36.5088211237125
495.500701068541	799.048714287829
5856.68884070648	142.623226995822
8723.27974151326	133.627082884323
8858.94703686491	131.505368716856
12339.5359268667	790.523188876227
951.05109790932	798.644504170993
7258.45028501077	137
1433.66581362032	154.924195150557
10649.2639097119	25.855089201366
5370.97294771732	159.193109612878
12833.1541751473	784.901848234767
1524.03303266716	161.120189945817
445	56
7408	84.9249051373267
8067	84.9249983829596
12518	46.1135519084136
11010	43.4356024636487
7484.68094841198	141.905721688337
3147.148922951	147.776757084042
4880.4796437506	142.76990370391
9888.79273544078	150.432190684225
3795.71722833533	53.0228120303397
8913.83283826894	128.976524466786
15050.4493248441	42.3474993593125
14755.1377068051	148.914940933767
15852.0680164184	43.9713611582912
16332.4407094057	58.7183293515709
15952.2304531192	43.7707508786795
2877.00902159896	158.079711725744
14002	45.0738950191058
6889.62314907159	789.71429018855
5605.34546398775	159.381205399451
6140.22495829503	46.3171809220564
15675	44
497	44.4564729799486
6505.10038770226	49.1490874045872
5524.31131393758	59.0700751196212
14319.5468466632	52.5962300830813
6548.67395080424	35.1368041586646
10309.3404843774	27.3829378533191
14198.2188070562	47.421238814612
5611.83548921777	44.6883431599419
7114.68299946578	24.4717775647415
8010.81859609342	13
