12766.5251943473	724
11969.3767182489	694.356245155177
13184	721
13107	723
12570	721
2302	517
2629	722.63095957926
5591.5243207671	533
9306.30598107184	54.6484545444814
502	549
16796.5674452504	542
12796	492
3628	334
1593.49253188038	591
10603	713
1555.34026338873	517.278440180238
16756.5111205425	373
3262.36510214128	546.2984579302
4121.28296376017	160.321275775097
2912	403.508979453882
11538	689
525.546713885022	353
6348.49049545686	712.490125714372
3502.52932171374	593.249941880232
2710	711
7780	284
1428.27180896374	212.956607731619
9878.4867915526	333.458663696352
13723	317
891.541094888619	701
10122.1775117484	360.410356288081
4407	197.459220456199
1854.0255693362	528.068075352328
2970.56203987057	666
2897.51294326477	696
5245	568
3911.68959275515	638.635018222576
12200	214.524703262443
9539.99628155817	471
14481	558.513353421953
2559	716
4348	622
9109	105
9671	355.451065519227
6475.96139710532	413.979530453558
12128.8997845258	762.271686556659
9287.46566441473	182
6619.50031439697	494
5228	64.5466041031056
2045.72735421058	481.561592064126
10378.5245100204	640.537403527529
3448.07980540722	617.204412858075
3803.96123506531	707.529639051368
2358.76773844705	533.712452789981
18194.5739820784	641
7512	719
1160.42648653346	615.942348317132
10184.7734648518	443.934070652316
3412.98698256057	205
12309.4119627461	225.164760774979
4876	161.552777841741
4247.48523406462	649
3668.87050130542	537.534942122824
6396.47197183385	734.065143042486
840.348528645589	662.719838730212
13839.4654335855	532
16151.4501278633	491.539210576806
12062	341
12151	494.464103238935
583	379
9817	188
3304.12583053532	603.134471657473
14268.3703236368	71.9402246997505
1794	562
9460.13786059969	65.4347828990217
7810.39354232881	555.80489635523
14481.8098019921	493.586318090802
10969	657
17926	501
12131.0169092743	378.980418438793
5840.17808818049	93.4278707056577
10807	720.457752930773
18309.4885192788	88.5780206146479
6703.62970946168	505.951251577478
1634	555
7647	123
3458.55730531055	554
14704.3363007211	716.640616628863
3369.50409817667	408
2234.43867066443	508
6739.53796707161	576
8116.49360995876	400.748153556493
2870.44031176906	270.460518449074
8056.46344282042	292
13292.3707687615	58.4304527916485
4700.87707928666	336.155472091221
16980	657
5670	534
4892.6299676394	660.651794650295
11270	682.539156833424
14366.5399669676	437
8451.35352652675	341.08653458246
2876	455
2812.05759669847	381.021526979851
6164.55600938439	572.524121280443
2024	125
3106	404
3567.42353893787	687
1457.72152286844	459.701443038705
17247.3805514024	110
4423	737
1229.52387178495	203
1987.48281160538	512.9663417388
9402	314.563879633821
6394.45990802082	416.308488103837
12836.9493067305	546
11871.9220960161	754.29689227822
17582.779497576	175.581775894318
6287	25
7100.03542074828	101.276830119424
7588	718
14670.1427929557	48
18444.5541228379	543.477657202693
11471.6247706094	705.688359450202
15931	570.032081058884
10354	278.017140322849
12906.7948724326	158.519709343887
6978.41591881227	697
12044	477
7092.53320381226	36.9982198918781
4880.49940386228	242
7436.88550935702	43.8823976964269
15924	507.465672382345
1890.60961779082	130.290440692894
9386	80.4798980308637
1849.9501436063	646
2389	151.454773206296
2958.4140820461	455
3601.31775208026	192.629187235176
4305	664
14996.8654054044	539.774101320257
2856.51119229885	521
7843.04275042137	237.70830181753
7545	35
2701	183.415637888613
16600.5927222996	603.267187277612
9648	518
14192.4138054796	537.479038360943
2227.50633287772	115.483997374606
18112.5631790713	302
2965.17863605106	354.460334632596
13519.7286031536	268.022860127108
14906.9939059894	593.479401786645
16819	464.987055967574
10010.3666107991	631.644887987836
7694	609
1957.40979738908	155
5281	518.493080796091
7709.7592879686	262.529712153476
17892.5964018983	50.4770757384511
9605	715
7857.90328276429	491.345440552391
12402	251
10663.4820202361	641
718	557
14658.0057185244	704
7900.49358163997	233.489066462144
7065.45435623205	602
5242	130
16691	179.48523410714
5514	407.413739454576
11913	674
9846.74767183639	633.88295249534
12437.4589873419	730
5538.85712385018	165
14128.7916328372	736.645595126289
794	122
15894.7977680719	152.812606033148
5917	386
6960	175.548328055468
7462	106
2976.55033289329	570.152019871865
1423.13436317421	395.765713309629
13233.7530471898	620.887200801089
5778.99992466999	348.884369283622
3258	382.969927359242
9585.47893598943	413
17155	451.51667721936
5942	262.574220968088
586.355837695808	694.670878601132
6174.84578412864	460
1530.29151922211	461.598637004134
9385.42263778297	254
13782.3360805017	380
8525.47128514249	528.455638202367
9630	585
8871	603
9416.523868537	692
7362.35324183071	183.292885536693
8201.9028054727	391.444980730974
4763	31.4871612386072
6214.28121678124	687.42776830336
15768	582
17498	356
5822.00269283704	567.206773598271
8433.47764282116	274.259205046035
12271.1387585031	721.493983689311
13372.488267647	704
8454.28647264057	179.077545019259
8940.42711222201	352.804894478339
14766.5567666729	345
14752	410
638	581
12808.2769419751	340.685695151609
1354.33081885104	603.179294636856
9834	55.4839636313485
3120.54937481409	612
8833.74170466173	66.871306357176
16031.4962985204	454
9830.14720884256	502.722489121998
16410.6063985965	279.442500335939
99	368
17786	578
15614.0688662125	391.712282338043
11317	624
11423	651.944238705347
805.665485231202	519.469132025329
7601	624
4682.43601582009	37.3457088887062
3606.32141604927	553.355480749821
8121.63319992271	313.327307692624
18347.5320814841	35
1802.67060849675	170.628889030829
9828.45617508957	573.07401629914
16651.3040647309	587.71201918577
3773.54341572164	586.524273147287
9794.95948341089	681.453798558337
3871	206.447424238943
12920.5114899476	726.408579220937
4303.35486970602	31.712539316322
7014.43689664439	186.475757388794
8149	72
18425	424.530765319171
427	706
11222.7545570029	61.9984326210719
14441	418
14908.519956138	102.988490080599
7117.51975688723	158.068847802899
3517	517.911972114375
8836.70757478953	537.368233544339
18073.9002318387	401.475064525265
12286.045959187	453.022496740042
5477	40
452	351.995812191023
15139	703
500.999176669092	425
9987.7841346192	99.6203547586249
5377	239
9925.09417987304	576.475413953057
11503.5463582693	572
7418.44887034831	748
2048.10928481748	385.86011277824
12430.7461418108	676.164703256302
16114	366
8516	162
6444.71555898036	123.617482417542
11033	162
14206.5106034401	475
2554.19732347265	531.018144065445
13988.5348938355	338
5327.58821131296	35.4834941040294
17955	453
3230.06506670224	29
10658.476371011	374.744580560009
715.561449429925	471
11690.4603725371	521.471836472349
4681	210
18270	260
17230.3928863793	439.328337070684
11219.7688270242	440.378876426699
9357	652.625633648707
10471.5938479786	529.302210384255
12954.5059299287	583.088160054808
13041	623
17070	118
1501	614
6577	732
829	586
1731.13432043527	490.141167387159
3565	494
984	561.059498991789
15980.8096752948	333.569651073629
708.273778074152	93.3361086203899
17346	597.560853225458
15545	81
7200	107
14536.3624143361	598.407152020831
8782.83129701149	622.226809367968
6298.120625256	370.71684905565
12875	598.431810832459
1646.71996185869	622.171404930243
2782.08376818436	683
8138	247.531254726207
10718.741365694	140.986415549641
5375	568
15100.6349675465	523.243766183296
3265	446
9919.46254679104	379.510795145625
3460.25351899793	331.336038267265
6869.80316966667	540.586502702907
16922	56.5209494525971
6729.44637116294	440
15899	62
5183.53440655926	99.4919951009753
14793.4451791539	284
5485.47212024148	597.976569101775
16865	550
16563.8212042133	254.364211405115
12225.321764077	626.630955598186
9683.71736778417	467.5239454247
4300.56787031839	282.374347770451
14941.3817754692	432.588559086363
16389.1315394001	523.300338408199
8034	201
6100	286.555054539915
13069	664
4595.19858371967	317.805720574671
10238	164
13789.3918121008	305.282923914748
11264.410785762	410
1008.16134588431	144
2812	69
1101.57909993455	185.211494258283
18294	570.458772073649
8400.43403626445	398.440993979162
12025.570094061	711.733074368362
18457	312
8711.54083428961	92
14717.0158677636	253.982249480098
4751	368.542363680488
12142	286.514222446046
15453.0225685669	141
4418.24403223088	438.368394227779
11138.4834440744	537
749.198702772295	644.60760598846
2561.46106161747	655.18969801836
6073.41536457523	471
5088.52695720767	55
9834	432
14196.1299626657	128.594137931912
16563	555.301076273342
6273.90889032797	701
6837	346.535643567369
3317.47281224409	539
7323	701
10166	534
12051.4520759844	603.547924015635
2088	592.513008827621
5723	67.5107581588218
12650.0250006485	128.673999694355
15160.3308961367	404.635500253114
2357	217
3367	489
8111.46043506056	616.46198122941
13224.1924908786	403.312588369572
17932.8500187608	596.934699837797
13815.6906877506	604.641409456952
12295.0147588693	661.527139072321
13638.7100611125	694.724245582859
8321	538.458427293343
14769.4869149585	640
17626	353
1869.3886795633	324.820418733932
16479	374.738212578045
1329.52814927972	386.5260303262
4041.83147531945	626.346407887998
11829.6317475048	243.672320419695
6733.60479041974	371.782050546126
7584.51199290063	149.497973245468
15997.7912308159	113.741246516084
4398.50626577378	136.444920803766
7379	38
7039.9815426443	702.43511292219
12610.4993548637	60
7864.31426638535	642.364084996819
8404.44245722607	130.572110706504
9659.54422283039	288.774409846438
12942.6054872139	457
3869	309.495808453861
17827	224
10578	211.512924185982
5890.46624118454	573.563809252514
11199.7432874494	395.605542718222
9977.63230249918	255.068566947422
3221.17636965707	329.241817688753
14973.5130661848	384
11936	628
1637.04822549098	237.487019123935
12362.5442274033	692
6191.51536316373	207
15407	358
8011.77237748013	130.709434390257
8239	202.100142722445
12190	135.492353921391
8425.97493674634	574.065833169481
13758	598.091165006604
8052.99403952461	677
14208	263.579609879791
6342.50662540012	278.48297722459
11237	342
14828.8847936387	416.4326110488
14852.390898588	711.294072815507
9903	469
8784.51876725281	438.973775485018
1207	31.4841116360522
10556	692
6000.52349063282	452
18328.3358506592	158.693927447264
10248.3262364568	602.746282280828
3971.1532638739	518.571839095711
17845.5482104596	565.433753942249
11882	495
4787.51885289413	312
5381	700
9155.74484772239	381.975806436204
4104	39
12661.9180868964	694.844358211391
7172.5579316887	28
18053	544.990807785051
7498	265
13444.831656733	399.741174774923
7769.53811358774	151.509550839828
6818.78929903853	206.048618775974
16127	119.910288600177
926.472568225815	386
10460	732.507819355721
3216.5077199878	708.462505505595
13610.0100850972	111.271005954321
13174.8194458637	455.332413143601
15203.1953184804	692.858317948175
13568.9350049058	429.487750663386
14591	540
857.043286248653	464
17645.4599011991	223
8889.46433385683	257
13328.1521005641	591.045270801495
13848	206.501006869792
9607.4963050408	288.509388061359
16596.4530325241	319
17441.5031590062	252
6398	659
3162.01892666549	223
454.56764858949	597.807426281066
8671	393.562539565918
13262.4869762986	442.422201748072
5920.55622908851	449
5181.37458132626	496.086491346759
14353	652.477297729668
1931.40167041047	326.969728352138
13792.4816691681	543.068366316229
18103.6104401217	557.414108214058
5591	151
13443	688.483706050529
3861.20451491264	552.620942713458
5297	91
8648.08964236117	104
1488.94004545379	404.234748813979
4961.56254109896	147.429314960494
8583	142
3727	346
12462.3148290504	307.601720396907
9778	117.857576409571
7035.02692822289	246.303151940676
1390	488
10093.3751712953	457.702968974309
4547.81357052539	458.401393188425
5987.38823296602	349.519414979377
2167.35810470365	84.27281761151
11635.0427358451	612.421490641608
13919.5014250844	647
5717.53155059259	475.009555815816
4612.68779798416	424.455281729463
12208.0590613601	302
5962	409.875136250837
13133.2708945349	114.684681862317
15041.770648242	329.468371186835
12529	207
18207.7181323883	453.905048236599
5778	55
13191.3993805757	642.869415669773
9410.60927696506	444
9243.65373716143	639.351763025968
11943	410
14840.4922191733	218
4904.51461889649	300.443963958073
4092.71400803605	668.320031550509
7661	254
3288	209.360742141972
10541.4930617636	555.571335028233
18267.5410608478	194
18163.0076185309	573.074026608
4701.7799571607	88.8316702368401
1161	518.67463630191
8505.47201705864	320.756286759604
94.6408223151515	241.855392924593
17372.4130451924	134.245902322178
4156	452
14166.5578387414	313.442161258636
3860.48194647101	751
17618	287
5613.36513091935	292
3020	341
10285.2876849006	722.60081192591
10779.6839360482	172.971478998842
13479.5068398372	659.998508463659
3352.14420488264	617.633357892989
11897	350
1071.35315047919	237.280163530214
14991	293
6725.01758903613	697.486605443789
3977	741
5524	351.555892429982
4029	688.429227613978
17346.4863089701	430
10749.7126218951	416.745437902506
18059	145.873744514718
7885.99121016459	550.686177485384
4906.01878697031	449.286948764269
7079	516.605115341457
9596.34731238707	483
4938.77784446656	69.8761736740856
7227.61929460384	439.855384321907
2741	579
12736.146871318	359.386672925417
300	103
2029.45273710215	565.030218804198
4903.463624651	11
2878	206
17016.3298229615	153.669375035436
13057.5275606331	751
14655	552
9561.21567779354	700.390531137766
17502.7506953537	50.4685644146147
15220.7608639343	373.623966919493
9136.24748387556	451.492664348309
7365.92312158888	472.49121750175
634.443049680118	168
13380.8542421433	208.600359466193
16063.4985972081	170.970932603497
253.740247317111	640.607816950288
10218.9655519615	44.8726883026073
2511.78525984446	661.444126587212
5593	32
17100.8377775912	268
4027.73215284089	252.399896282455
7433.02133535285	654.948196918159
7241.73764570094	690.403255985229
17306	138.95518028469
7202.94461641768	546.48498344921
2857.54010836339	651
16240.5085690817	615.538118699096
7078	460.541666268407
6718.9919201582	242.716223146586
6647	687
10318.9991399091	64
12255.8319990282	197.717903562505
6424.5263782942	375
16194	434.490932714979
17128.551822985	134
14228	593.404233705169
5081.24494176939	436.119677171464
3167	654
15097	358.548940209107
16737	467.598345201181
14375.5993273179	703
8848	441.498162465238
17480.8501205734	584.254642146834
9916	686.825500685712
2284	639
3575	130
8944	251
17196.4922191376	524
16135	254.50430878332
10657.4913221563	459.4854228746
7258.44845681871	92.8728177251727
4162.3737377484	700.580087539016
16882.1620663331	119.657902728889
9043	548
5022.96251500724	161.256774566344
12352	565
5042	560
12098.471819346	683
7387	683.024775046798
12275.4769417898	271.566163986817
3978.51749896617	229
4636.38769330379	96.283122061974
13065.4259805031	41.1765404295119
8065.48758191636	89.5870152975517
5830	328
13863.6664322197	285.715944859641
16524.4676693851	383.273085448915
15538	628
8575.50530514981	562
7370	106
11607.9827615071	391.56582183674
8475.34600119921	238.671309998632
15705.4996207356	563.555169206603
2652.10479164127	146.735713072598
17330.5508317554	334.560679952931
6356.53215999267	230
995.534507037033	36
9957.52879477	353.192664988558
5565.22813298457	397.60002244069
3629	491
11536.7060448148	516.331239904799
13582.616981828	593.3299915744
11222	241
3174.66049565255	47.2960355210075
3098	153.565381941044
6985.98598487588	583.704683544215
6806	457
16446.0401594477	603.500550770916
5098.7887011031	569.278216598818
5324	273.962776863317
3877	441
10931.5748585035	304.750458015213
8280.46907907977	614.455266746324
16360.8092761886	452.415970395856
9330	115
1583.12491105083	222.873219044417
6219	531
2549	583
4313	220
15785	343
5546.59819159087	494.142514856284
514.630261642963	187.248255156673
8818	256.504897337026
976	625.517501768448
1247.03859634502	147.376281441884
1895.56758899705	441
9716.34530354356	49.6744658555835
17898.4584223012	407.223099166081
918.54746504585	201.530137359388
8395.89586148682	645.485920988352
5072	506
11271.9801408259	610
8120.47341580299	127
17592	505
7903	376
10011	543
14671.6325474021	287.138607019596
8633	448.478291441234
11420.5403212257	374
13874.1437199183	564.597586784676
14720.463624422	594
3281.85289912285	307
10330.9211063887	620.418884209457
7973.27038956796	592.515645820689
14286	129.592668550327
10725.5440299604	353.596871421205
11325	708
10843	569
5636.30746230806	191.637044854146
9423.5229413894	193.318269055314
11508.2624894982	461.173658855914
6321	599.476901713286
1090.47771071624	525
9463.991579015	561.954745156127
4847	104
1734	277.442016465703
5910	206
576	639.510891895334
9861	707
11220	637
7268	756.517908345219
10095	553
11041.6860779404	385.561678484275
14533	475.621102458801
16932	492
4598.03123208339	204.999429414604
9739.4772129836	397.722744334197
11704	343
13328	664.54339037962
10836.6923452468	379.962546423768
2162	201.507803540705
410.503051636445	236.481425417007
12707	428
6556.25489745781	536.257808967167
3135.51258677114	276
12357	103
7941.05810428965	301.726600514325
2449	201.455860068512
9012.8613197989	56.041077460644
527.236339383325	129.610663329782
1324.59216096064	88.1483147813552
5491	117
12741	607
329.081087735782	358.353417862348
11024	653
4481	619.57936891418
10253.6251057847	532.268316035864
15479.3302338832	439.330089350142
9751	491
4719.72334505871	167.047844024541
6554.26682621855	174
1128.29576095139	93.367610237141
1171	363
11142	662
10199	353.433675790672
17438.5384639592	55
9494.83654201498	170.810804464837
7140.93770005807	541.10753304202
12829.2539689475	58.6522443746971
16613.2165307565	451.06692648828
2750	136.503684758625
4180.50716707982	260.033917589311
520	488.790376732821
11731.9221683351	740.251674628087
10083.0086415858	244.032892237375
4051.40219889103	65.4371134134628
2549	93
14029	401.959461816669
6882	312.557832946923
13762	240.493605952444
17284	454
18184.7949472714	170.696049735824
12093.9624309274	450.152979223819
2667.40885589952	509.296297620505
8623	7.54695788070251
3252.90044308543	251.119478242426
17141.8759584097	316.453322116644
10455.6867122599	629.764529057475
2198.91513049926	464.749427491491
567.580410918446	520.307532667659
9098.31155843247	240.296455291668
7946.44610596419	109.600180790884
2409.13792893991	618.776957503604
5802.7300841097	495.729778843864
4498	487.574416362429
11873.48079654	132.454515836062
14869.5261432286	539.549315495383
5317	666
14455.3023744562	696.622769090509
12082	79.506536854455
11501	38.4885333161672
332.502908740532	532
15523	277.51075050136
95	111
15879.9485022119	595.922272685168
3589.69031058624	25.6288714451032
9214.30249514021	427.358976151922
10895.1120961471	354.432947104194
7761	591.996397350489
10846	447.612557938581
8548	666
3090.26208854027	56.3928151981142
5458.3858718313	659
11451.4197157216	311.219828446653
6865	670
11354.5275224385	336
15254.8364055084	199.649198965025
4029	736.54117169687
9260	123
5569	225
15519	560.460115577903
17640.0119804154	611
977.352389958681	201.19149226786
1112	364
7170.41697781928	610.226079390623
2675	359
8515.34239425336	381.472100620598
5122.55391314003	220
1057.56137378439	98.4494328539656
14593	280
2909.26688649744	33.3052514265138
1744.1245184941	335.868990943999
17878.7007784117	271.596006049779
7441.42803583136	267
13216.9303241656	562.73117402174
13537	563.440764306899
1541.08461429377	83
16853	431
12533.764790539	323.196513455528
5486.83273444819	293.879915869307
2992.33832062889	226
7634	517.502160049403
15751.9932857179	153.501464925603
5232.31207627109	435.321551019765
1709.59884612698	410
12978.0607291772	190
10056.4675608496	287.967755623429
11318	219
11642.4827632256	226.276880746087
11163	483.480246784872
2116.04786120763	421.464137516065
11652	361
14363	503
11498.2696270394	634.524798741245
13394.678679857	73.5968795653281
11739.0539650907	57.1510252927027
7126	296
12355.4476132693	449.870071885648
16817.1122483844	67.5349630820191
16244	324
1777.81438192955	227.860053984526
16507.2242720059	197.43308246805
6531.54985339569	331
9665	692
8258.27200041632	400.034373211928
12191.4607136415	538.592054322953
13011.0638675651	72.5695442942431
8823	129
18395.5145102743	576
224	424.008239377977
4020.95493372454	558.804557949248
12626.4692876782	463.986429235807
11113.4835432948	471.593744029856
1919	494
14454	366
5670.39300553031	126.388930275046
1261	2.0618925294466
14411.7073265225	642.54244052911
15407	657.998410127441
11960	334
16029	45
15320	634
16797	321.507330500818
6984	119.507124635159
7539	442
5396.70118327942	381.252181612867
1822.30332976394	414.354499599246
13560.8901561141	104.304532995285
2607.16411489406	603.148223322928
15539.1951670073	341.109417243019
15016.4123970822	697.480262793998
9477.34190576145	297.060992574166
3711	575.439079244784
335.503518995084	462
12335.9893078475	514.441363021559
11211.5221309139	710.04500305368
3898.54711496918	138.560175256651
5230.49058709316	500.011985829003
11589.799121887	573.913589466945
15828.5672045378	156.86708162217
4011.65016115814	186.21596286346
4344.74712607271	522.513051886204
2861.03617412619	39
11595.5393571499	299.542164895069
11650.8836481172	90.2930267304439
3454	254
13902	177
3576.96851272418	596.751008959179
10572.7885227465	380.395057708207
18353.0772436164	381.517343845835
15468	298
7833.50797567809	173.494435445423
5368.51138156354	314.482480260335
8030.37024146264	37
15193.3338543509	574.313241204625
13142	668
8920.45685150783	605.484743053798
1043	366.553851003006
9473.57288878208	678
13316	729
12531	400
2848	589
415.274164382351	652.236155561042
18064.28811662	475.639357935284
15809.2245735224	220.184892028554
5683.76317260041	305.58083748332
13709.3377997478	73.8091107635018
8582.61145395701	475.202534754125
4446	314.472201364128
7416.49996584032	524
2165	511
17130	499
173.618285752989	707
10173.0635890127	706.532594852353
10397.7033317794	576.630145337426
16035.102665367	277
262.607530098614	229.860632211057
4497.746692791	97.5927517627514
14652.2606959551	494.18130578581
17571.7805453072	368.569714501695
16513.3808212191	266.914933986203
16502	83
7927.55108157391	514.48300499475
12271	584
5891	316
4258	265
3675.51296022401	115.946546053938
12142.0357476608	180
2938.35962918417	611
14430.7946150322	57
16906.4171134109	307.530612013962
3094.95590374459	538.561701037597
12224.5434729543	354
15615.5623465755	467
15932.0243379567	457
6455	638
18057.2166425628	204
2601	234
15098	171.381864910952
18020.5200337544	303.606080689577
5008	512.495895359311
15156.4103353594	337
18127	179
5240.12336228739	373
14164.7368773969	657.358742945236
12700	133
3673.53938005323	622
1585.40506132472	152.689826347087
14786	720.490132518409
6656.74206814733	451.954432609303
814	56
2586	302
4537.01240559586	373.033473487629
16512.5488755857	23
6042	522
11077	599.546867696576
17582.8065309414	99.8253407909167
8876.98975148905	481.149865646627
2366	61
13167.5409012182	537
4520.40904249134	157
13952.3355815568	147.232757899534
13288.1224172716	688.43671216351
17376.6554901312	311.196480285336
14939.0251828625	645.047703530932
14817.5301557851	530.513686610295
827.061970242126	186.066733902056
120.304352399186	534.939491459445
12825	132
4995	217.372161854804
3126.46495481703	349
1373	186
17836.2158272745	336.633091940021
8966.51063205781	98.0814504717488
6356	21.483857463693
12005	640
16227.4693849752	490.472369304212
15063.8854082775	705.172921948176
5188.57566425174	323.534805908316
14306	604.540933626302
4143	583
7713.31360902759	399.6808831516
17667.1536138922	71.9813795095793
12452	600.583786220341
12083.0296123813	524
1813	616.513743099487
17860.5487845828	464.39812999138
3526.46672914895	56.5328469227734
6917.42385234768	222.360621265437
9720.62013433161	319.234488395537
10792.7106547767	336.936844645166
3653	670
10759	663
1869.07801018817	69.369680240727
5492	237
4359.37851176634	267.707357205913
10564	90.4487468064273
5166	559
9496.78947749643	522.841441440327
11840.6735399815	74.6413145728848
8886.66909233193	400.4716330693
17774.4946485447	115
182.033252036696	533.518419243059
11683.5011757525	688.789654549117
7149.42652533486	82.5404198353445
4460.58252196038	534.456118546385
12127.1627874111	118.522133113431
9108.2181842115	362.931215832523
14253.1176642584	528.789441456708
14302	413
1649.53737789329	484.470941866638
17519.9299311271	142.68271492463
6765.34672808483	501.449143774307
10709	471
2321.67885242417	95.7401131502024
17980.1115613533	490.489296656232
14832.9500256532	308.891699383218
15327.8631275181	362.834581066961
7609.04294493488	472.612345615599
12396.7655916985	147.004610094416
14608	391
15438	487
13671.241207933	208.566078264225
11790	736.510794518382
16360.0880772368	77
2923.50642192661	558.092365629732
17754	335.351053091868
3348	301
7497	405
7322.65960645286	118.790804027167
15587	683
9797.4906512683	14
5460	538.475111298947
8577.51423614962	289
11838.4508703467	431
14349	173
5327.63109734361	126.300546866365
2049.53900167215	22
12700.8604453985	549.655406329622
16841.0062970295	606
14220.4943768082	53
3661	223
8194.12641626779	573.26095743036
15457.7916041601	389.280234727899
7664.20729773044	724.333363048426
4473	163.522082309682
227	588.446692978771
18435	55
10569	443
5869	163
6562.94732337737	458.001628902089
15216.1409139713	491
4805.62275807873	580.772972967586
458.499113870147	193
10959	108
4421	372.479739931328
5254.78865036336	313.535131305624
434.542507047649	293.451025277125
7709	546.347939919438
3068.0370408943	458
7743	355.429916733039
6659.47622136071	156
4258	74.6081525905421
2703	626.491922051022
3522	665
4351.22962441058	740.595863321216
2658.60389466558	82.6007691018061
16076.6136219137	471.257136680606
10711.6353143004	590.708952817724
13727.9225126505	381.956478541223
9572.73150855786	177.218125427512
12433.9651167064	526.430069511701
5374.50498588507	48
16684.7567013355	520.777811130526
14478.6608956317	640.002239293563
10800.7203715911	537.048964130059
6786.42897702841	396.850989794552
12953.4270583513	107.250541725399
5437.96934809952	423
6954	41
10826.4772322946	266.003356928366
1583.39990383569	351.535661621521
3658.55192571499	42.4734125123158
12835.9414013013	243
13419.2698009214	479.476452069696
163.439319903015	374
6847.31014920161	44.674583936528
16626.2464511241	535.758567118407
10981.7036909185	515.162343415637
15082.1262532072	281.790778478639
3685.19147183812	447.623104851221
7138	757
17077.6020411704	544.481748265927
10910.335584952	490.322262340871
14436	541.568720617848
11857	286.596018413094
10223.5956788283	258.276859187881
14004.1689587475	128.247525002286
16059.2261515735	107.525335852173
18174	494
13310.5152915625	394
3186.67042932202	370.078881788503
14719.9509712078	539.303697344767
749.529197049249	275.782804828149
16368.3529322063	14.7542398135012
1447.27008903134	109.164213872422
712.084161225532	173.832612828122
11828	685.981301782858
15074	437.486708554329
3563.47539458588	442.976039913304
447.198057921574	76
8959	9.43998084609319
13005	551
9608.61747673197	646.930344553708
1012.39028734624	416
6247.37536604154	388.282031449017
15987.2807764619	493.442370372406
1129.65673991738	261.696097689683
13735	127
5531.52690839563	55
13003	687
11637.439434359	715.354255875009
16977.116861521	47.9894180147451
14959.4441448358	698.230156785742
15497	103.580118570927
14949	530
4305.57347623721	454.480344057027
2053.50824263483	648
11442.2826901006	192.943644645288
12009.5274321729	35.9840520689775
10590	161.494151624629
11111.4932954428	413.417411264838
1935	210.432544853568
12653.5475120811	607.445464470708
111.557166770017	626.116771152589
4857.00557309731	405.025746731781
10602.0045819348	481.863481460816
800.125658056431	704.984742864577
967.522151874379	341.289341847411
8807.89617752305	392
13012.5070559921	249.014942450418
6516.39253434847	460.177387062253
13492.4209457625	405.709240733109
7890.38338791149	441
11829	342.491076942047
367.620323884958	294.534914167036
9069	447
5858	522
8920.46578536594	546
12521.5503559052	266
2330.94943813651	319.822318143935
8224.40083222569	454.802688142834
15290	460
2989	507.533863217291
171	16
6361.45177316827	485.490365368096
10270.9588072697	131.025807045796
8650.3558185558	569.934124376043
5140.44417427536	413.384172374763
1294	128
2110.57038262694	96.4371250893426
6856.12167388002	609.815457764252
8163	428
17406	670.377605082039
4117.40198261802	501.867964561229
4036.45254632122	324
7216	214
3226	200.511356752927
5835.78573573167	392.285503408488
14161.5650264679	598.537481433735
9489.44335981581	234.976476350014
17793.5514645763	387.069123605655
17757	513
12004	379.943609262505
11648.349380047	430.585856576107
2726	75
4635.20689671281	256.752740540655
14111	284
6871.45019506241	183
29.2264589333106	218.577215211594
4101	726.514763017281
8204.2490175243	657.531551559653
6104.98402916974	541.745200139912
8470.93681145255	118
8520.88208096972	253
3575.04093344213	310.243963345831
15710.4458233457	283
9216.58614541794	28.7778326478175
11196	572
9419.18667436442	633.741244815905
15132	466.471493015958
12242	396
1548	579.570160922542
4093	573
3747	110
502.432335740025	719
5779.11883039172	161.990033071706
1091.44135950782	645
7491.64586456802	472.546513975788
6209	265
3929	232
8570.62914610237	351.125076703042
7804.88792076412	683.700010680282
16129.8975860359	50.2707933288702
17386.6748893613	507.92360720308
10865.5062937245	170
7024.42801915106	653
11153.615331298	437
15825.5385351223	589.49756914424
9759.40320819163	581
15771	406.329937499658
5743.37986971062	402.472619068382
3993.62071699399	141.718644217147
16597	385.073931484529
312	204.489577977643
8767	359
4797	409
6404.42201125114	49.3654557290412
4115.36803564772	347.136177920605
15235	632
12128.0476812954	609.84942246971
17835	99
4242	703
17000.7965437962	101.444099564539
14754.637501846	164
15470	540
18124	239
5107.270574262	349.208537767954
7422	310
7238	277
6144.5295473944	405.443452485233
15088	651
2512.47732485826	49.5018166671173
6994	521.715222523525
8184.59011233285	204
3377	251
5728.25764125783	342.618295801293
1214	97
4396	304
2946	89.052442977852
17439.9347607931	399
14119.5367091798	467
16253	125.41050914963
7352	283.604343998023
5416.23308737216	325.021945414766
3478.38309228958	697.21104890108
10420.6275671776	374.975342459532
11234.5823638656	540.867025150969
16233.3916443405	59.2990538288706
2198.49606574718	578.481802651327
17201	312.490445871345
4875.71543189846	502.783789063541
12000.0469700771	446.554409099118
11595.8270313494	136.247968988425
53	161.202925500001
13641.4287996929	499.362141996163
5544.49302525258	581.226411896456
2164.47162614422	410
6940	454
17463	524.54709864092
15862	333
2353.47430978883	466.909400612737
9729.35356071206	157.807554928873
16413.4757343554	470
5111	284
2613	118
4307	337
13931	33
18018	102
10529.4177400706	326
6472	563.439653197899
3280	113
3924	560
13563.624446612	491.123698287353
1599.52535707166	51.5593106984661
10409.2903308969	461.644870773917
8692.29323289744	604.750987644664
8981.96091347401	404
10494.0571172661	442
4663	603
950.629845336417	75
1884	379
5993.19410942763	512.415308531108
5286.27091482987	182.865465200589
11657.5520378663	288
13082.5108147276	457.465371600403
16310.5516170353	64.5289554895786
16871	50
1401.83433181784	619.73238517893
17474.3722747333	103.346119481634
17026.2927638289	370.102224384243
8184.0088556736	129
410.144608753572	398.589131608646
14896.144274628	423.967863059158
4571.77222179267	620.812133291433
3861.55822526963	384.01511672278
10384.4933769445	87.4354962028939
10042.7519796622	498.286158526898
4783.51546372431	648.893323056642
5954.02170053362	622.532956218268
7041.88893891674	117.50709126339
13019.2379401147	171.280453386477
10785	233.403221601556
10489.095496122	579
17141	80
4570	103
17570.8543024337	436.003346971915
869.557170394194	393.498316435995
1668	356.01561722782
12465.3866455418	377.28162124059
7247.97803157768	506.707634952595
13890	490.419793944136
14265	457
9652	184
11817.3238139434	605
3506.07759409685	285.294329640524
13251.8571338263	280.675104636067
153	117
17381	24.0240065417952
12218.9790558612	480.157331649884
15364.7607996878	299.306336069211
1043	37.5265068241995
15393.6698535825	38.5929905637076
7610.18577615593	208.486863117612
3969.58553103179	348.742477575736
2172.56345648191	321.886329315472
7332.54134318777	761
13299.2238089151	346.046747824868
286.382989473509	557.686007665606
119.937922580431	725
8761	567
13372.3042341119	651
16434.0411355606	43
10921	213.013615135562
6349.68996795237	138.34526055181
13882.4502680937	372.283623243262
12168.5913624512	678.22898138162
13898	84.9926452683863
14300.7830159138	208.369877714568
7495.91241221885	663.664013446814
605.334298033255	64.6408590404676
5435	88.5815742090805
14880	362.51655125209
9583.54596505097	535.619286423994
15242	88
3806.00208496418	639.301563425455
1860.44122616492	175.270593060797
5596.57225630891	456.324285150465
808.300475339984	416.267708015981
7020.4074489729	61
3364.77046011891	682.427448563149
11687	219
13356	13.4556295589394
17533	201
2676.92250940351	664.248281865224
5637.63037206279	407.124552847702
8367.75144624825	325.571816159805
13939	324
13343.6174333259	102.220120476324
2938	278.35584087129
4290.43365234967	569.679112196031
3217.54744449185	498.096517708823
8582.01158078607	193.058780112845
14485.5433668112	83.4647139392142
17597	37
16002	233
11543.5344755883	346.518291431812
7792.4715663568	211.509638328853
18003.5378307286	375.828124801405
14139	14.4942433092373
6650.52447852874	379
5876	36
8617.09268598333	382.516143704664
17177.5604125206	261.541937352528
5093	159
2922.42383867758	326
14083.7021789907	515.248072035963
2209	644
15026.5901620378	167
15871.4365195096	690.260445581113
8163.25044488254	607.257327590717
9553.46736555588	295.015350748186
1086.65259513156	581.286766784226
18145.2823794403	43.3919587715514
2490.44881207487	394
9638.63347564872	421.0915842136
16346	633.905909230774
16736.1189468874	208.705807946688
6894.76478879121	729.753608886847
16230.5424954371	261
1474	171
13819.1371061475	460.572871680676
13952.008357063	396
8353.43091470394	221
279	431
18385.3702911648	130.046495547924
1107.62952540459	22.3682057988831
2688.94495265328	36.2803610462673
10781	479.490330949307
17510	258
454.812501943572	410.309942589493
9762.54857112377	194
3466	378
10531.9020175109	241.236903110246
11292	55.5710428285208
7693	193
14656.8008757317	217.278512289837
18230	105.421083161342
9978.65550797009	182.99125890305
11045.687981007	230.609902713051
640	387
9773	365.435461405027
13755.5173975269	434
3339.48601250241	68.5214026413567
8678	509.633778135886
10234.5324348433	407
9792.61091190344	258.363203295287
7178.50880316837	258.58322988931
4061.04934975282	136.573991862602
15626.7580360352	39.3469403054578
10869.9623443374	696.429614605106
8077	242.589664097023
15695.4438419429	388
6789	267.524265363905
2832.41475070643	442.226397189013
16950	356.958509658927
14192	707.180263479825
8863.46178173922	217
4067	389.315993165521
7973.40616932878	385.240853264588
9850.4921869637	250.555245138583
9199	87
10788.4515291113	598.902803399696
6096.00807432753	240
17695	338.557259218253
14048.544659466	51.3652721872145
11235	171.578984148166
14260	259
6098.59782748415	644
18374	450
9352.60526724976	459.734357966982
6174.12562420963	154.602942249924
7580.21191406574	418.464184528411
12943.5155424831	379.616831865836
4039.72091750848	436.410339646994
13990.9186996236	582.999176673701
14996.5238611438	16
14444.7745174126	303.774737422416
3030.97546082025	43.2735112515693
13499.25287468	199.971585873252
13325	278.482234593335
2468	27.936240961402
6691	27.0145479598102
4941.42822119541	504.788275761828
16869.0689255347	491.839486969036
16401.6562712953	397.871936285302
987.514230864266	284.492658253597
12467.7826851408	181.036342428508
10019	351
2610.3229149177	183.997807962356
6932.52238734027	570
7994	67.5280911125603
16760.2545640372	157.655569158259
6222	112.46750539432
6495.76395482758	710.392253323438
637.61777883018	326
11352.3401771309	530.106619659988
13089.5676829404	163
17185.5721423254	36
8465	37.5468766292209
9522.49357284329	629.466704745327
5458.37852609025	150.723740651422
2158.43347181288	262
13845.5434605727	48.5357917555989
1373.55534886919	236
9038.52238368328	652.408589422386
15169.6896068411	62.1070465737707
15658.2537009149	295.038252364817
4411.97116453791	626.299218712977
10428.4434447376	51.230481097547
8709.62295029207	647.758924908352
11373.0718794604	681.643866139213
16184.1080375428	550.557858513303
18487.4643098289	223
1805.32555745313	339.935976006867
16131.4854547029	546
17523.6753691988	528.848073490601
15912.4095959323	289.31577099911
3333.58854776066	458.686128402418
16793.1820819412	650
12690.4228062924	501.518257425283
4548.54343933553	5.42737933187261
8646.48635943884	641
18279.8362675956	496.391438998461
7441.67085492959	428.802084608436
14247.9509684418	650.132252169558
7254.50714461552	352
6491.44460626726	280.942255881554
206	254
14937.5046083751	294
4496	44.4979242867084
16365	271
13623	180
2131.16884547905	572.367961358699
12880	411
9713.65635716213	96.785547286793
10343.4736871287	122.513323670013
2615.21197954831	496.567731650666
3646	395
16886.8863355026	390
2270.60681750459	269.112352418789
13659.6478372374	306.789157225213
9564.01152725412	357.631574738979
10124	301.38689055878
18015.4483729499	432.914705452013
15188	230.572191198269
12550.5353369373	627
16721.1884636566	594.59682075722
227.971870076634	326
1452.89581806522	601.996020219533
10431	683.987527077401
13539	709
8760.63390187897	149.683904959375
16981.5090269853	577.521030988885
669.048571848113	517
7850.33930154405	319
10061.1591131149	390
10994	380.549513880035
7094.41374129289	234.718924718199
463	140
14335.8474758256	561.450401503054
3527	134
4086	208.488689056069
2622.95307643527	328
1239.74605411686	317.036358011824
9918.29445500811	241.35006237768
9589.74153328101	70.0369889099003
13336	474
17313.4973014911	552
4156.8281912108	652.302644737303
7503.32248344068	601.297226456356
8689.5287870723	154
10359.2538176553	490.930379681362
12692	210
11087.6685636579	668.386838600752
9542.87259761439	109.415880771653
4364.95037158989	673.729912858085
4767.48547778177	504
17290.7143920277	384.392002133211
5284.62300955396	458.045172150262
16080.4904984062	284.975659840018
12513	16
4568	560.059635651243
15948.6580990081	683.473548846932
5044	360
14843.4406792533	471
13458.016548384	580
17524.6215128667	605.577993587199
10130.2921930305	26.4048440353513
8016.11284943656	406
5432.60061196233	260.704516333081
9491	5
4732.14022625665	557.848429219094
10832.9210745787	635.570904280249
1915.67323737699	42.2981109470202
8128.1857244528	482.875876258873
5911.56476249987	684
1965	87.0235202022153
6486.2064152541	166.167682514463
2378.98402676756	282.466827716255
7035.39467537474	399.268858074287
8536.89805860863	106.637134700701
8768.50951466131	500.790776902615
3693.02111259696	281.436078820398
5961.80860149925	565.927286036094
10070	36
15959.5005757457	413
11391	170
14592.5241620577	199.564868800588
9009.86524242211	202.605130771022
7321.56473677026	351.770984671613
17701	623
16149.3745892282	429.298010053298
1800.38519014204	291.56401372347
648.457466589088	114
3211.15650894849	427.070505868539
5921	511.453024462684
7713	39.4733196934864
10593.3023015613	638.732565211431
9100	162.490283675966
12305	61.4577763143791
3022.49550316459	403.741391756905
13538.7525532775	654.075584513847
9311.64955627988	353.630050650855
11807.8864436162	172.009189815473
1527.79881271203	135.207644964513
4709	477.404438948378
3365	563.44260810298
10067.0300245462	627.453644816833
12346.5368211892	748.316334443996
6513.84665381242	226
16562.3061173434	89.2479979702773
4393	75.4795880660095
3944	676
14054.6027288315	465.414530510102
13658.8437315695	373.989688508987
12606	518
9538	52
9916.95327085474	79.6402619829418
5040	295.085597664544
11436.2897654252	430.071594546154
7653.7803295198	317.042777623063
3333.73780954282	350.609149533329
1160	127
18203.1712292152	267.498862858834
8720.51926566897	24
7439.5404254689	600.621016296221
12927.0610316525	328
11138.1360630208	33.6801544879137
13455.5523701797	265.826927292142
9734.20210057907	242.392113670469
14991	659
15318.7946299394	156.039726775138
4162.68148662421	536.911478469586
3031	568.581434899384
2776	444
1474.01601675614	517.500546498211
3752.33869376738	406.157670427024
10443.5544577096	251.005652308939
9944.54195122126	507.933026533963
11491.0204907687	262.806571748188
6160.44587214771	650.591407416284
35.5230875548969	97
13330.3491139994	153.385193787417
885.39826808488	591.839297339784
6743.64524959403	44.072413188895
6016.510023363	225
5395	117
6769	656
8781	24.5026269747466
7253.57106807407	167.547630110365
1429.59940749767	281.811531764865
13554	164
6130.47005513087	347
10411	212.839385636089
249	697.503633724881
680	225.526399313041
13397	153
10491.5822151374	297.863603020025
12441.941359553	223
13631	634.427964831117
15589.0551698175	548
16190.5070367531	113.509772233921
2833.2366421318	326.82794147717
15485.4926096947	247.457692030442
15716.4048585557	39.4485809271914
2348.75600395782	603.58779112752
2966.72597024738	29.7487928984316
1482.47313434022	231.962047814086
6385.44648787317	323.521070449714
4315.74639880403	139.642202334858
881.427434172635	120.776821621781
2992.58114506208	93
2535.5162300737	164
13377	382.682695919726
14671.0165357986	359.925782298612
7972.5287595005	665.953759467663
13059.1120131398	400.743561846492
18294.5808747321	337.280500701271
4161.3825777188	12.2512490578698
1981.48540684726	356
991.544991237132	703
1686	239.433504154074
1043.5963796473	287.484379633808
1728	549
1738.07531170654	196.060754425639
13739.6464327006	550.287394296599
17338	215
8958.56064537342	647.4713911801
13804	161
8370	82.9543360244589
13805	84
16363	346.466687836079
7803.54862425119	62
16420.278251271	653.614588428473
11074	118.352617541876
4523.07865265023	273.854406389061
12885	198
10939	39
1479.03407609959	327.94099790458
14657.5197287634	415.453666225325
7642	11.9664248558217
12559.9268806009	146.008730491446
909	325.511822818367
8734.6196224729	294.187720368714
11539.5810588274	410.001280065314
5762.48785729547	543.457747202565
14875.0295696844	656.592369113564
11767.5350963883	332
10326.4736058913	553.544840229498
10365.4978825909	331.950380725464
11797.6243923854	382.355510533441
16452.0336818304	180.467609839849
760.73919935007	185.169139764325
4140	294.53257255852
10211	105.494933019189
7546.70430899748	305.325243610542
7961.22331521722	171.430221689323
2130	473
11050.6451794304	536
9394.45493266036	587.545339152628
2493	560.520276465967
14324.4232749109	699.494151872212
3202	262.569251122297
5791.3226041469	419.750104704242
1293.61752647852	497.100255818613
9999.53719286428	44.3552894488831
10475	10.0832088144196
9861.87908110564	97.2603826004317
6288.46291167425	252.45377660807
12952	637
17207.2967554152	167.883401069133
6587	95
15735	339
11754.5603997258	418.44835328413
7340	417.439118394294
3577.19635296303	239.613329585268
2079	315.196114382356
13235.9427657575	493.011372908625
3484.12048413451	469.485448908889
11142.4600493963	89.4623469107864
6315	176
12903.361918505	539.751968867635
6510.49973188742	607
10147	591
9281.68368976434	460.467806627819
8513.01741212284	459.663320312261
266.678550958386	45.5753643976879
5259.98367416635	252.538632096423
13150.1059789734	234.891135216859
18060.0486229301	347.490373808889
4794	262
16025.0866162224	579.629605683802
17208.1926782128	365.074428714587
16463	302.455140592081
13989.6266331123	41.8281589017481
13647.5309437586	72.5294516777721
9324.14212255273	244.548704854264
11457	79.0465386704536
8206.59089528387	257.203572959666
3205	556.648177869374
2115.63509008419	520.890821667925
950	430
4840.20057994627	454.783411083213
3713.69710494348	233.767748315506
8284.48861084753	247.04927692547
9545	228
10763	61
948.698186247618	669.108150543016
16758.5465531745	31
14046.8565647417	278.274110716633
6268.03499093527	490
4589.86793917338	259.124129534765
416.46716450342	116
10509.2176701053	384.510640299067
8913.38325718531	83.6583749217109
18175.7161824303	389.730601903091
4942.27047788747	394.303897206163
17227	245.47819932798
7554	376
7646.36154647493	597.34091263933
8336.79584975704	376.792231371278
8333.99764288164	294.30382353459
11280.6935865782	326.177611933255
3018.72899989179	181.513659213001
3813.61438388423	46.6405599017782
9885.84869265757	175.535947403066
4826.65249888404	682.143916079991
11075.2759942263	298.003226128825
8719	535
1318	446
8374.50626137878	269.058312272527
17214.4685127633	599.074116327459
17776.8599999694	431.112950778783
258.984833286613	369
17473.372975921	168.560944795888
15780.278563616	635.926731109017
17421.7513232964	566.824504627259
9656	112
10302.5939554917	677.292581196148
17944.7376446821	88.4764331328342
3234.38161901966	607.576300916331
3816.51150350696	102
18248	26.0154096081597
13383	285
11827.7304848401	537.598713354505
16560.9936194957	430
17055.8056160213	493.715025705881
13194	106
9925.86181254438	288.173500780014
6952.33924292344	616.663237447315
16043.4695364484	639.771210628769
10987.9280060518	570.993009473334
4825.53212583673	364
7898.95688068748	603.925444389239
2753.35115705109	377.907432809601
3719.64373748309	482.095248254161
17716.2328875962	107.158615993028
6241	174.532349151777
11018.0132573198	325.44514331727
6028	294.119657374996
15108.6687974292	112.600768129681
13052	329.472234594661
11486.9019891511	134.328928941993
2759.32544408291	247.685287667447
2236.29221002973	173.612388145146
13121	621.602080706381
8562.5995590693	421.631066045845
15807.8203921983	694.673693019484
10893.670318685	437.250980994435
13336.724354254	526.744279682034
4655	494.429965995833
18442	475
1724	651.619838163668
13306.943446906	206
1818.50587121258	114.490527601542
13206.3643149726	285.272279897004
12974.4550465037	20
3031.49899105415	637.982680968254
17432	337
5237.34323257817	687.77656438182
6597.84522648153	291.836914724279
9158.27050501446	578.079286264658
13584.8875132076	274.171451229497
18099.9537673793	66.2659745564209
13126.2777753703	345.548366809041
3796.48510981282	216
13831.5253006049	675.710815896921
5367.5109058317	184.546408809513
907.273633134295	263.585547461356
7975.58866861608	262
16774.141076926	439.557790027904
1993.55568909183	309.469770905211
173	172
16062.771927381	333.918098847812
10250.9215061442	668.158641674888
9147.45035958329	204.491754724723
17969.1599591422	287.677182572308
1231.45186645763	419.863475474122
2597	396.534440057073
9433	130.472227475443
15685.519044868	442
13505	608.35091809534
3784.68014264218	462.934774463337
3426.27265970608	438.409911855483
12994	488
991.69341750276	464.373213554642
9722	537.637637656081
16926.3716352069	204.093027344036
16988.6066961695	222.243859718674
10497.5078493664	202.390065679899
13247.8225947567	235.588123389517
4640.23072974622	559.636973978439
7205	374
7484.43971386026	327
59.796713035597	424.243109278278
10648.6250058756	314.477468373073
14183.9942399576	374.262611960852
11403.0838492295	540.269928829415
15817.400290643	442.128549407084
10687.4744019732	684
6641.79494348441	84.2133469076599
10265.6515313663	214.547044251984
16934.6520260409	422.336010242557
13654.0607329123	551
13526.5018679856	34.958323516982
2786.46840098652	185.037959328055
12768	74.5857547614158
11058	446.512302907688
8810.60577338481	314.475051073814
18248.0899667587	313.197584706262
3937.37361178127	75.3200355737597
1556	657
15427	73
16786	599
9991.35194503131	395.273398456426
12675.0902973751	29.4936494799725
4773.37950960341	137.106750062361
7882.60869772077	17.1896464836314
4194.68463511317	601.392807026831
3735.56701561474	175
1869	230
3792	282
6973.37597647296	241.876729833257
4887.22681923447	357.390487797287
11921.9566271114	86.2630151474112
16479.6695837522	659.123293880647
16902	604.218402060308
12612.4438085261	583
14707	389
7787	401.495126193715
17879.2194763614	622.964462480202
399	601
13648.7554622491	436.589202975249
11697.3709149401	624.329991014127
13434.3105430138	533.022265533961
15059.3480165842	230.002013844564
3542.3546493089	364.804240585872
7290.03950722956	458.290476920047
13837	413.54211105029
5478.71270089902	470.240118191753
16624.3420859611	2.56062802969002
9935	143
17180.8322597647	109.020809973263
4998.65034841052	80.9591951218479
8647	249
4124.33793470676	101.208979423923
6822.05610785389	148.517755349861
14490.3507225661	423.324825743619
10969.6171878112	214.091774012379
17115.0550789525	210.044105323156
7693.85548929539	671
17082.5005050581	668.048894474693
12841.3409678092	474.688618999968
4819.57676489786	21
7666.59507756417	372.536174319504
11148.0684667437	279.120003578958
10693.6487282363	247.13732925992
7470	539.510126968174
8347.40919311725	435.522547852137
5675.48051174533	260
15149.4976379791	592.231455692549
9249.43640262406	309
4991	576.535874829509
18060.5135460345	612
6282.88222417617	103.431281416636
15338.7309960546	104.345663059931
4748.6114076032	422.481228419718
18236.4910304276	601.743112529053
1300.09272771753	338.409998522432
15261.5069129657	268
15011.5588903144	229.500524615176
2333.15632310224	147.38023226067
11802.167956806	484.037405401034
11004.1197988808	712.835512045849
9331	612.600576850463
11031.2882155643	38.3614402680309
9649.05924851911	627.417696957814
17716.6051262295	546.194901828631
14423.5269996003	477
4653.51693528664	382
503.976827588992	295.480231746354
4194.95007644739	499.530080410092
8700	329.534572895167
14254.9882041975	362.166452078507
12873.4483811734	35
1279.53141423488	404.502399574822
33.2906808081667	567.960535981821
3801	405
5463	372
9376.82163724599	194.744901139959
8628.6998025512	509.976265864193
11497.6371876021	197.124034302459
2478.85873627656	613.851169797264
4461	455.983199770978
14489.7140369034	174.846297182238
16278.5290163307	437.315667866779
14970.361845066	582.140318778823
4115.52925179708	422
10193.064426463	211.294759542537
2402.54547364711	554.633222449881
156.401468933522	233
18009.9858922881	649.975934411222
5600.75289293553	369.338476053845
7565	250
5306.36835946119	605.288904081867
18431.3837464719	621.74685080789
9183.21216224965	531.303714166405
13092.345446226	579.377589673989
10369.2758025673	11.3405813743062
3319	249
3930.10405355255	410.736137452834
16584.658357742	492.327636833452
4660	313
5651.96921049958	630.125764458868
11344	60.6261487293489
5354	366
13465.2973329492	51.6439714273342
13703.4009859381	437.238551390337
15767.1480893941	245.617173941151
8903.5656873313	146.534435230577
2712.10208601409	406.577586180109
3946.53874391815	297.280828072687
10366.9212431569	707
9038	242.410555268997
8998.4249387715	514.140284228359
6419.15023816923	474.884229328306
8601.51464260394	65.4741027953393
14677.8667828199	140.212048455215
12393.5661802669	320.93808459591
5174.61322977703	696.332931615179
14811.014265023	57.0863069247615
16595.7528895588	51.499308628368
11983.3217112177	269
18461	103.419192951999
18353.2594118435	270.01983063755
7633	421
12057	282
8296.5731847587	183.456612184118
4536.28672818796	207.390140946632
3167.33526706863	116.387548222886
6785.28678270276	341.345318879003
6077	356
3110.18197308233	207.036885764286
13445.0534128589	628.516552323025
10980.3205447496	440.786282511032
10904.4652297656	661.409518959869
18136.2778131749	362.480139432698
9396.84156560001	512.635731313147
4169.46480419491	370.595538138336
2569.25051813202	462.033440121294
5220	194
5825.52049416977	187
16656.4380609565	286
13750.7346786009	674.879245127532
13846	143
3389.21303298191	52.04591357413
16838.3404701697	671.326850026976
15433.4207542109	599.332940659724
5415	197
11900	220.647094641612
12495.5528508008	122
10418.1380194012	295.505911220688
4417.66675580335	503
13014.9833171028	436.804187092589
6366	592
15548.9245570464	202.739901133225
1792	4
15781.9584764553	35.3058744115169
5163.03322221728	648.086987496511
14083	93
10054	132.431939632085
352.17107442556	127.122971765399
18312	445
374	69
67.9011527200643	524.7403034709
6596.97940504767	400.498377450279
7324.52037686115	649.821726339645
2693.66784072905	566
8036	473
13226	335
1839.43276597015	20
17304.224188244	24.5779931225897
4236.8007229484	461.368550041606
16819	390.509986765922
3488.55291815238	84.4807125247151
8517	588
10050	577.487033247039
6088.82362466565	57.910912298102
5285.84034557813	394.694363990305
10286	269
14438.5189587473	178
15810.1540245555	516.684792679755
6941.28974699407	389.90894394249
12492.5608056337	755.442709099196
11278.5975011963	488.924160063723
6851.71346004066	398.628319264319
8029.6676330794	554.05554952642
17999	169.43621828497
11943.363927399	202.165482892676
9631	48.140402661726
10227	490
6698.78122888332	611.760152139451
7903	706
15727.4231396614	494.662115749623
16311.0965727801	189
17722.6217768601	398.789461572985
2539.34581181452	326.304688677422
235.960683119016	6.83608758616702
4066	523
3915.45751575852	362.887301613776
4494	336
3826.69182291522	163.435817663784
14048.4462510002	189
250.630300816119	163.255324904763
15749.8950211418	72.8066582979758
2004	43.4026391948704
14441.4535470497	228
14093.3349459838	150.34958812958
4444.03719708327	248.394290494871
13482.1340579854	509.077909010775
17531	314
1810.56132827828	59.3825242360052
11635.9562735353	490.379121121455
6662.44926699582	571.490754912259
6511.28574557647	57.5093745916037
13566	224.344848607742
10110.7912612628	668.725729816583
1019.52978478968	519
10694.9928461155	534.546992093393
846.204972339684	242.393845307347
10147.7482298844	184.190083358269
11488.7122434943	378.604408780232
689.008732936241	671
3175.20466649686	460.599562260406
8071.7004812188	441.076833650762
9017.4839184008	606.041134112829
11354	287
6294.06677815587	445.948334233313
4343.13189203883	388.064813456903
10317	226
8896.3514302308	24.7579239420069
11753	573
11438	586
6200.57330724232	36
12016	323.359698542379
2399.23879342284	434.234085574984
1668.28803368037	300.976757627633
4542.06978273858	510
8321.55603741439	62
2131.67408131507	655.727089693027
788.24530202422	319.81510968682
10279	466.375529919827
11428.4930663664	126.506340624199
11537.658570563	154.609354379385
7238.50753034611	594.506714929518
11293.4352504175	106.472365539844
8357.59316894127	165.435641798854
11785	88
12292.410206007	162.394099269372
5775	114.999546041816
16875	205.60213671082
8250	294
11941	570.490262102141
17050.9082773868	221
14054.361287163	588.508306182382
8184.9485351109	334.071626533105
2813.87264764893	489.484356328992
18177.3280702184	225.379735379767
18296.1994661116	650.603578169447
11164.2062838625	199.947841090836
12197.3562050987	413
7212	652.483011570819
7391.75465027749	617.376829961017
4744	289.075399506513
2896	93
590.457770433826	451.56730376286
7123.3734378924	644.31248246191
11128.6646845259	332.746949358408
4829.80061597328	221.749060491386
7722.51434521741	109.973412021212
3494.53981351523	170.196730577958
3310.49150371862	705.482459257682
13945	591
11387.2472222341	248.802018260153
17941.16028529	163
11188.4886477046	348
13056.8472659075	515.378976157806
12100.3616249026	210.485227151241
17790.8114887827	59.9506290236875
5184.14667787762	16.6686607060334
11584.5765874363	208
6231.46149117208	580.459178453176
7568	101.503245386368
2436	272
9693.49428507247	583
305	281
15040.5414598236	388
11877.5646906671	394.611648152707
15307.0778827136	568.795267291626
9890.5416418664	8
1184.91059671072	653.897192865892
12588	359.478876952543
14379.6305321308	27.9840516569542
17894	124.44732527633
6406	265.450966730097
852.279202602586	306.40716356929
15285.7565563895	66.7060655171138
14212.2475739255	197.736535324684
10753	294
18075.5994464071	271
13383.5275749615	577.023611545187
15593.6447707991	334.502902613105
4970.51125711003	624
938.406232192333	491
5381.73942335079	439.419084844299
7957.90022106669	25.3050956003282
15990.4262122715	616.812710932798
7279.16739005112	228.116536778802
4257.67308301528	360.70540791213
5591	78.5120946597241
12797.754971723	653.14985120832
3860	614.439478666881
8383.83790641468	12.942888943972
15131.5588747606	272
15616.7756867529	249.14777911237
7117.52154293253	695.553401946578
13344.1971413048	339.829115281556
17807.1223054195	471.718674854114
10102.9824058733	97.517262972061
666	438
12844.5262817485	659.45652460188
2270	50
11472.4616879644	516.595914648972
16432.1415364002	110.948684611337
7569.95755441718	508
2798.47747369811	557
16762	270
573.108056928401	567.708110600256
14962.9695213769	71.1043724968783
5752.52131487338	620.452974314394
14630.4741757028	333.391929267818
7292.62017133444	295.556548181449
10513.7163991049	55.0594782651872
13476.5285737062	344.830379387052
6201.49368015444	621.293636769387
14341.1622787728	295.571727417354
16600.1443094331	148.519209904721
2546.75996144022	418.513141087315
12236	526.022521849959
3366.24664089846	111.106557157695
13867.4897134152	1.87024891403202
14521.3541515788	340.726493764637
4974	39
11348.0164824612	127.532126117442
9124.08663109392	629.104087468116
16369.3900605734	594.337539591745
13947.038781634	483.566876893765
12933.0457710595	65.8747477682028
13058.5314680507	221
8146.57749354838	680.254635043899
16678.2332652613	647
16157.2455622496	11.6621112176725
18416	280.045542828728
15162.2960998701	649.749997478104
3766.12403451297	524.067375953414
18405.4613277071	508.95089187283
14944.6076383281	156.44493831689
9285	586.498825010109
15662	132
15311.8425253709	289.934850792753
1427.38169846977	337.746445964375
9459.56064246339	400.811799128358
14536.5689223129	36.0782849708152
5998.52194882763	162
6389.95888563259	527.135843500454
7466.11919184731	173.060795000688
15035	106
2388.7523716916	355.516652268854
15396.1528921249	171.45887633708
15167	145.541341204275
4894.69838725993	105.416224393172
397.45532074419	171.531029628886
12489.3103656597	646.381123129688
6334.2220356167	554.016751777413
897	58
15328.9470839741	7.23947777303332
5636.02120453512	81.4849834178119
5551.10166005272	652.69448805042
12473	65.2602270882077
17077.1567695176	181.697227314352
10578.3001219961	31
44.5830363722227	377.597221078816
7351.46794027892	518
11776.1155914992	528.230164981482
10882.6295693294	242.435938283691
14294	327.087879100264
18115.5413599407	125.740290789813
15050.8096966012	37.9981593189659
16997.9789648609	525.475656734786
14094	644.483772108141
16469.2845783977	486.062108688154
13173.6114980187	597.204991922806
9893	531.875767764697
15373.4129399272	481.216961126202
18119.1875679935	506.220275586716
9029.40630179008	128.175350973184
1758.85048137543	609.992974397816
16676.1643460265	127.394674534891
11190.5239958169	117.436007526819
16095.5490347653	212.002837070251
4270	144
12952.9453834527	516.413373915497
8516.79529422891	62.0546921292057
3150.77367540364	523.482487142433
6190	396.548023738023
3689.2708016356	168.237789232078
10426.9998200324	513.913133791995
6502	661
8973.31627582847	573.119196731186
7616	356.844939950846
10269	59.46167342875
16317	285
1178.04898903716	196.716073129896
9064.91661469611	11.244811438741
12300.2034200722	352.758270937596
5306.09018373024	333.718104932168
2867.5164123035	380.014764020983
3928.40015252492	459.853861497974
8070	505
949	152
3434.9254922801	30.8300761253731
15670.5393857428	76.307157446293
11720.4495627581	293.490761800867
4973	445
8999.87462867858	293.379585134148
9070.1075871469	328.034868431875
6276	630
6095	7
10699.5474882301	86
13734.5256002153	185
12350.9708738905	631.362251785241
5934.47901893064	25.5209810693571
5180.27906454977	389.498273324917
5347.59602874912	493.888754962289
16525.7725814474	661.588498749133
12001.7983755434	111.467084894536
15574.0209430333	137
15067.5101805083	581.566771133419
16861	305
1392.44578032115	81.5328681302203
3126.46643304473	480.163098772946
728	224
25.0515939859149	633.827455175734
7911	60
7765.64178369226	26
11424.6074115425	21
9311.57997214016	506.521140757531
6050.95978534521	593.737399487003
15419	244.457175333433
5651.29585524341	21.4331667831053
9224	483
2441.10351967272	130.439885460273
11735.8309796559	683.352788495637
1986	264.232654320238
8321	639
13447	183
7233.14459223879	33.8497841672029
17809.5228242191	524.322337978724
4811	168.520943627215
1473	658
1285.8049149739	188.337745509424
14801.2973076277	675.450934259177
13963	537.322437073528
4235.43742500406	547
4166	68.4866411922062
2814	275
18436.6109754908	187
1368.50214559228	533
12994	358
9206	291
9351.84415314669	551.514748654011
2623.48181217003	559.935388767367
15926.4072339037	341.708898630068
3382	352
16988	451.53936429157
11999	176
11891.3827008329	604.895167818973
1803.94750654243	684.489556332515
11784.2009578252	653.066634299201
12612	643.509070101479
10700.9671344789	24.5454610878886
466	482
11909.0662267826	26
4271.49600278868	505.831403911076
9277.01179856237	262.895634852312
16674.0442569869	55.744580251633
4646.99062674605	661.449222560914
8331.0189010592	491.023466292129
1287.5607198977	609.345875375796
16322.6230156166	395.271921464017
4796.4434815324	81.4299696391483
5519	531.973598429102
5202.61538282345	251.801461020926
9271.85223290014	402.451785128781
11593.3852112923	438.221059718718
760	14
7071	182.483562663236
7422.51019564994	159
14132.0956847929	382.045616903029
8372.48182226927	588.547831925818
571.780136417634	317.868616754565
12765	283
12404	451
7147.02785392462	353.802202941424
6106.47879457243	161.516378279049
6744	303
14541.8790625599	396
16460.2430814443	537.719497262749
13215	200
2458.47885034057	439
11714.447497492	146.10132851777
10465.8382965513	350.464244545467
605	278.609827540777
7273.96521679274	401
10692	413.55500410685
16399.8152558702	202.578759690383
3018	278.699307428781
3426	504
9257.69299020751	2.73719256175531
1982.38783037261	589.349299766237
7316.55829215659	587.534436798676
10318	319
1220.42959852934	510
12884.764234447	269.812318990496
565.959774668183	24.9510864211345
6841.48321043289	492.620608925262
13156	177
17629.556981655	3
9336.82475789223	295.114864124728
7201.43082618322	495.387476761357
128.89902130271	464.428148256248
3614.81809394414	428.638553040086
16644.9770155201	165.918115035316
16013.5393085927	393.447604846538
8195	53
4008	487.546270163307
17669.801831778	132.064061145598
6898.92363589862	57.0092386194467
11212	297
15567.407442241	476.614401553758
16052.9100840545	526.623055441394
4548	328.384343010246
17232.51268219	57.6434510927547
17912	358
12519.7929624775	82.3384935722911
8885.64395654845	337.650749957472
5833	442.054617040856
6615	145
16614.6223965836	651.316321646465
118.227403820997	159.406372271039
10936.5663070014	700.288766058858
2768.6764801393	320.775762116435
13687	670
17091.5103217911	386
15094.2478042187	53.2403435939674
10638	235
1067	406
1654	16
2679.56283586469	444.539864442769
6980	293.913336005488
14498.4321668303	244
911.769093893877	529.683193801141
3723.44170271184	62.5535557800058
12152.9479757788	33.7157147636214
12802	762.516132466211
13263	159.567469097309
6038.39390468324	38.3348609054266
18184.1196109039	3.2251297353443
16178.3001110308	217.608348450382
6030	392.336255402328
1639.65811846384	102.343243060775
11793.7125218866	35.9380966036297
2488.04431441429	246.970697364682
8396	457
18235.789550245	369.39028567482
743	421
279.343304184566	484
16093.9621178965	683.515502937542
4182.07567519857	140.23652471016
7759.41430878443	671.895299015955
9159.58374277847	1.83397438122081
10180.6485985964	149.517453834253
1764.4349929421	447
1161	421.528833687299
11909	298.471100604515
15363.8153966744	532.656237389711
13958	207.09004004055
16452.1817871971	242.79278734777
10308	173.585905733016
11262.6494386676	267.257968157227
13180	357
10822.9308027792	77.4804669635398
16737.5057765982	650.460545961836
15203.6483837829	317.017162420206
7916.21678134499	187.05321933079
13103.0903189853	277.013360096059
2285.47831484332	393.392321844979
17024	285.531845663474
8933.44783089296	420.456000671282
6691	110
6342.79450557552	427.968751435542
16680	354
13996.5975207922	243.023281391852
14870.1374088948	69.7873854553348
12751	180
17465.4722738091	653.538836658613
11959	490
5654.55104392436	475.855625437425
3902	497
15416.7291505289	440.896782016988
16318.456584985	129.665812585625
12737.3764711789	34
9793.58354131479	633
2601.08196228718	50.7031501401771
6345	660
10648.6483141878	544.330125415992
16721.8192001078	316.25196010402
6058.37084649539	165.737012456996
14388.0863055296	139
17119.9907311668	601.26794703794
17725.6195250447	160.380474955346
8725	198.454113103016
13460.3695387154	125.293864975511
12820.8194446205	3.39702501525137
14918	37.479318893045
15568.9039456994	402.696403426316
7097.42385030519	363.069502149744
17163	202.205338272862
172.852143450802	486.15176993183
9065	611
5003.48490553956	412
16281.7556386493	349
11702.4539432023	407.777326595
8259.29110576266	26.9461433750781
14090	411.963466559114
6870.76602134079	103.399956728589
4479.61078755795	386.797557190738
7523.83656820035	536.882429990695
16524.1923814013	610.484227627654
2185.72947652468	153.735201341042
15832.3661889146	638
11002.9962811118	270.241636426434
13956.2826973509	266.002299188624
353.839439017097	588.650466356373
14356	349.257676053775
4724.37820887092	614.979420952024
9043.86822435917	391
8496.91490514256	633.472864586619
18054.9535395321	28
9151	133.422705852799
1682.89005786221	63.4011967271606
14138.6179008075	97.4036093397348
15924.4296565726	223
836.944720251673	360.034933472418
2663.5431298052	211
14943.2405848507	232.367273358977
7665.97715991319	77.3188881127831
4776.34140785048	200.087712095127
362.444102640524	401
5778	297
3067.31800743348	110.818301806144
2416.48318236768	40
9376.21962986849	2.51901671246264
3810.56343960049	506.233709640646
15316.6986793035	202.335608420772
15828	73
11082	62
12394.9556858762	590.549814004676
10439.7350736911	157.31347729814
13907.3723270533	241.868929949978
9821.21613860304	139.097641456238
11326.1550439934	174.304891470273
6351.87208715527	364.808098749706
4262.46338426913	417.72111234266
18199.1628221666	335.188430144611
12549.4054792482	490.806795820429
13574.7815878037	43.0186172935819
7175	424
8451.59572744836	404.65112946905
12481.2093345347	430.682307033936
6473.24064468325	513.616401078765
3019.91456262624	467
8964.4725599343	169.474003860729
15337.1765934086	422.965370040743
7060	324.529471394358
11523.1057622867	297.833973055317
774.430804518793	472.760070712087
1750.44854532789	54.9615605512932
10613.2543524616	426.557564897854
14729.144388826	36.1355599850795
9934.76186454818	634.972772369961
2426.81944895332	392
4862	43
14641	105.489070842453
14843.5142185085	150.902332024797
17081.8072776365	446.282143786188
8749.13825716203	405.170742135211
15944.6487524812	139.343224116109
14235	727.458180047145
1255.88601261331	551.554630477206
9974.00554237118	661.710902107851
13195.730966203	32.6774249263419
5720.00599300819	147.55176976717
6220.17431315406	333.394955923435
4490.67568997087	224.472292110344
10872.3450642939	102.531643715552
11145.7929953657	143.54020134139
10601.5682509641	340.950764719803
1623.14557607212	420.368682047024
13724	17
153.360898504422	661.087030790312
4831.40768765988	286.808230443436
7724.25425941765	471.043318658258
1015.91168034782	240.343470860491
422.257163770119	17.6504525593725
6591.01315502787	223.38281207033
15007.456468243	445
3357.48491530744	11
1736.72956977321	108.527073536664
17920.2792472501	236.612545261317
16513.5009223152	557.52589197589
4256.57288807256	9.33816156773695
5931.83827973672	100.931102998168
17027	428
559.261966613514	233.501898108592
15395.0978100127	123.11077922565
15545.9748709633	4.95728791090363
5149.49447820308	171
10331.5022676531	449
12349.448747962	348.744235042007
9028.6182684839	348.739364554148
12856.0932226112	742.550513496539
17454.9137754397	461.416445781431
8143.6709993317	173.083880491424
14223.0557541315	428.479086629324
2782.52898884492	632
12229.4803682603	60.9559123843856
18223.6955961165	502.483510171459
16305.5494896253	591.537322930326
5045.28947467427	223.041322534258
15232.5937558874	11.2317536672935
16264.0459063379	230.364930787604
1963.92177030915	670.603066174165
5038.50267327564	469
7030.91433733012	476.693858171949
31.2236168242368	42.0954697676455
4944.43885288324	329.467015174951
7147	474
7609.36317553094	292.233679963852
4501.29233902209	668.024393404956
3998.03591523628	397.874650247944
10362	406
14229.6148794535	310
12404	19
10543.1609669017	491.634428097753
13703.75368946	590.073858676143
15859.8010915446	110
9611.49450809043	139.194292177945
10938	557.420246431274
13830.8849364714	332.257812568294
1641.95371040273	169.374517327726
4407.98033961923	569.972481057728
5661.63802467679	366.151516291875
11248.9154628346	15.101776710901
10732	202
9365.22891357656	345
9175	647.675059426222
4335.59544569087	82.5977684106549
8123.64980942752	532.392738636862
4352.53998160278	12.5681892525961
4352	192.597763180896
3279.63827606461	658.271117071086
3449	146.045137374753
3847.72853806327	254.234237354804
14968	116
1593.57519676244	475
16515.4155975606	138.724379439837
16185.1059821139	305.365125079735
6838.45739847381	280.257585519679
16802.5844117466	228.50779320407
4069.51849575543	288
6002	81.447449011414
2662.33128709938	267.602874147803
3433.6608498774	102.831697107514
15297.6367451451	516.119019038729
6154.79993790397	96
6746.42209858448	130
1192	248
16626	248
6783.53493271676	96
14852.1618658234	607.519848406609
11998.0819417278	546.262264868649
8058.57225195651	374
6680.72122197808	289.072382031552
3351	175
798.538768278039	636.517020227004
11785.6002344287	287.135527840683
11848.2804032547	192.338824715535
2039.95175364003	205.453669945957
1374.68642315017	21.9847981159406
5714.39492328314	595.225096639046
8644.87582884317	337.060091124392
14868.8122509598	270.448916100955
15863.7569891428	463.134467962763
11559.9212837851	257.851389889782
15734	449.498483423042
11650.5893814319	32.5121653986653
18380.4580839963	2.64904130123693
6998.75426009097	436.928241607369
10901.5210584685	68.3336237632107
14074.3702211169	363
2073.9175177092	258.894794294763
8767.10629281361	225.753397106293
5128	119.491300040694
10821.5222170231	133.528721235151
12624.4924711016	236
15281.1346346426	374.534485365163
2300	210
774.404668959142	232.568183911211
11563	25
18152	451.251963402088
13633	245
1538	402.51336798071
5724.60043608719	660.610023945205
8303	419
2463	352
513	240
17062.7548597468	316.025372104388
7768.55841362346	451.063112449894
9160.79268184228	256.086678994792
14155.6508039048	151.988789362731
2209.64612771362	61.349752098095
15870.2469247495	398.425738146823
11637.898364332	557.695764807737
4619.99658791447	142.223552097924
1288	256
9147.23088777897	318.47603108235
17151.3876201329	558.546129942753
17706.5107795176	484.467866940046
8733	461.462649989803
10654.0362305908	118.206481775122
3989.73652481479	80.9095225169005
904.24547605901	449.400098933161
10617.5706166385	88.5825642240751
6764.85113355876	211.625765764447
17889	187
6547.13874707621	262.279169316755
14114.6271614845	203.532489435617
14267.8763878668	9.84696058086805
5014.74890709808	14.4780790350544
13545	371
5963.6072807632	687.423129477277
2778.33983799492	36.9924251402689
10174.9110415823	287.517063814956
2359.00984877595	409.283825223679
15714.9847314164	122.545898196635
15623.1429406479	173.456539187563
17994.3899783017	7.23343309960127
7416	375
8229.75219708384	102.056354423247
726.862677169235	353.849313825197
16668.512742855	221.101002170645
16604.6402522128	204.508970842507
8688.50569305869	448.503028750382
12611.000129445	290.785579753461
2947.10135033909	183
12777	559.511988132856
10510.8986251503	129
17882.6416716717	521.63238080852
7973.36892362156	456.791484342676
6937.39616462472	130
17853.5122139814	159
17050.5113850595	2.51571846185168
16302.3674328723	660.160438478534
17785.9362229197	271
7015.96014388566	349
15660	501
18104.5090553227	2.3952868867589
12.0514170714356	275.543078994586
15944	9.57072586076999
13910.4578543897	535.918392750054
12264.5275462579	112.256191728664
5188.18722588938	450.571187592849
13996.4200187225	455.244025418392
6930	276
10674.65760975	186.204541873334
5402	514
6605.3251535092	47.2602500839704
5172	212.464899602502
14582.9688468451	67.6190258158351
2179.68640326058	13.1193322605204
17855.9323240723	16.2365600256
14112	595.559600991974
11091.6697199777	178
3048.10316298614	224.299179399869
3950.23119541315	180.477097654134
17265.9618879047	199.708027604739
17816.3386409119	619.369626254489
13151.835230791	22.023573371322
11848.2337878129	29.1193388648901
11415.3587881158	472.313858195293
5859.98358251419	253.235514375916
2826.9258909296	227.61227738374
2917.31733998539	143.291612733009
6042.43589502795	102.704660527502
1241.46769145593	664.261479889336
18382	76
16755.1132346182	100.020732448714
10931.785246642	623.810829013446
5067.54829683869	645.904667033887
6279.74857655735	553.429376135825
15247.934942631	440.570062278704
5143	54.0579121957148
6871.22795196779	248.362428066562
4828.6803981	527.027805463631
7761.45308584436	501.22825443781
1552.58965426573	292
8124	32
2319	260.790717864256
1139.98945132183	468.771143101584
12803.5286701039	185
2476.02026218611	304.765712504901
10048.9106708344	688.386744784731
6547.06257060824	18.5026916881144
9250	528
2246.43982910991	227.486220823959
10627.2659984647	2.45552249669095
12771.4931950223	439.812865196528
7332.65056515505	3.16869365592157
12603.7081710142	409.739185330322
463.323296090348	677.873350449495
12285.7251891627	530.588230145484
3867.68052165126	11.2634015524151
9307.64606846931	652.438489857171
14583.836290595	140.291691286076
9567.90447457901	602.128314430365
16278.7857106002	7.94440057987816
750.26462069174	522.729263514349
16955	289.519393263426
7312.53420223415	51
3581.33047704028	737.354457766809
4071.5626391414	1.97006639664791
17099.1262401681	47.8678166987821
18513	333.608029315309
704	282
5.56123714492762	322
7849.52672155703	119.341329927986
18000	699.03686288336
14585.0727828856	750.622969177667
8270.21935821629	146.265767269283
11180.5500173407	1.83926328763198
11826	131
8558	736.48959897048
5532.87957009192	3.3234967412065
17007.3846914483	327.433209949187
9098	491
16845.4707203664	2.40461540028197
15437.2815955488	11.6524751282222
12356	798
3882.68449229041	64.2928282902124
11356.6558097713	7.40940166002568
6632.93420442189	2.44472821960322
12268.8391015158	3.3986040014883
14765.5279429282	471
6468.57302328559	16.6393339421235
15682.5612589065	3
5138.43618338167	515
15372.2687823071	687.212895872927
4992.90011706372	684.314206618561
17228.4989462278	684.501053772163
2298.57208155403	2.86623145676652
14055.0195398894	688.943407964834
5365.99289388323	2.03118790370648
8779.71460650819	681.95763883309
5778.05217829961	681.911781890563
15687.8317557452	703.82370221107
1986.53319631957	195.627829932047
14003.2979246188	702.370271513886
13951	683
8847.2735932745	2.95223954800248
17144.3995575546	7.08486850585371
2088.15133105307	708.41138297836
702.536796394463	719.948173871589
1417.21089418887	6.79112819682838
5786.68073226272	9
5722.23310346022	4.56451868209413
17958.0172109585	666.368461248055
16647.8681617911	720.659312731261
9058.61819907601	695.492612991571
18516.4094749046	765.157327558005
1374.61113793983	658.765708178639
8287.34042565321	680.533125393661
17375.9238009259	712.83036033064
16414.1965484536	701.147606703699
16020.3756590332	747.145196133562
