0,386323268206039	0,000196589177765764	0	0,000196589177765764	0
0,395204262877442	0	0	0,000196589177765764	0
0,404085257548846	0	0	0,000196589177765764	0
0,412966252220249	0	0	0,000196589177765764	0
0,421847246891652	0	0	0,000196589177765764	0
0,430728241563055	9,8294588882882e-05	0	0,000294883766648646	0
0,439609236234458	0	0	0,000294883766648646	0
0,448490230905861	0	0	0,000294883766648646	0
0,457371225577265	0	0	0,000294883766648646	0
0,466252220248668	0	0	0,000294883766648646	0
0,475133214920071	0	0	0,000294883766648646	0
0,484014209591474	0	0	0,000294883766648646	0
0,492895204262878	0	0	0,000294883766648646	0
0,501776198934281	0	0	0,000294883766648646	0
0,510657193605684	0	0	0,000294883766648646	0
0,519538188277087	0	0	0,000294883766648646	0
0,52841918294849	9,8294588882882e-05	0	0,000393178355531528	0
0,537300177619893	0	0	0,000393178355531528	0
0,546181172291297	9,8294588882882e-05	0	0,00049147294441441	0
0,5550621669627	0	0	0,00049147294441441	0
0,563943161634103	0	0	0,00049147294441441	0
0,572824156305506	0	0	0,00049147294441441	0
0,581705150976909	9,8294588882882e-05	0	0,000589767533297292	0
0,590586145648313	0	0	0,000589767533297292	0
0,599467140319716	0	0	0,000589767533297292	0
0,608348134991119	0	0	0,000589767533297292	0
0,617229129662522	9,8294588882882e-05	0	0,000688062122180174	0
0,626110124333925	0	0	0,000688062122180174	0
0,634991119005329	9,8294588882882e-05	0	0,000786356711063056	0
0,643872113676732	0	0	0,000786356711063056	0
0,652753108348135	0	0	0,000786356711063056	0
0,661634103019538	9,8294588882882e-05	0	0,000884651299945938	0
0,670515097690941	0	0	0,000884651299945938	0
0,679396092362345	0	0	0,000884651299945938	0
0,688277087033748	9,8294588882882e-05	0	0,00098294588882882	0
0,697158081705151	0	0	0,00098294588882882	0
0,706039076376554	9,8294588882882e-05	0	0,0010812404777117	0
0,714920071047958	0,000196589177765764	0	0,00127782965547747	0
0,723801065719361	0,000196589177765764	0	0,00147441883324323	0
0,732682060390764	0	0	0,00147441883324323	0
0,741563055062167	0	0	0,00147441883324323	0
0,75044404973357	0	0	0,00147441883324323	0
0,759325044404973	0	0	0,00147441883324323	0
0,768206039076377	0,000393178355531528	0	0,00186759718877476	0
0,77708703374778	0,000294883766648646	0	0,0021624809554234	0
0,785968028419183	9,8294588882882e-05	0	0,00226077554430629	0
0,794849023090586	0,000294883766648646	0	0,00255565931095493	0
0,803730017761989	0,00049147294441441	0	0,00304713225536934	0
0,812611012433393	0,000393178355531528	0	0,00344031061090087	0
0,821492007104796	0,000688062122180174	0	0,00412837273308104	0
0,830373001776199	0,00127782965547747	0	0,00540620238855851	0
0,839253996447602	0,000786356711063056	0	0,00619255909962157	0
0,848134991119005	0,0010812404777117	0	0,00727379957733327	0
0,857015985790409	0,00265395389983781	0	0,00992775347717108	0
0,865896980461812	0,00206418636654052	0	0,0119919398437116	0
0,874777975133215	0,00314542684425222	0	0,0151373666879638	0
0,883658969804618	0,00353860519978375	0	0,0186759718877476	0
0,892539964476021	0,00412837273308104	0	0,0228043446208286	0
0,901420959147425	0,00412837273308104	0	0,0269327173539097	0
0,910301953818828	0,0038334889664324	0	0,0307662063203421	0
0,919182948490231	0,00648744286627021	0	0,0372536491866123	0
0,928063943161634	0,00825674546616209	0	0,0455103946527744	0
0,936944937833038	0,00668403204403598	0	0,0521944266968103	0
0,945825932504441	0,0098294588882882	0	0,0620238855850985	0
0,954706927175844	0,0109106993659999	0	0,0729345849510984	0
0,963587921847247	0,00943628053275667	0	0,0823708654838551	0
0,97246891651865	0,0131714749103062	0	0,0955423403941613	0
0,981349911190053	0,0113038777215314	0	0,106846218115693	0
0,990230905861457	0,0142527153880179	0	0,121098933503711	0
0,99911190053286	0,0151373666879638	0	0,136236300191674	0
1,00799289520426	0,0119919398437116	0	0,148228240035386	0
1,01687388987567	0,0151373666879638	0	0,16336560672335	0
1,02575488454707	0,0196589177765764	0,000168215652466462	0,183024524499926	0,000168215652466462
1,03463587921847	0,0162186071656755	0,41936162159889	0,199243131665602	0,419529837251356
1,04351687388988	0,0236889959207746	0,0264098574372345	0,222932127586376	0,445939694688591
1,05239786856128	0,0186759718877476	0,0179990748139114	0,241608099474124	0,463938769502502
1,06127886323268	0,0239838796874232	0,0142983304596493	0,265591979161547	0,478237099962151
1,07015985790409	0,0213299257875854	0,0108499095840868	0,286921904949133	0,489087009546238
1,07904085257549	0,0213299257875854	0,00933596871188864	0,308251830736718	0,498422978258127
1,08792184724689	0,023295817565243	0,0100088313217545	0,331547648301961	0,508431809579881
1,09680284191829	0,0221654297930899	0,0105975861053871	0,353713078095051	0,519029395685269
1,1056838365897	0,0223128716764142	0,0106816939316203	0,376025949771465	0,529711089616889
1,1145648312611	0,0218213987319998	0,00992472349552126	0,397847348503465	0,53963581311241
1,1234458259325	0,0255565931095493	0,00765381218722402	0,423403941613014	0,547289625299634
1,13232682060391	0,0212316311987025	0,00899953740695572	0,444635572811717	0,55628916270659
1,14120781527531	0,0252617093429007	0,00883132175448926	0,469897282154617	0,565120484461079
1,15008880994671	0,024180468865189	0,00883132175448926	0,494077751019806	0,573951806215568
1,15896980461812	0,0231975229763602	0,00883132175448926	0,517275273996167	0,582783127970058
1,16785079928952	0,0213299257875854	0,00807435131839018	0,538605199783752	0,590857479288448
1,17673179396092	0,023295817565243	0,00866310610202279	0,561901017348995	0,599520585390471
1,18561278863233	0,0182827935322161	0,0103452626266874	0,580183810881211	0,609865848017158
1,19449378330373	0,0218213987319998	0,00824256697085664	0,602005209613211	0,618108414988015
1,20337477797513	0,0180862043544503	0,00799024349215694	0,620091413967661	0,626098658480172
1,21225577264654	0,0179879097655674	0,00899953740695572	0,638079323733229	0,635098195887127
1,22113676731794	0,0154813977490539	0,00740148870852433	0,653560721482283	0,642499684595652
1,23001776198934	0,0162186071656755	0,00832667479708987	0,669779328647958	0,650826359392742
1,23889875666075	0,013368064088072	0,00765381218722402	0,68314739273603	0,658480171579966
1,24777975133215	0,012483412788126	0,00773792001345725	0,695630805524156	0,666218091593423
1,25666074600355	0,0144493045657837	0,00765381218722402	0,71008011008994	0,673871903780647
1,26554174067496	0,0137612424436035	0,00723327305605787	0,723841352533543	0,681105176836705
1,27442273534636	0,0125817073770089	0,00765381218722402	0,736423059910552	0,688758989023929
1,28330373001776	0,0114021723104143	0,00714916522982463	0,747825232220966	0,695908154253754
1,29218472468917	0,0113038777215314	0,0070650574035914	0,759129109942498	0,702973211657345
1,30106571936057	0,00963286971052244	0,00756970436099079	0,76876197965302	0,710542916018336
1,30994671403197	0,00904310217722514	0,00756970436099079	0,777805081830245	0,718112620379327
1,31882770870337	0,00894480758834226	0,0084107826233231	0,786749889418588	0,72652340300265
1,32770870337478	0,010026048066054	0,00756970436099079	0,796775937484642	0,734093107363641
1,33658969804618	0,00786356711063056	0,00588754783632617	0,804639504595272	0,739980655199967
1,34547069271758	0,0114021723104143	0,0073173808822911	0,816041676905687	0,747298036082258
1,35435168738899	0,00864992382169362	0,00714916522982463	0,82469160072738	0,754447201312082
1,36323268206039	0,0070772103995675	0,00723327305605787	0,831768811126948	0,76168047436814
1,37211367673179	0,00619255909962157	0,00790613566592371	0,837961370226569	0,769586610034064
1,3809946714032	0,00717550498845039	0,00790613566592371	0,84513687521502	0,777492745699988
1,3898756660746	0,00688062122180174	0,00664451827242525	0,852017496436821	0,784137263972413
1,398756660746	0,00550449697744139	0,00723327305605787	0,857521993414263	0,791370537028471
1,40763765541741	0,00668403204403598	0,00807435131839018	0,864206025458299	0,799444888346861
1,41651865008881	0,00609426451073868	0,00656041044619202	0,870300289969038	0,806005298793053
1,42539964476021	0,00717550498845039	0,00773792001345725	0,877475794957488	0,81374321880651
1,43428063943162	0,00609426451073868	0,00765381218722402	0,883570059468227	0,821397030993735
1,44316163410302	0,00570108615520716	0,00613987131502586	0,889271145623434	0,82753690230876
1,45204262877442	0,0049147294441441	0,00609781740190925	0,894185875067578	0,83363471971067
1,46092362344583	0,00471814026637834	0,00773792001345725	0,898904015333956	0,841372639724127
1,46980461811723	0,00530790779967563	0,00723327305605787	0,904211923133632	0,848605912780185
1,47868561278863	0,00363689978866663	0,00698094957735817	0,907848822922298	0,855586862357543
1,48756660746004	0,0059959699218558	0,00735943479540771	0,913844792844154	0,862946297152951
1,49644760213144	0,00442325649972969	0,00588754783632617	0,918268049343884	0,868833844989277
1,50532859680284	0,00373519437754952	0,00681273392489171	0,922003243721433	0,875646578914169
1,51420959147425	0,00412837273308104	0,0073173808822911	0,926131616454515	0,88296395979646
1,52309058614565	0,0038334889664324	0,00546700870516002	0,929965105420947	0,88843096850162
1,53197158081705	0,00363689978866663	0,00630808696749233	0,933602005209614	0,894739055469112
1,54085257548845	0,0038334889664324	0,00723327305605787	0,937435494176046	0,90197232852517
1,54973357015986	0,0027522484887207	0,00588754783632617	0,940187742664767	0,907859876361496
1,55861456483126	0,00304713225536934	0,00546700870516002	0,943234874920136	0,913326885066656
1,56749555950266	0,00245736472207205	0,00588754783632617	0,945692239642208	0,919214432902982
1,57637655417407	0,00186759718877476	0,00580344001009294	0,947559836830983	0,925017872913075
1,58525754884547	0,00255565931095493	0,00454182261659447	0,950115496141938	0,92955969552967
1,59413854351687	0,00235907013318917	0,00521468522646032	0,952474566275127	0,93477438075613
1,60301953818828	0,00285054307760358	0,00365869044114555	0,955325109352731	0,938433071197276
1,61190053285968	0,00176930259989188	0,0037848521804954	0,957094411952622	0,942217923377771
1,62078152753108	0,00117953506659458	0,00412128348542832	0,958273947019217	0,946339206863199
1,62966252220249	0,00211333366098196	0,00386896000672863	0,960387280680199	0,950208166869928
1,63854351687389	0,00117953506659458	0,00319609739686278	0,961566815746794	0,953404264266791
1,64742451154529	0,00117953506659458	0,0037848521804954	0,962746350813388	0,957189116447286
1,6563055062167	0,000786356711063056	0,00294377391816309	0,963532707524451	0,960132890365449
1,6651865008881	0,00117953506659458	0,00311198957062955	0,964712242591046	0,963244879936079
1,6740674955595	0,000786356711063056	0,00176626435089785	0,965498599302109	0,965011144286977
1,68294849023091	0,00098294588882882	0,00260734261323016	0,966481545190938	0,967618486900207
1,69182948490231	0,000786356711063056	0,00151394087219816	0,967267901902001	0,969132427772405
1,70071047957371	0,00049147294441441	0,00100929391479877	0,967759374846415	0,970141721687204
1,70959147424512	0,000589767533297292	0,001093401741032	0,968349142379713	0,971235123428236
1,71847246891652	0,000688062122180174	0,00084107826233231	0,969037204501893	0,972076201690568
1,72735346358792	0,000688062122180174	0,00084107826233231	0,969725266624073	0,9729172799529
1,73623445825933	0,000638914827738733	0,00084107826233231	0,970364181451812	0,973758358215232
1,74511545293073	0,00049147294441441	0,000588754783632617	0,970855654396226	0,974347112998865
1,75399644760213	0,000786356711063056	0,001093401741032	0,971642011107289	0,975440514739897
1,76287744227353	0,000393178355531528	0,00117750956726523	0,972035189462821	0,976618024307162
1,77175843694494	0,000393178355531528	0,000252323478699693	0,972428367818352	0,976870347785862
1,78063943161634	0,00098294588882882	0,000504646957399386	0,973411313707181	0,977374994743262
1,78952042628774	0,00049147294441441	0,00084107826233231	0,973902786651596	0,978216073005594
1,79840142095915	0,000294883766648646	0,000252323478699693	0,974197670418244	0,978468396484294
1,80728241563055	0,000688062122180174	0,000420539131166155	0,974885732540425	0,97888893561546
1,81616341030195	0,000294883766648646	0,000336431304932924	0,975180616307073	0,979225366920393
1,82504440497336	0,000196589177765764	0,00100929391479877	0,975377205484839	0,980234660835191
1,83392539964476	0,000393178355531528	8,4107826233231e-05	0,975770383840371	0,980318768661425
1,84280639431616	0,000196589177765764	0,000252323478699693	0,975966973018136	0,980571092140124
1,85168738898757	0,000196589177765764	0,000588754783632617	0,976163562195902	0,981159846923757
1,86056838365897	0,000393178355531528	0,000756970436099079	0,976556740551434	0,981916817359856
1,86944937833037	0,000393178355531528	0,000252323478699693	0,976949918906965	0,982169140838556
1,87833037300178	0,000294883766648646	0,000252323478699693	0,977244802673614	0,982421464317256
1,88721136767318	9,8294588882882e-05	0,000168215652466462	0,977343097262497	0,982589679969722
1,89609236234458	0,000196589177765764	0,000252323478699693	0,977539686440262	0,982842003448422
1,90497335701599	0,000393178355531528	0	0,977932864795794	0,982842003448422
1,91385435168739	0,000196589177765764	0,000252323478699693	0,97812945397356	0,983094326927122
1,92273534635879	0,00049147294441441	0,000252323478699693	0,978620926917974	0,983346650405821
1,9316163410302	0,000393178355531528	0,000168215652466462	0,979014105273506	0,983514866058288
1,9404973357016	0,000294883766648646	0	0,979308989040154	0,983514866058288
1,949378330373	9,8294588882882e-05	0,000168215652466462	0,979407283629037	0,983683081710754
1,95825932504441	0,000294883766648646	8,4107826233231e-05	0,979702167395686	0,983767189536987
1,96714031971581	9,8294588882882e-05	8,4107826233231e-05	0,979800461984569	0,983851297363221
1,97602131438721	0,000196589177765764	0,000252323478699693	0,979997051162335	0,98410362084192
1,98490230905862	0,000294883766648646	8,4107826233231e-05	0,980291934928983	0,984187728668154
1,99378330373002	9,8294588882882e-05	0,000252323478699693	0,980390229517866	0,984440052146853
2,00266429840142	0	8,4107826233231e-05	0,980390229517866	0,984524159973087
2,01154529307282	0,000688062122180174	0,000504646957399386	0,981078291640046	0,985028806930486
2,02042628774423	9,8294588882882e-05	0,000252323478699693	0,981176586228929	0,985281130409186
2,02930728241563	0	8,4107826233231e-05	0,981176586228929	0,985365238235419
2,03818827708703	0,000196589177765764	8,4107826233231e-05	0,981373175406695	0,985449346061652
2,04706927175844	0,000196589177765764	0,000210269565583078	0,981569764584461	0,985659615627235
2,05595026642984	0,000294883766648646	0,000336431304932924	0,981864648351109	0,985996046932168
2,06483126110124	0,00049147294441441	0,000336431304932924	0,982356121295524	0,986332478237101
2,07371225577265	9,8294588882882e-05	0,000168215652466462	0,982454415884407	0,986500693889568
2,08259325044405	0	0,000336431304932924	0,982454415884407	0,986837125194501
2,09147424511545	0	0,000168215652466462	0,982454415884407	0,987005340846967
2,10035523978686	0,000688062122180174	0	0,983142478006587	0,987005340846967
2,10923623445826	0	0,000252323478699693	0,983142478006587	0,987257664325667
2,11811722912966	9,8294588882882e-05	0	0,98324077259547	0,987257664325667
2,12699822380107	0,000196589177765764	0,000168215652466462	0,983437361773236	0,987425879978133
2,13587921847247	0,000393178355531528	0,000252323478699693	0,983830540128767	0,987678203456833
2,14476021314387	9,8294588882882e-05	8,4107826233231e-05	0,98392883471765	0,987762311283066
2,15364120781528	9,8294588882882e-05	0,000168215652466462	0,984027129306533	0,987930526935533
2,16252220248668	0,000294883766648646	0,000336431304932924	0,984322013073182	0,988266958240466
2,17140319715808	0,000147441883324323	0,000168215652466462	0,984469454956506	0,988435173892932
2,18028419182949	9,8294588882882e-05	0,000168215652466462	0,984567749545389	0,988603389545399
2,18916518650089	0,000294883766648646	0	0,984862633312037	0,988603389545399
2,19804618117229	9,8294588882882e-05	0,000168215652466462	0,98496092790092	0,988771605197865
2,20692717584369	0,000294883766648646	0	0,985255811667569	0,988771605197865
2,2158081705151	0,000393178355531528	0	0,9856489900231	0,988771605197865
2,2246891651865	0,000393178355531528	0,000336431304932924	0,986042168378632	0,989108036502798
2,2335701598579	0,000196589177765764	8,4107826233231e-05	0,986238757556398	0,989192144329031
2,24245115452931	0,000196589177765764	8,4107826233231e-05	0,986435346734164	0,989276252155265
2,25133214920071	0,000294883766648646	0,000168215652466462	0,986730230500812	0,989444467807731
2,26021314387211	0,000196589177765764	0,000168215652466462	0,986926819678578	0,989612683460198
2,26909413854352	9,8294588882882e-05	0,000168215652466462	0,987025114267461	0,989780899112664
2,27797513321492	0,000393178355531528	0	0,987418292622992	0,989780899112664
2,28685612788632	0	8,4107826233231e-05	0,987418292622992	0,989865006938897
2,29573712255773	0,000294883766648646	0,000168215652466462	0,987713176389641	0,990033222591364
2,30461811722913	0	0	0,987713176389641	0,990033222591364
2,31349911190053	0	0	0,987713176389641	0,990033222591364
2,32238010657194	9,8294588882882e-05	0,000168215652466462	0,987811470978524	0,99020143824383
2,33126110124334	0,000196589177765764	8,4107826233231e-05	0,98800806015629	0,990285546070064
2,34014209591474	0,00049147294441441	8,4107826233231e-05	0,988499533100704	0,990369653896297
2,34902309058615	0	0,000168215652466462	0,988499533100704	0,990537869548763
2,35790408525755	0,000393178355531528	0,000168215652466462	0,988892711456236	0,99070608520123
2,36678507992895	0,000196589177765764	0	0,989089300634001	0,99070608520123
2,37566607460036	9,8294588882882e-05	8,4107826233231e-05	0,989187595222884	0,990790193027463
2,38454706927176	0,000196589177765764	0	0,98938418440065	0,990790193027463
2,39342806394316	9,8294588882882e-05	0,000252323478699693	0,989482478989533	0,991042516506163
2,40230905861457	0,000393178355531528	0	0,989875657345065	0,991042516506163
2,41119005328597	0,000393178355531528	0,000252323478699693	0,990268835700596	0,991294839984863
2,42007104795737	9,8294588882882e-05	0	0,990367130289479	0,991294839984863
2,42895204262877	9,8294588882882e-05	0	0,990465424878362	0,991294839984863
2,43783303730018	9,8294588882882e-05	0,000168215652466462	0,990563719467245	0,991463055637329
2,44671403197158	9,8294588882882e-05	8,4107826233231e-05	0,990662014056128	0,991547163463562
2,45559502664298	0,000294883766648646	0,000252323478699693	0,990956897822776	0,991799486942262
2,46447602131439	0,000294883766648646	0,000336431304932924	0,991251781589425	0,992135918247195
2,47335701598579	0	0,000168215652466462	0,991251781589425	0,992304133899661
2,48223801065719	0,000196589177765764	0,000168215652466462	0,991448370767191	0,992472349552128
2,4911190053286	9,8294588882882e-05	8,4107826233231e-05	0,991546665356074	0,992556457378361
2,5	9,8294588882882e-05	8,4107826233231e-05	0,991644959944956	0,992640565204594
2,5088809946714	0,000196589177765764	0,000168215652466462	0,991841549122722	0,992808780857061
2,51776198934281	0	0,000210269565583078	0,991841549122722	0,993019050422644
2,52664298401421	0	8,4107826233231e-05	0,991841549122722	0,993103158248877
2,53552397868561	9,8294588882882e-05	0	0,991939843711605	0,993103158248877
2,54440497335702	9,8294588882882e-05	0	0,992038138300488	0,993103158248877
2,55328596802842	0,000196589177765764	0,000252323478699693	0,992234727478254	0,993355481727577
2,56216696269982	9,8294588882882e-05	0	0,992333022067137	0,993355481727577
2,57104795737123	0	8,4107826233231e-05	0,992333022067137	0,99343958955381
2,57992895204263	0	0	0,992333022067137	0,99343958955381
2,58880994671403	0	8,4107826233231e-05	0,992333022067137	0,993523697380044
2,59769094138544	0	0,000168215652466462	0,992333022067137	0,99369191303251
2,60657193605684	0,000196589177765764	8,4107826233231e-05	0,992529611244902	0,993776020858743
2,61545293072824	0	0	0,992529611244902	0,993776020858743
2,62433392539964	0	0	0,992529611244902	0,993776020858743
2,63321492007105	9,8294588882882e-05	0,000168215652466462	0,992627905833785	0,99394423651121
2,64209591474245	9,8294588882882e-05	0	0,992726200422668	0,99394423651121
2,65097690941385	0,000196589177765764	8,4107826233231e-05	0,992922789600434	0,994028344337443
2,65985790408526	0	0	0,992922789600434	0,994028344337443
2,66873889875666	0	0,000168215652466462	0,992922789600434	0,99419655998991
2,67761989342806	0	0	0,992922789600434	0,99419655998991
2,68650088809947	0,000196589177765764	0	0,9931193787782	0,99419655998991
2,69538188277087	9,8294588882882e-05	8,4107826233231e-05	0,993217673367083	0,994280667816143
2,70426287744227	0	0,000252323478699693	0,993217673367083	0,994532991294843
2,71314387211368	0,000294883766648646	0,000168215652466462	0,993512557133731	0,994701206947309
2,72202486678508	0	8,4107826233231e-05	0,993512557133731	0,994785314773542
2,73090586145648	9,8294588882882e-05	0,000168215652466462	0,993610851722614	0,994953530426009
2,73978685612789	9,8294588882882e-05	0	0,993709146311497	0,994953530426009
2,74866785079929	0,000196589177765764	8,4107826233231e-05	0,993905735489263	0,995037638252242
2,75754884547069	0,000196589177765764	0	0,994102324667029	0,995037638252242
2,7664298401421	9,8294588882882e-05	0	0,994200619255912	0,995037638252242
2,7753108348135	0	8,4107826233231e-05	0,994200619255912	0,995121746078475
2,7841918294849	9,8294588882882e-05	8,4107826233231e-05	0,994298913844794	0,995205853904709
2,79307282415631	0,000196589177765764	0	0,99449550302256	0,995205853904709
2,80195381882771	0	0	0,99449550302256	0,995205853904709
2,81083481349911	9,8294588882882e-05	0	0,994593797611443	0,995205853904709
2,81971580817052	9,8294588882882e-05	0,000168215652466462	0,994692092200326	0,995374069557175
2,82859680284192	0	0,000210269565583078	0,994692092200326	0,995584339122758
2,83747779751332	0	0	0,994692092200326	0,995584339122758
2,84635879218472	9,8294588882882e-05	8,4107826233231e-05	0,994790386789209	0,995668446948991
2,85523978685613	0	0	0,994790386789209	0,995668446948991
2,86412078152753	9,8294588882882e-05	8,4107826233231e-05	0,994888681378092	0,995752554775225
2,87300177619893	9,8294588882882e-05	0,000168215652466462	0,994986975966975	0,995920770427691
2,88188277087034	9,8294588882882e-05	8,4107826233231e-05	0,995085270555857	0,996004878253924
2,89076376554174	0	0	0,995085270555857	0,996004878253924
2,89964476021314	0	0,000168215652466462	0,995085270555857	0,996173093906391
2,90852575488455	9,8294588882882e-05	8,4107826233231e-05	0,99518356514474	0,996257201732624
2,91740674955595	0	0	0,99518356514474	0,996257201732624
2,92628774422735	0	0	0,99518356514474	0,996257201732624
2,93516873889876	0,000196589177765764	0,000168215652466462	0,995380154322506	0,996425417385091
2,94404973357016	9,8294588882882e-05	8,4107826233231e-05	0,995478448911389	0,996509525211324
2,95293072824156	0	0,000336431304932924	0,995478448911389	0,996845956516257
2,96181172291297	0,000196589177765764	0	0,995675038089155	0,996845956516257
2,97069271758437	0	8,4107826233231e-05	0,995675038089155	0,99693006434249
2,97957371225577	0	8,4107826233231e-05	0,995675038089155	0,997014172168723
2,98845470692718	0	0	0,995675038089155	0,997014172168723
2,99733570159858	9,8294588882882e-05	0,000168215652466462	0,995773332678038	0,99718238782119
3,00621669626998	9,8294588882882e-05	0	0,995871627266921	0,99718238782119
3,01509769094139	0	8,4107826233231e-05	0,995871627266921	0,997266495647423
3,02397868561279	0	8,4107826233231e-05	0,995871627266921	0,997350603473656
3,03285968028419	0,000196589177765764	0	0,996068216444686	0,997350603473656
3,0417406749556	0	0	0,996068216444686	0,997350603473656
3,050621669627	9,8294588882882e-05	8,4107826233231e-05	0,996166511033569	0,997434711299889
3,0595026642984	0	0,000168215652466462	0,996166511033569	0,997602926952356
3,0683836589698	0	0	0,996166511033569	0,997602926952356
3,07726465364121	0,000196589177765764	0	0,996363100211335	0,997602926952356
3,08614564831261	0	8,4107826233231e-05	0,996363100211335	0,997687034778589
3,09502664298401	0	0,000168215652466462	0,996363100211335	0,997855250431056
3,10390763765542	0	0,000168215652466462	0,996363100211335	0,998023466083522
3,11278863232682	0	8,4107826233231e-05	0,996363100211335	0,998107573909755
3,12166962699822	9,8294588882882e-05	0	0,996461394800218	0,998107573909755
3,13055062166963	9,8294588882882e-05	0	0,996559689389101	0,998107573909755
3,13943161634103	0,000294883766648646	8,4107826233231e-05	0,996854573155749	0,998191681735989
3,14831261101243	0	0,000252323478699693	0,996854573155749	0,998444005214688
3,15719360568384	0	8,4107826233231e-05	0,996854573155749	0,998528113040922
3,16607460035524	0	0	0,996854573155749	0,998528113040922
3,17495559502664	0	0	0,996854573155749	0,998528113040922
3,18383658969805	0,000196589177765764	8,4107826233231e-05	0,997051162333515	0,998612220867155
3,19271758436945	9,8294588882882e-05	8,4107826233231e-05	0,997149456922398	0,998696328693388
3,20159857904085	9,8294588882882e-05	0	0,997247751511281	0,998696328693388
3,21047957371226	0	0	0,997247751511281	0,998696328693388
3,21936056838366	9,8294588882882e-05	0	0,997346046100164	0,998696328693388
3,22824156305506	0,000196589177765764	0,000168215652466462	0,99754263527793	0,998864544345855
3,23712255772647	0	0	0,99754263527793	0,998864544345855
3,24600355239787	0	8,4107826233231e-05	0,99754263527793	0,998948652172088
3,25488454706927	0	0	0,99754263527793	0,998948652172088
3,26376554174068	9,8294588882882e-05	0	0,997640929866813	0,998948652172088
3,27264653641208	0,000196589177765764	8,4107826233231e-05	0,997837519044578	0,999032759998321
3,28152753108348	9,8294588882882e-05	8,4107826233231e-05	0,997935813633461	0,999116867824554
3,29040852575488	0,000196589177765764	0	0,998132402811227	0,999116867824554
3,29928952042629	9,8294588882882e-05	0	0,99823069740011	0,999116867824554
3,30817051509769	0	0	0,99823069740011	0,999116867824554
3,31705150976909	9,8294588882882e-05	8,4107826233231e-05	0,998328991988993	0,999200975650788
3,3259325044405	9,8294588882882e-05	8,4107826233231e-05	0,998427286577876	0,999285083477021
3,3348134991119	0,000196589177765764	0	0,998623875755641	0,999285083477021
3,3436944937833	0,000294883766648646	0	0,99891875952229	0,999285083477021
3,35257548845471	9,8294588882882e-05	0	0,999017054111173	0,999285083477021
3,36145648312611	0	0	0,999017054111173	0,999285083477021
3,37033747779751	9,8294588882882e-05	4,20539131166155e-05	0,999115348700056	0,999327137390138
3,37921847246892	9,8294588882882e-05	0	0,999213643288939	0,999327137390138
3,38809946714032	9,8294588882882e-05	8,4107826233231e-05	0,999311937877822	0,999411245216371
3,39698046181172	9,8294588882882e-05	8,4107826233231e-05	0,999410232466704	0,999495353042604
3,40586145648313	0	0	0,999410232466704	0,999495353042604
3,41474245115453	0	0	0,999410232466704	0,999495353042604
3,42362344582593	9,8294588882882e-05	0,000168215652466462	0,999508527055587	0,999663568695071
3,43250444049734	9,8294588882882e-05	0	0,99960682164447	0,999663568695071
3,44138543516874	0	0	0,99960682164447	0,999663568695071
3,45026642984014	9,8294588882882e-05	8,4107826233231e-05	0,999705116233353	0,999747676521304
3,45914742451155	0,000196589177765764	0,000168215652466462	0,999901705411119	0,99991589217377
3,46802841918295	9,8294588882882e-05	8,4107826233231e-05	1	1
