5.714,0.273
9.371,0.173
21.246,0.361
27.695,0.180
28.704,0.202
45.300,0.259
62.171,0.173
268.642,0.382
58.590,0.552
78.006,0.466
54.726,0.618
74.350,0.671
52.882,0.730
68.412,0.729
76.229,0.680
106.297,0.753
141.484,0.714
145.335,0.712
236.417,0.733
11.276,0.800
14.670,0.789
36.367,0.773
41.369,0.832
49.714,0.760
64.188,0.738
65.545,0.834
66.851,0.810
79.678,0.773
96.410,0.800
98.992,0.771
108.876,0.760
109.998,0.749
113.097,0.832
119.964,0.776
125.684,0.825
127.143,0.802
134.683,0.814
140.262,0.773
150.000,0.777
156.472,0.785
9.929,0.956
12.562,0.880
17.443,0.864
33.714,0.893
69.723,0.840
72.461,0.898
87.234,0.899
89.779,0.895
95.141,0.829
100.417,0.880
103.356,0.877
111.351,0.897
114.133,0.807
116.154,0.872
136.000,0.840
138.519,0.885
142.552,0.820
144.159,0.914
147.610,0.894
157.887,0.851
159.160,0.905
161.252,0.846
165.543,0.823
200.939,0.847
216.990,0.840
283.162,0.840
286.191,0.836
304.424,0.914
307.752,0.868
312.308,0.872
22.859,0.980
31.487,0.960
40.054,0.981
51.657,0.900
57.415,0.920
88.504,0.946
92.533,0.960
97.869,0.960
107.619,0.920
117.548,0.938
121.294,0.885
123.780,0.951
129.644,0.958
146.498,0.977
148.728,0.973
152.478,0.980
162.466,0.945
166.723,0.975
168.016,0.944
169.888,1.013
172.306,0.976
186.131,0.928
188.364,0.975
189.644,0.927
191.741,0.974
193.229,0.960
206.360,0.928
212.786,0.982
220.842,0.916
231.334,0.918
279.275,0.974
287.428,0.992
293.886,0.915
310.672,0.938
313.474,0.955
1.812,0.987
7.982,1.009
35.162,1.069
37.731,1.012
46.452,1.036
48.190,1.040
83.432,1.020
93.798,1.032
102.121,1.021
104.704,1.015
118.764,0.987
122.400,1.000
128.550,1.023
131.027,0.989
132.291,1.042
133.355,1.018
137.122,0.989
151.441,1.022
174.625,1.069
180.276,1.027
181.884,1.019
194.457,1.075
195.621,1.017
196.952,1.020
198.211,1.069
202.220,1.034
203.843,1.058
205.085,1.047
210.494,1.082
214.040,0.989
215.314,1.020
218.480,1.026
223.678,1.004
228.762,1.010
241.442,1.049
257.559,0.995
263.781,1.017
269.820,1.040
271.218,1.046
272.349,1.018
273.807,0.997
284.382,1.034
291.230,1.048
295.106,1.011
297.050,1.077
300.459,1.010
306.743,1.020
309.333,1.000
6.636,1.116
30.324,1.060
38.855,1.054
45.031,1.117
62.324,1.125
80.951,1.091
84.727,1.100
154.018,1.088
171.179,1.091
173.599,1.074
184.785,1.096
199.426,1.046
207.691,1.135
209.050,1.096
219.817,1.066
222.175,1.056
226.971,1.100
232.859,1.069
233.981,1.113
237.670,1.130
239.068,1.076
244.040,1.130
246.441,1.132
247.944,1.088
253.151,1.106
254.590,1.070
256.156,1.100
259.089,1.076
260.474,1.072
262.099,1.089
277.562,1.080
281.698,1.079
289.905,1.120
292.457,1.080
305.522,1.106
71.309,1.173
86.058,1.182
90.874,1.171
155.297,1.149
164.190,1.217
179.048,1.181
183.492,1.217
211.636,1.149
225.027,1.229
229.847,1.135
235.145,1.171
249.011,1.175
251.245,1.167
264.990,1.200
266.319,1.155
276.096,1.316
298.154,1.179
302.896,1.184
0.686,1.210
3.146,1.317
15.959,1.258
20.152,1.353
24.926,1.307
56.118,1.286
175.910,1.266
187.237,1.248
299.367,1.256
29.188,1.371
43.197,1.320
59.848,1.320
240.306,1.350
245.377,1.320
4.343,1.394
13.698,1.457
77.237,1.398
280.512,1.399
18.383,1.469
27.749,1.464
177.568,1.440
242.728,1.467
288.559,1.499
53.922,1.549
115.029,1.578
160.101,1.637
5.527,1.631
9.181,1.693
26.440,1.660
78.645,1.697
250.074,1.653
268.766,1.708
301.582,1.625
21.370,1.792
61.429,1.712
63.473,1.736
73.846,1.729
82.319,1.715
112.004,1.779
153.430,1.793
157.241,1.777
267.601,1.718
293.336,1.774
42.031,1.835
50.687,1.811
89.000,1.840
110.513,1.807
124.936,1.866
140.800,1.806
143.227,1.865
308.509,1.818
24.108,1.920
32.650,1.858
40.667,1.901
49.486,1.880
75.486,1.956
91.941,1.869
109.019,1.989
126.552,1.880
131.543,1.880
136.706,1.941
139.374,1.863
144.679,1.907
150.340,1.937
151.969,1.985
155.937,1.902
189.227,1.952
200.422,1.910
216.231,1.888
285.304,1.913
1.465,1.973
11.429,1.960
12.495,1.960
35.827,1.951
58.494,1.979
65.085,1.945
66.398,2.033
67.790,2.015
87.600,1.955
95.488,2.050
96.964,2.015
99.750,1.973
105.705,2.029
120.827,2.051
135.564,1.971
141.897,1.986
145.805,2.025
147.206,1.967
148.283,2.017
149.326,2.022
158.535,1.973
169.162,1.965
174.127,1.967
185.682,2.009
201.844,2.033
205.638,1.930
217.600,1.980
226.002,1.985
231.868,1.971
235.886,1.992
261.354,2.008
282.518,1.960
295.743,2.015
309.638,2.024
14.970,2.047
17.446,2.074
34.194,2.101
52.648,2.040
101.032,2.044
107.733,2.010
113.696,2.101
117.069,2.063
119.848,2.000
130.116,2.053
132.771,2.080
134.268,2.038
154.781,2.016
180.973,2.029
182.932,2.080
190.207,2.104
192.706,2.059
197.751,2.074
207.543,2.060
223.357,2.086
228.038,2.040
252.145,2.066
257.019,2.067
258.345,2.027
263.810,2.040
270.583,2.088
274.893,2.014
303.782,2.113
48.267,2.144
57.239,2.118
90.133,2.160
98.203,2.218
103.208,2.160
118.324,2.120
122.171,2.193
123.739,2.191
128.916,2.195
138.210,2.120
165.295,2.120
167.962,2.144
175.487,2.109
194.003,2.139
196.264,2.094
236.997,2.193
247.468,2.100
265.212,2.221
278.248,2.115
304.838,2.120
307.335,2.133
311.374,2.143
312.630,2.109
31.030,2.189
45.679,2.230
55.181,2.258
69.203,2.219
83.910,2.188
93.689,2.208
161.295,2.206
163.868,2.209
171.793,2.187
173.008,2.211
176.627,2.228
184.366,2.265
188.001,2.232
203.159,2.214
204.457,2.223
213.507,2.218
214.989,2.198
219.067,2.266
220.297,2.214
229.257,2.200
239.388,2.188
244.627,2.262
253.904,2.259
255.293,2.226
273.829,2.213
283.657,2.200
286.303,2.189
291.025,2.219
294.608,2.218
306.189,2.211
3.323,2.560
7.695,2.315
22.815,2.342
38.460,2.303
70.608,2.291
71.905,2.263
79.962,2.280
81.217,2.329
178.520,2.346
179.789,2.269
186.570,2.291
191.238,2.280
195.068,2.269
212.474,2.269
221.597,2.246
224.744,2.307
233.354,2.267
246.132,2.328
260.041,2.300
279.369,2.331
287.448,2.263
289.674,2.347
299.126,2.314
6.504,2.438
10.268,2.351
19.163,2.408
37.181,2.380
44.460,2.394
77.728,2.393
102.171,2.320
104.533,2.345
162.629,2.343
166.626,2.348
170.607,2.347
199.191,2.422
209.735,2.347
210.821,2.334
230.535,2.382
234.514,2.360
241.713,2.400
272.561,2.352
298.111,2.373
85.163,2.431
106.753,2.486
248.724,2.440
281.409,2.506
296.818,2.425
300.703,2.491
302.524,2.480
39.636,2.533
43.030,2.507
53.784,2.545
60.391,2.567
74.563,2.582
208.677,2.486
238.190,2.547
243.475,2.502
266.584,2.527
277.210,2.548
0.305,2.560
16.152,2.600
20.419,2.600
76.436,2.613
82.873,2.616
86.633,2.640
206.640,2.658
226.936,2.578
251.010,2.600
262.382,2.592
275.906,2.589
292.287,2.589
4.272,2.687
13.752,2.680
28.440,2.669
29.774,2.693
47.144,2.688
62.779,2.725
72.990,2.700
115.962,2.680
127.543,2.710
156.724,2.737
269.389,2.669
25.377,2.795
51.548,2.779
64.186,2.788
94.851,2.815
111.390,2.835
114.680,2.786
252.868,2.800
288.554,2.771
5.450,2.863
9.426,2.866
26.629,2.869
32.000,2.893
67.206,2.893
92.088,2.895
124.668,2.851
142.840,2.831
148.590,2.823
151.314,2.840
152.724,2.880
181.735,2.829
240.555,2.848
271.238,2.840
284.857,2.857
56.395,2.982
59.313,2.954
89.219,2.960
112.762,2.920
130.781,2.920
136.203,2.975
137.335,2.991
140.018,2.960
147.098,2.978
157.697,2.933
160.227,2.928
225.703,2.932
267.979,2.960
295.247,2.978
310.453,2.978
313.333,2.960
33.373,3.027
50.338,3.015
65.885,3.018
78.820,3.032
126.225,3.040
133.576,3.062
141.371,3.000
149.836,3.008
154.036,2.989
159.026,2.987
168.965,3.058
169.937,3.073
177.465,2.987
185.143,3.080
218.284,3.024
222.495,3.046
235.771,3.000
257.829,3.000
259.278,3.050
2.340,3.097
11.256,3.095
21.868,3.105
98.683,3.137
109.965,3.063
119.449,3.071
121.064,3.113
129.693,3.103
132.055,3.093
134.834,3.135
145.752,3.120
164.474,3.069
167.771,3.110
180.648,3.060
183.581,3.080
211.771,3.120
245.068,3.209
264.379,3.074
280.281,3.149
293.867,3.152
309.085,3.099
34.782,3.232
40.993,3.193
48.916,3.175
52.804,3.219
57.956,3.240
61.600,3.160
68.458,3.192
88.076,3.160
90.874,3.171
97.448,3.140
100.161,3.200
103.625,3.229
155.581,3.160
187.543,3.160
190.743,3.160
194.171,3.160
200.094,3.173
205.429,3.206
214.210,3.187
216.723,3.165
228.478,3.191
232.326,3.171
249.754,3.213
256.515,3.215
260.750,3.220
273.410,3.200
278.593,3.227
306.856,3.128
15.046,3.222
17.122,3.251
35.979,3.253
80.410,3.332
96.260,3.313
108.598,3.221
118.307,3.271
122.284,3.280
171.543,3.280
172.419,3.240
188.969,3.227
193.143,3.270
196.592,3.229
201.316,3.221
223.752,3.253
230.095,3.311
283.848,3.264
304.083,3.313
305.524,3.240
312.074,3.253
12.491,3.320
30.642,3.382
71.253,3.378
116.989,3.368
138.584,3.360
144.376,3.316
163.339,3.338
174.836,3.309
197.698,3.343
215.543,3.329
265.709,3.326
274.667,3.320
285.887,3.309
8.257,3.419
18.383,3.389
24.267,3.400
84.419,3.395
93.638,3.400
101.523,3.395
107.561,3.415
123.751,3.391
162.043,3.482
173.658,3.375
176.152,3.400
191.848,3.400
203.396,3.458
210.135,3.467
220.417,3.426
233.600,3.416
239.446,3.445
254.165,3.427
270.154,3.391
282.620,3.435
290.459,3.389
299.923,3.378
301.544,3.415
307.846,3.432
3.224,3.674
22.990,3.520
27.790,3.498
37.927,3.537
39.048,3.504
42.379,3.499
55.162,3.480
69.638,3.528
75.294,3.458
106.303,3.467
165.467,3.462
195.564,3.493
208.038,3.480
213.105,3.512
236.860,3.552
242.480,3.509
248.387,3.507
255.370,3.472
263.276,3.514
287.140,3.527
10.256,3.600
43.703,3.574
45.032,3.600
47.790,3.578
60.274,3.639
78.019,3.530
81.600,3.560
85.640,3.527
178.438,3.569
186.286,3.560
247.127,3.555
266.992,3.571
297.520,3.544
298.895,3.615
0.893,3.657
128.305,3.640
166.667,3.616
179.390,3.640
182.740,3.618
219.258,3.686
227.618,3.688
231.370,3.651
238.095,3.640
251.924,3.640
302.916,3.653
6.957,3.773
46.265,3.702
64.953,3.765
73.887,3.729
76.625,3.778
113.524,3.720
207.010,3.720
221.580,3.786
234.895,3.768
241.202,3.733
250.729,3.782
261.890,3.777
275.999,3.792
277.654,3.738
296.130,3.781
13.600,3.776
29.086,3.876
53.865,3.867
104.840,3.840
132.975,3.861
147.761,3.827
149.227,3.848
150.554,3.847
153.333,3.840
198.835,3.840
204.533,3.760
225.257,3.840
243.982,3.804
246.057,3.844
289.257,3.800
292.894,3.791
16.152,3.860
19.550,3.906
20.943,3.863
25.524,3.915
66.518,3.942
94.926,3.942
102.703,3.906
140.839,3.912
151.979,3.905
170.552,3.920
177.127,3.903
184.419,3.880
189.884,3.867
226.571,3.905
257.334,3.942
9.203,3.945
36.853,3.994
40.152,3.960
49.998,4.024
51.217,3.947
57.295,3.960
62.340,3.975
63.543,3.954
72.744,3.982
79.523,3.958
86.971,3.960
116.038,3.960
125.355,4.032
127.048,3.960
135.658,4.032
146.461,4.021
202.380,3.975
209.008,3.938
211.130,4.013
222.820,3.994
229.220,3.992
258.417,3.973
271.460,3.993
291.619,3.960
26.626,4.047
59.034,4.066
142.286,4.040
155.983,4.102
158.493,4.053
159.638,4.065
160.957,4.064
188.055,4.027
214.635,4.086
267.982,4.044
281.228,4.049
300.726,4.073
313.392,4.065
4.644,4.116
32.679,4.153
92.610,4.120
99.429,4.120
110.612,4.133
112.097,4.109
114.878,4.133
117.826,4.160
120.263,4.130
136.815,4.135
137.861,4.162
139.639,4.153
143.430,4.168
145.170,4.160
168.383,4.114
175.390,4.120
181.364,4.140
190.954,4.109
310.941,4.108
2.040,4.187
5.848,4.250
34.077,4.185
82.731,4.193
88.630,4.251
121.832,4.274
154.590,4.170
163.733,4.200
216.952,4.240
230.420,4.296
236.040,4.226
253.410,4.200
259.449,4.217
269.326,4.208
272.589,4.261
288.132,4.211
294.569,4.187
31.464,4.254
52.230,4.265
55.980,4.278
97.621,4.291
109.448,4.256
130.455,4.267
131.773,4.312
134.095,4.280
157.257,4.250
172.972,4.320
215.886,4.307
232.717,4.320
249.512,4.345
264.836,4.265
285.144,4.312
304.766,4.320
306.248,4.256
11.296,4.345
14.687,4.369
35.349,4.340
67.826,4.373
80.706,4.371
90.265,4.371
123.009,4.394
124.184,4.407
129.265,4.414
185.501,4.421
212.248,4.364
218.379,4.405
245.049,4.349
266.022,4.406
309.466,4.358
16.990,4.480
30.078,4.453
48.724,4.440
83.926,4.501
100.724,4.503
171.810,4.472
180.343,4.400
200.058,4.425
201.143,4.445
205.449,4.472
242.914,4.477
254.616,4.503
256.098,4.423
270.552,4.488
312.000,4.407
17.963,4.542
41.522,4.574
44.194,4.520
61.202,4.509
70.402,4.494
91.314,4.520
179.230,4.568
192.397,4.543
193.891,4.538
196.151,4.591
197.257,4.520
279.425,4.540
282.629,4.520
284.000,4.547
302.140,4.544
7.982,4.667
12.400,4.617
47.043,4.619
69.087,4.578
74.593,4.626
108.192,4.615
169.616,4.623
183.525,4.627
187.010,4.600
189.012,4.657
220.805,4.616
224.343,4.576
238.668,4.650
260.571,4.596
273.961,4.599
276.984,4.661
286.667,4.624
296.972,4.585
298.095,4.572
0.381,4.680
22.285,4.658
38.705,4.689
60.057,4.663
71.821,4.715
75.863,4.699
105.598,4.735
118.947,4.698
127.898,4.702
164.876,4.684
176.249,4.762
194.971,4.720
207.900,4.752
210.078,4.669
213.545,4.667
219.636,4.691
228.190,4.680
233.849,4.669
247.314,4.660
248.540,4.727
263.430,4.685
290.116,4.658
303.578,4.675
3.275,4.822
27.906,4.833
42.970,4.747
45.577,4.790
54.753,4.778
85.106,4.776
96.305,4.780
141.390,4.824
151.279,4.794
162.667,4.734
178.011,4.768
299.351,4.800
307.505,4.760
24.744,4.822
65.752,4.860
77.181,4.840
78.417,4.853
94.015,4.880
113.429,4.835
140.145,4.894
174.459,4.818
182.248,4.860
198.626,4.834
237.333,4.840
240.432,4.875
275.525,4.825
295.636,4.827
23.446,4.936
58.303,4.933
81.941,4.979
98.706,4.992
106.629,4.944
126.036,4.907
144.247,4.918
147.107,4.933
148.474,4.931
153.888,4.969
167.467,4.920
225.872,4.938
231.581,4.920
235.008,4.952
278.228,4.966
293.848,4.975
308.478,4.907
10.002,4.989
15.732,5.048
104.097,5.011
115.543,5.040
116.783,5.013
142.767,5.065
149.774,5.013
155.352,5.040
160.308,5.042
165.998,4.989
204.203,4.976
222.057,5.000
227.027,4.989
241.749,5.035
250.646,5.011
252.495,5.000
291.293,4.987
292.440,4.989
18.918,5.070
40.284,5.120
50.109,5.114
53.389,5.091
64.496,5.086
86.497,5.072
120.916,5.152
134.933,5.080
136.235,5.094
137.341,5.112
138.759,5.103
152.686,5.080
184.496,5.089
206.573,5.069
244.038,5.100
246.248,5.080
267.259,5.093
271.664,5.120
280.721,5.098
6.914,5.164
25.736,5.213
34.514,5.180
37.714,5.160
51.184,5.183
73.445,5.193
79.848,5.160
102.400,5.160
109.906,5.208
111.124,5.184
112.305,5.160
145.964,5.147
157.829,5.160
170.552,5.160
214.895,5.136
262.064,5.160
287.657,5.160
289.010,5.143
305.714,5.200
13.676,5.240
21.181,5.240
30.874,5.227
57.097,5.272
63.426,5.245
87.636,5.227
124.879,5.254
132.465,5.288
156.562,5.291
202.245,5.259
217.351,5.244
223.162,5.220
257.216,5.240
268.419,5.240
272.969,5.298
1.371,5.320
62.040,5.331
89.371,5.384
133.663,5.408
158.933,5.360
168.783,5.309
185.900,5.353
191.581,5.360
208.935,5.331
211.429,5.320
229.426,5.307
258.481,5.316
36.398,5.389
48.097,5.389
83.161,5.378
92.495,5.400
119.949,5.434
122.360,5.434
130.116,5.387
172.204,5.462
190.307,5.387
192.914,5.400
197.545,5.413
215.946,5.462
218.778,5.422
233.007,5.449
249.486,5.376
253.677,5.447
269.714,5.400
286.056,5.471
304.570,5.472
311.086,5.430
313.027,5.448
4.478,5.489
8.952,5.497
90.741,5.493
99.888,5.495
114.497,5.467
123.694,5.486
163.810,5.474
188.017,5.469
199.549,5.554
200.719,5.497
230.684,5.469
255.453,5.526
264.422,5.493
301.011,5.467
29.277,5.575
67.086,5.560
97.693,5.617
101.179,5.534
179.984,5.581
282.098,5.526
5.601,5.686
16.741,5.651
32.285,5.625
33.431,5.627
55.589,5.666
68.398,5.651
69.714,5.687
95.543,5.640
103.428,5.703
107.619,5.640
161.656,5.632
173.562,5.640
175.244,5.686
177.351,5.722
212.897,5.629
220.075,5.645
227.750,5.663
233.975,5.674
239.465,5.633
243.029,5.680
259.730,5.644
279.372,5.643
284.724,5.673
17.829,5.720
39.331,5.733
41.876,5.771
52.097,5.733
80.950,5.725
84.249,5.711
117.982,5.688
127.505,5.720
128.724,5.720
131.200,5.760
178.759,5.777
181.222,5.715
183.370,5.731
236.396,5.730
265.783,5.686
283.468,5.688
302.322,5.794
2.582,5.822
12.302,5.840
14.555,5.772
19.983,5.811
22.132,5.829
44.308,5.822
60.741,5.813
165.324,5.840
194.362,5.800
198.400,5.800
205.277,5.882
208.020,5.798
224.316,5.830
238.151,5.827
245.105,5.800
260.868,5.834
263.207,5.859
277.255,5.865
290.432,5.889
297.049,5.791
298.399,5.805
307.886,5.800
11.122,5.886
46.955,5.907
49.295,5.880
59.352,5.880
74.726,5.893
145.163,5.865
149.229,5.942
150.798,5.867
186.726,5.867
189.410,5.860
195.713,5.891
210.095,5.840
231.924,5.920
274.401,5.848
286.971,5.904
309.716,5.874
26.902,5.928
35.390,6.011
54.299,6.000
71.048,5.936
76.034,6.027
78.857,5.960
105.143,5.984
108.762,5.936
139.429,5.992
221.331,5.927
235.092,6.000
293.333,6.000
294.649,5.971
299.736,5.966
306.729,5.981
0.229,6.000
43.146,6.060
45.638,6.090
77.486,6.067
94.265,6.027
113.084,6.027
143.811,6.033
146.514,6.061
152.000,6.080
154.421,6.098
203.568,6.043
248.496,6.074
251.564,6.071
267.126,6.080
270.894,6.072
7.849,6.155
30.267,6.138
65.790,6.154
85.601,6.124
138.281,6.160
147.657,6.160
156.038,6.120
176.326,6.131
206.638,6.160
240.707,6.112
250.418,6.181
275.980,6.114
295.907,6.143
23.561,6.207
24.986,6.191
57.967,6.218
73.621,6.189
82.040,6.235
98.743,6.200
111.437,6.240
116.856,6.261
126.361,6.168
135.986,6.218
141.169,6.228
153.180,6.232
158.451,6.258
159.973,6.224
162.694,6.203
167.980,6.219
214.019,6.200
225.905,6.240
228.745,6.211
247.314,6.180
257.842,6.262
278.595,6.276
288.418,6.232
291.697,6.168
27.930,6.262
50.670,6.320
88.004,6.300
91.705,6.336
115.562,6.263
134.912,6.306
170.019,6.280
171.255,6.291
184.435,6.334
222.537,6.296
308.703,6.291
311.868,6.269
3.902,6.345
6.442,6.372
9.981,6.367
15.788,6.347
18.912,6.373
37.257,6.360
64.495,6.360
72.285,6.342
86.883,6.379
106.569,6.386
120.974,6.381
157.448,6.360
190.743,6.360
216.568,6.406
217.819,6.377
241.848,6.371
254.301,6.350
256.551,6.369
268.779,6.371
1.638,6.400
31.333,6.445
40.970,6.429
56.876,6.464
62.968,6.480
80.020,6.459
96.990,6.440
100.377,6.468
102.189,6.425
104.230,6.503
109.960,6.471
119.022,6.474
133.694,6.473
142.476,6.420
166.478,6.414
174.455,6.451
182.189,6.449
192.322,6.453
193.524,6.440
246.017,6.473
252.722,6.446
280.610,6.455
284.145,6.512
305.616,6.425
38.608,6.518
67.540,6.543
129.448,6.520
132.495,6.550
136.990,6.520
197.012,6.543
199.751,6.524
200.683,6.553
210.971,6.520
219.276,6.567
230.013,6.527
233.067,6.529
237.261,6.579
243.979,6.578
303.884,6.552
13.407,6.585
34.284,6.653
48.267,6.624
90.362,6.632
93.124,6.666
123.315,6.635
125.165,6.615
172.630,6.622
179.665,6.659
212.151,6.632
226.985,6.662
272.000,6.600
273.392,6.589
281.832,6.580
289.583,6.613
5.183,6.713
32.800,6.680
53.333,6.680
83.285,6.739
88.985,6.714
114.133,6.660
122.184,6.681
145.798,6.728
164.287,6.665
169.046,6.691
202.286,6.695
208.990,6.680
239.048,6.697
258.779,6.680
301.333,6.680
310.705,6.710
313.114,6.734
29.164,6.773
51.888,6.787
55.733,6.760
60.190,6.831
61.675,6.755
95.467,6.769
107.598,6.747
140.341,6.813
150.171,6.730
161.106,6.768
185.618,6.738
204.694,6.800
223.624,6.760
231.298,6.783
255.429,6.736
269.867,6.760
285.448,6.784
21.333,6.840
39.715,6.922
68.762,6.864
70.095,6.840
84.665,6.858
112.242,6.929
127.307,6.848
130.574,6.827
177.922,6.853
242.796,6.900
249.256,6.808
260.114,6.855
262.308,6.836
264.769,6.840
266.265,6.851
297.586,6.867
151.410,6.953
175.557,6.940
183.486,6.945
188.551,6.931
189.867,6.920
194.833,6.938
214.954,6.931
263.619,6.920
275.145,6.945
298.833,6.950
307.468,6.928
16.778,7.023
44.878,7.069
78.552,7.000
117.912,7.048
144.554,7.011
148.588,7.013
180.837,7.007
198.040,6.989
236.038,7.000
290.849,7.040
58.916,7.091
76.917,7.114
103.276,7.080
176.762,7.120
205.790,7.080
207.886,7.080
220.210,7.098
225.011,7.091
234.171,7.120
244.952,7.080
293.274,7.126
296.513,7.095
309.676,7.080
7.584,7.220
8.838,7.160
10.992,7.242
12.095,7.143
14.817,7.200
17.965,7.217
20.190,7.160
75.810,7.160
85.676,7.160
101.361,7.178
105.559,7.200
108.828,7.222
120.225,7.156
147.086,7.160
152.626,7.173
155.161,7.192
165.295,7.160
186.781,7.184
191.370,7.171
203.392,7.200
213.105,7.130
221.544,7.205
228.076,7.136
251.221,7.171
261.163,7.169
277.388,7.206
279.450,7.176
283.257,7.143
286.552,7.160
302.462,7.173
24.074,7.269
35.316,7.288
41.905,7.299
47.050,7.240
49.750,7.266
54.619,7.299
74.611,7.255
110.971,7.280
138.741,7.287
153.829,7.249
156.465,7.288
163.182,7.249
210.036,7.229
240.113,7.262
292.055,7.253
26.723,7.312
30.458,7.438
65.020,7.391
81.214,7.308
82.491,7.327
98.454,7.343
115.565,7.377
128.550,7.307
173.728,7.382
184.762,7.320
192.638,7.419
196.246,7.331
241.508,7.305
287.903,7.375
295.279,7.384
300.229,7.292
22.597,7.419
25.481,7.428
36.512,7.413
45.903,7.458
57.654,7.461
66.445,7.412
87.331,7.387
94.324,7.400
99.562,7.433
116.817,7.387
134.456,7.463
158.590,7.440
168.343,7.424
169.829,7.400
232.420,7.448
257.332,7.434
267.485,7.398
304.681,7.447
311.980,7.434
0.381,7.440
9.849,7.491
63.661,7.497
73.295,7.480
92.298,7.520
97.371,7.551
126.019,7.447
141.723,7.475
157.427,7.502
159.830,7.489
162.075,7.458
170.951,7.491
182.190,7.538
217.026,7.520
229.278,7.469
238.185,7.531
271.086,7.480
306.455,7.493
5.965,7.637
15.850,7.586
31.915,7.612
106.645,7.614
133.313,7.549
135.693,7.554
143.281,7.570
167.106,7.549
199.106,7.571
222.839,7.585
247.122,7.528
253.669,7.573
289.106,7.608
1.854,7.698
28.322,7.629
33.255,7.668
37.884,7.671
43.352,7.633
56.321,7.663
70.740,7.680
88.379,7.614
91.106,7.631
124.800,7.640
132.097,7.653
137.507,7.653
149.548,7.694
172.055,7.653
193.874,7.694
200.518,7.634
206.799,7.618
211.429,7.640
226.281,7.640
248.513,7.651
252.343,7.680
276.076,7.616
284.648,7.640
308.800,7.640
3.846,7.688
39.010,7.720
62.436,7.733
72.037,7.698
107.763,7.760
121.696,7.704
123.085,7.726
129.510,7.738
178.667,7.720
197.084,7.731
201.944,7.732
209.038,7.812
218.212,7.708
230.459,7.733
235.048,7.720
246.019,7.720
272.513,7.747
278.406,7.748
13.313,7.789
19.314,7.824
51.027,7.811
80.038,7.800
104.376,7.829
119.259,7.898
145.538,7.855
174.857,7.800
214.079,7.857
254.819,7.800
301.519,7.829
40.303,7.926
48.440,7.893
53.578,7.908
69.467,7.875
160.882,7.954
179.805,7.927
187.731,7.906
190.569,7.893
219.314,7.897
237.029,7.880
243.906,7.891
265.503,7.891
280.780,7.887
281.927,7.895
290.210,7.880
67.845,7.938
89.581,8.042
96.170,7.938
139.793,7.973
189.029,7.960
204.305,7.960
205.503,7.982
231.523,7.985
258.761,7.959
260.021,7.944
269.853,8.031
273.926,7.949
59.716,8.027
61.006,8.030
83.618,8.062
93.506,8.073
114.036,8.051
127.422,8.073
130.802,8.053
164.592,8.019
166.019,8.040
175.994,8.093
181.105,8.034
212.495,8.040
215.787,8.058
224.097,8.051
233.371,8.040
239.105,8.102
242.537,8.044
250.455,8.053
256.135,8.049
294.173,8.044
299.276,8.040
303.467,8.093
313.240,8.068
11.352,8.120
29.410,8.090
34.230,8.105
52.152,8.144
102.321,8.100
112.745,8.107
148.220,8.160
150.590,8.096
152.038,8.096
183.266,8.171
195.276,8.120
198.310,8.174
227.333,8.095
262.977,8.120
264.191,8.086
285.655,8.107
310.779,8.094
4.911,8.222
16.648,8.176
21.484,8.227
58.475,8.232
77.583,8.189
78.750,8.248
84.780,8.208
100.610,8.160
109.562,8.230
111.582,8.314
173.011,8.198
220.687,8.234
268.571,8.220
298.016,8.195
14.345,8.291
19.979,8.258
24.820,8.284
86.495,8.270
136.649,8.312
153.133,8.345
154.476,8.256
155.830,8.291
177.503,8.269
185.714,8.280
210.339,8.299
261.732,8.295
266.671,8.320
283.027,8.269
291.390,8.256
307.296,8.276
2.781,8.320
8.922,8.400
36.006,8.393
41.217,8.386
76.381,8.360
105.812,8.347
117.991,8.422
191.811,8.392
203.354,8.378
225.198,8.408
240.305,8.320
286.971,8.343
305.600,8.360
6.613,8.476
7.623,8.498
12.375,8.460
23.370,8.448
26.075,8.455
44.532,8.435
46.650,8.422
50.205,8.487
54.949,8.480
128.635,8.498
142.326,8.486
146.799,8.466
228.419,8.440
251.446,8.418
279.619,8.420
300.274,8.498
309.714,8.400
17.790,8.520
31.193,8.560
42.549,8.554
64.383,8.553
75.086,8.520
82.112,8.536
95.132,8.560
115.149,8.578
116.617,8.592
120.494,8.543
135.294,8.553
144.286,8.568
158.057,8.544
171.581,8.560
207.945,8.502
241.240,8.565
257.731,8.584
277.213,8.545
292.819,8.537
0.305,8.560
10.264,8.617
65.527,8.620
87.709,8.627
140.878,8.625
156.860,8.623
159.467,8.666
163.335,8.591
167.564,8.589
168.952,8.576
184.438,8.658
193.030,8.672
196.399,8.682
206.608,8.589
213.449,8.632
238.019,8.612
275.122,8.629
295.564,8.628
296.782,8.579
302.329,8.674
27.207,8.713
37.181,8.680
45.677,8.675
98.230,8.691
108.629,8.705
170.114,8.735
174.286,8.720
235.824,8.738
253.980,8.648
270.743,8.680
284.114,8.680
312.192,8.688
32.620,8.794
63.122,8.827
99.484,8.749
103.411,8.739
123.715,8.737
134.210,8.736
138.303,8.773
181.998,8.742
194.189,8.749
199.328,8.818
211.276,8.760
216.760,8.786
218.242,8.789
221.910,8.734
244.932,8.771
247.771,8.780
252.554,8.747
2.895,8.800
47.884,8.808
48.967,8.880
81.004,8.886
92.314,8.866
96.914,8.840
101.296,8.834
104.932,8.849
122.342,8.898
149.486,8.870
161.888,8.817
178.743,8.840
186.743,8.840
200.937,8.893
214.760,8.851
229.469,8.827
230.552,8.840
232.343,8.816
249.219,8.807
288.175,8.865
289.486,8.840
304.440,8.853
28.389,8.998
39.086,8.920
51.255,8.931
56.693,8.992
60.338,8.920
66.863,8.938
72.663,8.930
91.200,8.920
126.286,8.960
131.591,8.985
132.855,8.931
145.697,8.975
188.296,8.960
223.221,8.929
226.212,8.947
234.407,8.960
243.584,8.970
246.171,8.900
255.352,8.944
260.687,8.942
265.678,8.953
271.861,8.972
1.469,8.983
15.444,9.010
22.302,9.027
35.103,9.011
38.116,9.011
68.817,9.013
70.170,9.005
71.314,9.072
79.678,9.013
107.468,9.071
110.571,8.982
119.030,8.989
125.067,9.000
165.274,9.013
175.314,9.000
176.732,9.040
179.789,8.989
202.191,8.997
209.187,9.000
250.477,9.046
273.678,9.013
3.695,9.108
13.528,9.148
18.954,9.067
61.620,9.070
73.869,9.052
130.113,9.091
139.390,9.080
143.162,9.080
160.781,9.104
189.600,9.080
190.916,9.067
219.564,9.093
259.373,9.088
4.765,9.120
5.698,9.213
52.474,9.178
89.829,9.224
150.798,9.147
166.590,9.236
172.627,9.149
195.200,9.130
197.714,9.160
236.744,9.145
256.538,9.160
263.184,9.214
282.155,9.213
290.574,9.173
298.916,9.149
308.405,9.164
43.474,9.275
53.826,9.262
57.919,9.267
59.107,9.227
93.619,9.223
102.524,9.280
106.362,9.240
148.250,9.253
152.017,9.253
153.943,9.267
180.914,9.240
183.084,9.293
204.451,9.247
227.401,9.305
242.286,9.225
264.379,9.214
267.114,9.286
269.694,9.266
278.458,9.233
280.745,9.229
293.981,9.264
20.707,9.307
30.019,9.320
33.846,9.333
75.946,9.343
77.126,9.331
82.952,9.353
111.946,9.330
114.136,9.348
137.312,9.307
155.521,9.343
205.638,9.300
212.289,9.330
239.427,9.320
285.449,9.391
297.775,9.342
306.650,9.307
313.181,9.388
25.506,9.409
78.513,9.407
85.543,9.419
96.000,9.400
117.774,9.457
121.027,9.400
127.626,9.390
134.787,9.473
173.677,9.448
203.197,9.450
215.848,9.380
220.802,9.367
224.381,9.400
301.024,9.440
310.916,9.409
7.010,9.560
11.155,9.520
40.152,9.440
84.417,9.526
100.286,9.463
113.046,9.469
162.760,9.471
170.874,9.491
192.152,9.480
200.266,9.488
233.468,9.491
240.625,9.547
261.958,9.544
286.762,9.520
303.390,9.480
9.237,9.569
24.323,9.587
36.017,9.549
109.316,9.573
136.076,9.553
141.960,9.624
158.895,9.560
177.752,9.560
185.614,9.578
217.637,9.632
276.076,9.536
291.810,9.530
299.909,9.625
16.648,9.640
26.765,9.627
31.903,9.629
41.087,9.651
67.678,9.651
103.830,9.631
116.229,9.616
140.401,9.691
169.524,9.640
175.980,9.722
208.326,9.651
210.306,9.629
231.581,9.640
251.429,9.670
253.448,9.616
258.077,9.641
268.437,9.631
283.221,9.629
309.410,9.711
0.229,9.680
2.658,9.751
47.011,9.731
50.306,9.731
97.510,9.738
115.107,9.733
144.267,9.696
164.174,9.743
168.190,9.720
184.152,9.738
187.412,9.777
198.824,9.710
222.194,9.778
235.221,9.738
279.773,9.733
12.343,9.820
14.535,9.787
23.105,9.832
42.418,9.792
54.993,9.823
88.448,9.766
129.067,9.800
147.276,9.760
157.731,9.813
188.775,9.858
193.371,9.800
218.711,9.870
244.423,9.847
248.390,9.834
296.343,9.800
302.097,9.796
17.905,9.880
27.789,9.920
37.524,9.904
44.532,9.914
63.695,9.900
66.210,9.840
74.873,9.941
81.902,9.900
86.686,9.863
90.704,9.912
98.819,9.933
133.350,9.903
138.223,9.906
152.990,9.880
194.210,9.920
196.287,9.920
201.485,9.858
214.667,9.880
228.703,9.891
229.989,9.934
272.525,9.975
274.938,9.914
284.495,9.920
311.868,9.869
38.642,10.022
48.093,9.947
64.855,9.933
92.054,9.983
101.466,9.956
123.106,9.951
131.073,10.018
160.173,9.949
174.535,9.947
211.297,9.971
225.545,9.971
246.933,9.940
254.629,9.960
277.252,9.960
288.724,10.000
295.069,9.947
45.927,10.036
72.227,10.048
73.770,10.031
79.334,10.101
94.705,10.049
119.992,10.042
124.345,10.093
149.218,10.088
156.703,10.051
181.676,10.040
213.486,10.040
223.371,10.044
237.694,10.025
245.735,10.051
249.752,10.080
271.086,10.070
292.973,10.051
305.562,10.057
4.630,10.135
19.581,10.160
29.181,10.152
51.581,10.153
56.342,10.152
62.360,10.120
108.345,10.193
139.276,10.160
143.065,10.131
161.731,10.152
165.752,10.120
178.950,10.136
206.933,10.120
234.113,10.153
255.961,10.153
287.674,10.109
289.849,10.131
304.381,10.129
10.210,10.240
30.779,10.194
60.190,10.200
69.827,10.232
80.605,10.233
106.912,10.213
110.950,10.213
121.898,10.240
126.783,10.206
137.011,10.282
145.297,10.226
171.789,10.189
180.284,10.209
186.421,10.187
241.506,10.209
265.011,10.198
1.256,10.312
8.235,10.318
15.733,10.280
21.886,10.297
34.992,10.291
105.583,10.284
118.629,10.280
125.333,10.300
132.150,10.320
151.689,10.353
182.646,10.271
191.450,10.267
204.744,10.313
219.979,10.289
236.326,10.267
260.726,10.255
263.664,10.287
278.423,10.345
281.373,10.308
307.628,10.320
13.503,10.373
32.824,10.415
57.465,10.373
58.704,10.408
68.551,10.349
70.936,10.375
197.465,10.371
209.236,10.347
216.648,10.336
226.838,10.406
232.665,10.371
252.495,10.360
259.657,10.355
297.754,10.380
5.807,10.463
49.278,10.427
53.793,10.473
103.048,10.440
148.063,10.462
155.302,10.462
163.370,10.431
190.303,10.451
192.397,10.463
224.684,10.493
239.918,10.491
242.941,10.463
257.176,10.464
262.476,10.440
266.383,10.422
291.086,10.416
298.989,10.431
313.461,10.466
39.827,10.509
76.800,10.547
78.151,10.581
89.614,10.528
93.350,10.507
96.686,10.520
100.419,10.560
203.584,10.619
205.897,10.528
267.636,10.502
310.363,10.592
43.389,10.663
85.638,10.600
114.514,10.600
128.437,10.654
134.455,10.611
135.522,10.589
141.718,10.620
169.981,10.600
173.333,10.593
176.855,10.613
202.289,10.604
221.350,10.628
238.740,10.634
268.932,10.589
270.109,10.662
273.898,10.566
285.847,10.634
294.003,10.623
24.492,10.697
75.733,10.751
87.695,10.640
109.579,10.693
117.609,10.734
130.057,10.720
150.590,10.656
153.829,10.680
195.352,10.680
253.735,10.691
282.672,10.689
300.208,10.751
301.347,10.739
308.724,10.680
11.429,10.760
25.827,10.784
52.620,10.815
61.316,10.773
83.106,10.751
84.515,10.782
113.143,10.760
157.587,10.818
166.722,10.747
185.030,10.808
227.773,10.792
230.819,10.760
250.819,10.730
258.701,10.742
303.238,10.720
21.045,10.897
36.190,10.849
47.049,10.834
55.404,10.894
97.968,10.894
104.211,10.862
140.438,10.822
146.727,10.863
164.667,10.886
189.046,10.827
193.811,10.862
200.037,10.806
208.000,10.840
217.739,10.858
244.876,10.840
280.305,10.840
312.474,10.853
3.657,10.920
18.629,10.920
33.981,10.920
40.800,10.920
42.227,10.978
116.495,10.920
158.971,10.944
175.346,10.942
178.133,10.920
187.869,10.943
196.592,10.931
210.403,10.960
215.411,10.931
229.402,10.928
247.736,10.925
276.226,10.942
306.821,10.979
6.836,11.064
9.408,11.032
14.798,10.987
17.103,11.032
31.674,10.989
63.047,10.994
67.276,11.020
74.781,11.000
91.105,11.018
94.248,11.033
101.963,11.008
122.574,11.024
123.882,11.009
144.288,11.064
156.170,11.025
168.990,11.040
198.894,11.034
255.162,11.048
271.865,11.013
2.726,11.067
27.019,11.070
28.246,11.069
50.455,11.093
86.615,11.145
120.856,11.098
160.900,11.088
167.904,11.065
174.095,11.127
179.655,11.113
212.592,11.105
222.360,11.108
249.163,11.065
283.848,11.040
287.086,11.120
23.332,11.169
37.621,11.147
48.554,11.149
64.327,11.181
65.751,11.136
107.962,11.227
111.716,11.149
131.221,11.215
139.332,11.171
152.593,11.191
181.509,11.212
183.487,11.149
213.922,11.171
218.947,11.153
231.887,11.192
234.971,11.187
243.733,11.160
261.595,11.165
277.804,11.218
279.300,11.200
289.007,11.183
291.906,11.179
296.527,11.140
311.184,11.179
0.435,11.223
12.474,11.229
44.532,11.235
45.699,11.298
56.724,11.240
81.942,11.235
88.778,11.297
95.505,11.264
127.390,11.330
165.734,11.273
186.133,11.240
200.990,11.266
207.047,11.248
223.610,11.253
225.773,11.229
233.562,11.240
246.133,11.291
274.992,11.251
304.342,11.272
305.546,11.266
13.663,11.378
38.813,11.327
51.619,11.320
80.208,11.309
92.343,11.320
119.145,11.333
133.500,11.375
136.381,11.320
137.638,11.344
143.296,11.373
148.969,11.333
154.878,11.333
162.325,11.298
191.446,11.331
240.894,11.305
242.113,11.344
290.210,11.340
4.933,11.422
19.823,11.462
30.326,11.374
54.612,11.457
69.600,11.376
72.076,11.408
99.238,11.424
106.687,11.389
115.446,11.413
172.381,11.360
209.242,11.465
237.257,11.433
273.023,11.418
284.936,11.423
293.029,11.420
295.234,11.400
15.924,11.487
32.662,11.508
34.933,11.520
59.390,11.480
73.505,11.496
78.978,11.553
105.297,11.506
124.900,11.532
128.977,11.542
147.810,11.480
171.352,11.480
190.136,11.520
197.845,11.463
204.893,11.511
211.295,11.535
220.419,11.480
252.207,11.467
256.459,11.534
260.093,11.504
265.448,11.480
270.781,11.480
281.488,11.515
22.014,11.553
58.133,11.631
62.195,11.575
96.990,11.631
110.536,11.583
126.171,11.527
151.374,11.573
160.018,11.613
239.489,11.611
257.773,11.552
264.000,11.560
53.393,11.663
68.343,11.640
70.840,11.653
77.640,11.666
100.759,11.680
109.069,11.704
145.312,11.627
150.035,11.697
158.095,11.711
166.705,11.688
176.741,11.651
192.457,11.640
226.895,11.640
266.687,11.651
308.038,11.640
10.476,11.733
40.014,11.782
90.036,11.709
113.998,11.707
121.735,11.711
132.250,11.707
140.703,11.731
194.705,11.720
203.505,11.696
230.429,11.760
262.705,11.720
268.152,11.696
301.981,11.696
8.276,11.840
29.228,11.826
55.751,11.811
60.762,11.786
85.389,11.811
102.894,11.806
117.576,11.818
130.210,11.871
134.950,11.787
157.048,11.840
163.467,11.800
205.966,11.790
208.102,11.822
216.495,11.817
224.743,11.821
236.231,11.805
238.398,11.813
250.119,11.818
253.236,11.811
269.601,11.848
298.091,11.772
299.183,11.829
309.829,11.800
313.541,11.834
1.600,11.910
18.057,11.880
25.297,11.932
43.425,11.935
98.247,11.952
141.984,11.885
185.157,11.942
187.181,11.898
188.411,11.928
200.075,11.871
251.276,11.880
285.964,11.869
287.884,11.928
294.066,11.913
5.883,11.981
42.190,11.976
76.588,11.973
82.933,11.960
84.075,11.938
104.363,11.951
112.610,11.960
169.981,11.960
177.731,12.014
180.574,11.927
182.681,12.025
202.158,12.016
213.167,12.022
214.768,11.986
221.336,11.993
228.059,11.971
248.266,11.994
259.178,12.000
300.884,12.006
303.259,11.971
11.560,12.051
24.024,12.099
81.157,12.098
87.581,12.000
93.634,12.119
120.341,12.120
123.271,12.069
153.503,12.051
164.574,12.073
174.608,12.101
175.733,12.067
217.867,12.000
232.776,12.102
254.476,12.040
276.682,12.068
280.610,12.036
291.217,12.027
3.429,12.080
33.659,12.151
47.090,12.167
66.839,12.178
75.390,12.096
138.417,12.109
168.806,12.167
193.351,12.109
234.345,12.133
274.059,12.153
312.438,12.103
91.272,12.240
116.419,12.200
144.381,12.246
146.646,12.211
179.331,12.222
183.886,12.200
196.013,12.307
198.871,12.189
244.668,12.189
247.048,12.183
282.755,12.171
305.890,12.253
9.448,12.260
15.145,12.293
27.886,12.250
36.345,12.347
41.105,12.280
48.494,12.248
65.676,12.320
107.848,12.304
111.525,12.289
127.907,12.303
159.181,12.263
167.678,12.267
173.676,12.280
219.220,12.272
225.867,12.296
229.220,12.312
260.859,12.283
271.886,12.256
278.705,12.280
283.979,12.293
307.017,12.306
12.876,12.360
16.686,12.320
37.562,12.360
49.621,12.349
74.305,12.343
99.848,12.400
161.506,12.364
190.857,12.393
209.773,12.371
231.234,12.420
240.457,12.365
243.014,12.382
285.029,12.431
296.799,12.394
308.914,12.400
20.631,12.427
31.460,12.478
52.116,12.434
86.306,12.485
88.818,12.501
94.743,12.440
105.503,12.429
119.086,12.440
124.401,12.439
131.369,12.453
143.316,12.446
155.657,12.440
166.019,12.440
172.229,12.455
189.642,12.547
206.996,12.458
241.524,12.440
255.769,12.466
304.610,12.493
26.552,12.520
34.660,12.593
44.876,12.525
46.021,12.560
51.048,12.520
54.019,12.520
57.126,12.507
62.986,12.575
64.346,12.486
69.067,12.520
78.573,12.575
101.943,12.587
125.655,12.507
126.798,12.508
129.143,12.529
133.777,12.538
139.617,12.560
152.305,12.520
171.151,12.547
220.436,12.548
222.516,12.568
264.782,12.539
275.086,12.520
289.219,12.520
292.267,12.520
0.571,12.560
2.688,12.617
29.905,12.600
38.590,12.600
55.023,12.654
61.675,12.606
79.886,12.600
92.512,12.657
110.133,12.576
137.143,12.600
148.969,12.587
197.543,12.595
204.781,12.633
212.135,12.611
223.791,12.585
266.057,12.640
310.933,12.600
32.686,12.680
70.317,12.713
72.931,12.737
82.226,12.659
96.395,12.742
162.706,12.685
186.116,12.667
235.371,12.735
236.745,12.749
239.165,12.684
257.049,12.671
263.255,12.693
268.626,12.734
277.751,12.686
286.898,12.675
299.903,12.671
10.651,12.776
14.076,12.800
19.179,12.749
22.894,12.766
85.089,12.837
106.497,12.747
108.846,12.768
118.192,12.793
122.340,12.821
135.678,12.747
150.950,12.773
181.809,12.745
191.940,12.783
201.143,12.760
208.547,12.849
210.857,12.760
217.034,12.802
252.343,12.769
258.286,12.784
267.256,12.745
270.933,12.760
281.662,12.750
290.182,12.756
4.802,12.814
58.514,12.840
67.789,12.851
71.599,12.855
97.524,12.840
114.255,12.888
158.095,12.840
160.686,12.840
215.869,12.868
226.992,12.829
249.501,12.859
262.095,12.840
295.314,12.840
7.010,12.885
21.543,12.968
40.394,12.974
77.524,12.896
103.372,12.899
115.426,12.926
147.733,12.890
154.410,12.916
176.706,12.931
214.573,12.931
237.864,12.894
245.826,12.942
250.531,12.948
301.295,12.937
302.459,12.957
8.193,12.978
12.001,13.048
17.581,13.018
42.376,13.055
43.543,13.017
83.370,12.991
90.172,13.074
130.324,13.000
140.868,13.021
145.354,13.022
180.587,12.985
194.933,13.040
203.506,12.996
205.906,12.994
233.579,13.011
253.867,13.040
269.694,12.989
272.838,13.000
279.676,13.027
293.486,13.020
309.905,12.976
28.710,13.098
56.114,13.080
98.680,13.134
120.189,13.152
132.512,13.067
165.181,13.120
178.188,13.062
187.337,13.144
199.748,13.145
202.364,13.089
221.662,13.120
230.341,13.093
297.811,13.084
313.427,13.091
15.941,13.173
47.884,13.208
52.952,13.160
112.914,13.160
116.793,13.221
134.726,13.149
146.653,13.231
163.773,13.128
166.933,13.160
184.533,13.193
213.295,13.160
224.745,13.147
259.941,13.147
303.603,13.217
1.507,13.227
41.332,13.288
59.620,13.208
76.246,13.251
87.657,13.267
93.807,13.227
100.913,13.274
182.713,13.286
188.427,13.272
193.846,13.227
198.468,13.280
218.342,13.236
248.326,13.251
283.830,13.251
307.886,13.240
50.440,13.373
81.008,13.333
95.255,13.307
142.037,13.329
144.176,13.335
149.905,13.320
156.648,13.320
169.417,13.352
196.491,13.341
225.959,13.409
273.829,13.329
286.035,13.343
291.239,13.352
312.215,13.379
5.905,13.400
33.670,13.473
35.505,13.400
75.065,13.387
123.598,13.501
153.278,13.413
168.302,13.372
175.467,13.400
192.822,13.423
207.557,13.418
232.305,13.400
243.944,13.409
254.933,13.400
271.733,13.400
276.458,13.446
288.097,13.389
23.771,13.480
25.149,13.464
46.793,13.545
62.268,13.469
91.522,13.545
104.802,13.480
121.407,13.525
125.053,13.520
138.116,13.467
171.823,13.542
172.952,13.480
174.408,13.488
240.808,13.520
242.135,13.485
282.669,13.520
306.722,13.556
9.420,13.548
20.135,13.571
30.703,13.581
39.521,13.586
51.488,13.591
57.659,13.582
63.541,13.600
64.914,13.540
65.829,13.580
84.346,13.640
89.181,13.560
127.673,13.543
128.838,13.608
148.474,13.585
155.259,13.547
189.968,13.618
211.733,13.631
223.727,13.580
229.142,13.592
246.974,13.582
296.413,13.633
13.160,13.660
15.018,13.686
38.019,13.640
44.554,13.622
45.564,13.693
49.273,13.659
60.800,13.610
73.676,13.640
86.631,13.646
99.866,13.615
119.145,13.627
126.265,13.627
131.422,13.686
159.368,13.667
179.431,13.628
220.190,13.656
228.069,13.672
266.475,13.688
278.667,13.623
284.973,13.651
27.354,13.725
36.746,13.746
106.989,13.711
108.152,13.720
111.831,13.707
139.256,13.781
191.255,13.733
210.077,13.735
234.611,13.709
236.040,13.753
237.185,13.767
251.598,13.733
256.229,13.720
261.236,13.728
265.198,13.731
268.098,13.743
299.062,13.755
305.258,13.713
309.012,13.733
310.933,13.720
0.381,13.809
2.455,13.813
69.638,13.800
71.238,13.800
102.458,13.796
133.720,13.834
136.648,13.800
143.221,13.791
161.865,13.772
170.684,13.787
204.969,13.857
208.686,13.840
222.593,13.873
239.561,13.819
245.067,13.828
263.962,13.776
275.027,13.811
277.575,13.852
281.216,13.860
292.571,13.809
3.810,13.840
18.644,13.899
26.304,13.883
78.497,13.891
79.810,13.880
151.010,13.860
154.159,13.938
177.354,13.902
181.759,13.913
185.507,13.893
238.404,13.920
252.990,13.904
262.836,13.891
300.360,13.889
11.126,13.945
21.195,14.022
34.613,13.979
43.067,14.015
72.646,13.928
82.491,13.947
105.711,14.006
110.552,13.960
114.574,13.947
162.979,14.000
197.600,13.960
200.974,13.939
270.629,13.969
289.104,14.008
22.400,14.040
32.305,14.040
53.887,14.029
55.255,14.053
67.107,14.027
68.341,14.046
92.686,14.064
97.461,14.094
109.448,14.040
115.798,14.086
145.778,14.120
157.524,14.040
158.476,14.070
164.401,14.031
183.795,14.065
194.590,14.080
206.151,14.051
216.873,14.074
231.234,14.073
257.448,14.000
286.980,14.080
294.188,14.027
301.795,14.080
29.600,14.144
56.619,14.160
96.113,14.168
98.584,14.166
103.555,14.149
118.036,14.133
147.522,14.108
152.268,14.129
166.112,14.133
176.288,14.107
195.716,14.107
215.238,14.160
218.778,14.105
221.391,14.116
226.933,14.120
249.162,14.138
258.665,14.096
272.844,14.173
297.561,14.114
304.242,14.167
5.122,14.201
77.219,14.176
85.619,14.173
135.255,14.231
140.765,14.275
160.650,14.208
186.629,14.224
199.713,14.258
212.724,14.200
224.762,14.200
250.290,14.200
269.313,14.189
7.527,14.257
16.419,14.240
58.687,14.291
88.210,14.328
94.735,14.312
120.095,14.356
129.697,14.269
132.449,14.359
156.343,14.320
167.306,14.328
173.676,14.320
180.532,14.312
202.248,14.263
214.095,14.280
233.143,14.280
243.066,14.330
290.171,14.240
302.933,14.280
313.013,14.341
12.297,14.432
47.771,14.360
52.608,14.417
59.904,14.364
117.029,14.360
124.190,14.355
142.228,14.335
187.869,14.347
189.257,14.400
203.530,14.405
207.543,14.330
229.929,14.378
260.008,14.374
273.845,14.383
311.785,14.422
1.381,14.480
6.430,14.421
17.655,14.480
28.324,14.435
41.771,14.459
61.578,14.436
75.773,14.472
90.255,14.472
192.381,14.440
193.371,14.472
246.095,14.440
247.733,14.440
267.217,14.427
280.059,14.449
309.926,14.427
10.079,14.554
81.024,14.544
101.495,14.560
112.789,14.535
122.971,14.520
125.410,14.573
128.212,14.577
137.621,14.531
144.157,14.567
178.476,14.520
182.801,14.545
234.229,14.525
286.074,14.509
291.787,14.539
307.581,14.520
8.706,14.611
14.000,14.595
23.509,14.629
46.385,14.664
50.494,14.611
64.094,14.591
74.459,14.611
169.198,14.611
172.656,14.646
179.374,14.654
210.931,14.640
225.773,14.611
228.914,14.600
241.756,14.645
254.019,14.609
255.279,14.622
271.810,14.600
295.427,14.632
298.551,14.594
15.359,14.767
24.649,14.675
31.295,14.697
40.418,14.689
121.524,14.680
130.913,14.671
149.774,14.667
159.527,14.709
190.535,14.667
240.473,14.736
275.962,14.720
283.581,14.680
27.110,14.782
45.010,14.800
73.524,14.769
83.374,14.752
84.741,14.751
89.371,14.760
91.551,14.818
104.762,14.800
126.722,14.747
134.154,14.791
146.552,14.760
148.571,14.800
170.393,14.800
198.610,14.803
209.793,14.800
217.805,14.815
220.168,14.789
223.619,14.727
235.293,14.817
237.545,14.773
261.236,14.771
265.812,14.747
306.170,14.792
20.152,14.840
33.829,14.840
39.072,14.894
43.810,14.887
49.351,14.829
57.829,14.840
62.873,14.844
65.752,14.860
79.287,14.902
143.148,14.895
171.543,14.816
175.129,14.919
244.437,14.874
251.048,14.870
282.253,14.854
288.152,14.880
308.625,14.901
18.805,14.982
37.774,14.933
70.476,14.920
72.000,14.920
118.705,14.960
153.676,14.960
161.430,14.947
184.632,14.930
205.036,14.942
208.641,14.927
227.846,14.888
252.377,15.006
256.459,14.966
284.838,14.920
305.126,14.933
25.694,14.985
35.293,14.987
86.864,14.984
93.181,15.009
99.695,15.024
102.803,15.046
107.728,14.960
108.893,15.049
111.515,15.062
154.781,15.000
181.752,14.983
200.549,14.977
215.735,15.048
222.478,15.007
232.170,14.991
236.627,14.989
262.308,14.985
263.619,14.967
268.419,15.000
274.763,15.021
277.237,14.985
278.836,15.066
293.181,15.000
299.679,14.988
32.633,15.152
36.440,15.108
78.095,15.112
81.960,15.067
106.533,15.085
113.638,15.080
138.743,15.080
145.295,15.092
162.438,15.086
165.219,15.080
185.905,15.080
196.381,15.056
201.448,15.054
249.898,15.153
264.800,15.080
270.231,15.093
281.223,15.091
296.516,15.067
300.921,15.100
0.305,15.120
21.566,15.200
51.560,15.149
53.616,15.177
55.962,15.184
110.210,15.184
139.872,15.222
150.688,15.173
152.246,15.173
163.639,15.168
176.952,15.213
211.962,15.167
230.933,15.130
247.106,15.171
310.801,15.242
13.143,15.240
54.573,15.229
66.784,15.218
69.209,15.232
97.205,15.302
136.686,15.240
191.445,15.294
206.511,15.235
257.900,15.269
2.552,15.320
5.622,15.341
11.415,15.353
68.114,15.320
85.752,15.320
94.420,15.402
98.476,15.360
115.107,15.307
133.198,15.333
155.962,15.329
157.407,15.294
166.857,15.320
168.156,15.360
188.525,15.360
193.927,15.381
195.296,15.318
239.463,15.296
259.124,15.320
287.103,15.351
302.483,15.392
131.979,15.449
141.524,15.427
147.577,15.447
173.867,15.447
189.752,15.440
213.160,15.389
221.199,15.401
245.486,15.440
248.588,15.434
303.962,15.400
48.152,15.480
101.065,15.480
117.917,15.538
120.184,15.477
160.436,15.491
180.455,15.493
197.655,15.467
202.684,15.471
203.941,15.578
219.122,15.553
226.667,15.480
233.503,15.491
294.512,15.544
22.797,15.606
24.078,15.633
30.181,15.577
42.721,15.626
60.741,15.547
76.554,15.547
80.208,15.571
96.152,15.560
123.962,15.560
127.733,15.600
129.545,15.549
158.705,15.600
186.951,15.549
214.552,15.560
224.970,15.549
229.830,15.608
238.436,15.542
242.897,15.555
272.686,15.560
290.392,15.625
307.049,15.565
309.617,15.571
313.232,15.586
7.830,15.648
14.398,15.687
16.859,15.629
29.006,15.650
31.619,15.640
59.200,15.640
62.019,15.640
90.480,15.650
116.207,15.627
122.531,15.704
125.257,15.640
135.543,15.640
171.073,15.662
192.590,15.623
199.483,15.619
207.656,15.608
289.127,15.697
1.507,15.707
4.302,15.733
6.734,15.774
9.219,15.720
27.939,15.767
41.427,15.731
72.894,15.709
88.000,15.680
103.886,15.742
112.516,15.733
137.578,15.767
144.177,15.742
183.813,15.739
216.610,15.740
234.743,15.720
255.545,15.728
260.307,15.743
273.839,15.735
285.830,15.783
291.945,15.733
297.408,15.726
311.810,15.720
19.597,15.823
20.686,15.824
34.438,15.840
39.199,15.871
40.326,15.811
45.544,15.809
64.777,15.816
71.257,15.783
74.095,15.776
75.298,15.783
121.385,15.811
176.038,15.776
178.057,15.800
253.410,15.760
254.413,15.854
261.658,15.877
269.181,15.800
271.410,15.805
275.333,15.818
298.729,15.804
15.657,15.880
17.963,15.902
26.494,15.933
37.274,15.867
46.933,15.854
56.800,15.856
63.441,15.941
208.893,15.906
210.057,15.880
211.221,15.863
228.610,15.862
241.809,15.918
276.512,15.953
278.035,15.895
279.557,15.867
52.610,15.984
58.057,15.960
70.003,15.983
82.892,15.971
91.826,15.947
102.190,15.947
126.362,15.936
130.762,15.943
148.646,16.007
149.997,15.977
169.808,15.971
172.267,15.960
175.030,15.949
217.829,15.980
220.076,15.975
222.590,16.033
223.693,16.007
235.865,15.949
237.160,15.978
266.555,15.994
283.619,15.936
295.755,16.017
304.898,16.017
10.362,16.056
25.050,16.080
33.278,16.049
35.729,16.041
77.576,16.058
84.381,16.023
118.933,16.070
134.324,16.040
156.707,16.027
164.403,16.025
179.238,16.040
182.552,16.014
240.606,16.071
244.040,16.093
250.951,16.029
256.914,16.040
267.945,16.027
293.198,16.027
300.190,16.066
308.419,16.040
44.006,16.128
50.554,16.088
65.943,16.171
78.950,16.133
86.989,16.109
89.181,16.120
111.563,16.139
140.539,16.155
151.469,16.094
163.163,16.192
165.943,16.120
196.207,16.133
200.517,16.160
201.846,16.172
246.440,16.183
252.209,16.145
280.897,16.128
281.905,16.100
301.678,16.152
12.419,16.230
49.600,16.160
53.752,16.216
81.348,16.182
113.520,16.240
138.912,16.213
142.895,16.200
154.113,16.189
155.029,16.244
181.216,16.205
185.541,16.187
205.486,16.220
212.535,16.271
262.936,16.188
264.114,16.176
265.239,16.261
284.731,16.208
55.106,16.291
67.610,16.320
93.486,16.247
97.466,16.327
105.182,16.329
106.604,16.342
107.810,16.300
109.159,16.297
110.417,16.293
128.745,16.267
136.593,16.293
146.836,16.267
194.850,16.328
227.657,16.280
248.100,16.295
249.388,16.267
3.352,16.320
68.762,16.360
95.048,16.336
114.611,16.371
152.974,16.347
160.952,16.360
161.999,16.369
173.333,16.440
177.050,16.347
215.411,16.371
231.963,16.392
245.049,16.371
259.334,16.350
288.190,16.384
100.094,16.502
117.125,16.473
120.251,16.478
159.731,16.480
167.545,16.446
186.743,16.520
189.122,16.453
190.362,16.440
191.695,16.440
193.501,16.459
198.853,16.480
213.887,16.459
230.857,16.440
239.374,16.456
258.170,16.445
270.459,16.453
286.894,16.468
303.238,16.520
310.819,16.440
133.194,16.574
187.979,16.533
197.396,16.546
206.709,16.499
221.621,16.511
225.773,16.531
305.988,16.512
23.451,16.658
31.069,16.657
131.967,16.591
158.286,16.600
203.369,16.621
289.468,16.589
309.584,16.626
313.371,16.600
0.610,16.680
5.655,16.731
13.506,16.706
18.799,16.706
58.951,16.699
76.174,16.667
85.556,16.720
115.779,16.712
137.882,16.751
141.872,16.709
145.905,16.680
224.626,16.667
233.766,16.706
294.066,16.720
312.206,16.690
11.425,16.771
29.752,16.760
32.566,16.760
42.797,16.813
46.189,16.775
51.558,16.787
62.552,16.832
72.243,16.818
75.085,16.832
80.217,16.788
83.733,16.812
98.840,16.749
124.114,16.784
144.064,16.785
168.952,16.736
170.531,16.773
171.763,16.800
207.848,16.760
219.048,16.720
238.303,16.771
272.212,16.747
278.764,16.776
3.554,17.583
20.085,17.051
22.245,16.863
25.945,16.851
27.296,16.825
28.457,16.840
36.556,16.950
38.133,16.867
48.724,16.840
60.038,16.840
61.245,16.850
73.635,16.862
96.478,16.829
101.202,16.862
122.828,16.862
127.717,16.857
135.636,16.853
174.451,16.923
184.595,16.850
234.874,16.829
254.686,16.858
274.629,16.800
296.696,16.942
2.095,16.880
17.241,16.946
39.848,16.960
47.536,16.954
64.038,17.011
118.095,16.968
126.410,16.960
129.797,16.953
183.429,16.948
216.894,16.931
229.600,16.920
253.320,16.946
260.421,16.965
273.333,16.896
290.667,16.920
304.113,16.888
4.544,17.051
6.882,17.007
14.781,17.000
21.113,17.040
57.316,17.094
70.761,17.015
82.072,17.023
87.016,17.020
88.171,16.983
91.202,16.994
92.495,17.032
112.381,17.000
125.275,16.991
130.827,17.072
149.503,17.013
178.062,17.054
196.357,17.110
209.278,17.009
211.754,17.011
236.188,16.994
250.211,17.069
256.000,17.000
264.563,17.148
277.141,17.030
282.907,17.007
298.151,16.991
300.915,17.008
307.256,17.047
8.142,17.119
15.724,17.143
65.221,17.147
77.415,17.292
103.732,17.102
121.905,17.120
140.778,17.097
165.206,17.102
166.552,17.120
210.514,17.110
220.248,17.107
241.371,17.115
242.951,17.088
247.228,17.120
285.721,17.153
292.094,17.091
295.370,17.091
299.255,17.076
33.790,17.160
34.971,17.240
41.123,17.164
44.970,17.169
56.067,17.217
66.759,17.189
69.576,17.178
89.524,17.160
152.114,17.136
156.246,17.171
163.980,17.150
175.886,17.184
181.887,17.171
217.960,17.185
226.941,17.186
228.547,17.212
257.253,17.194
261.829,17.160
263.225,17.186
302.340,17.205
9.811,17.227
78.795,17.481
139.652,17.273
148.343,17.240
150.802,17.229
153.646,17.288
157.350,17.297
191.106,17.251
201.353,17.230
202.421,17.231
204.532,17.288
213.029,17.240
214.667,17.240
223.447,17.255
240.113,17.247
244.137,17.265
248.706,17.295
251.924,17.240
268.399,17.259
275.789,17.225
284.368,17.384
308.118,17.714
54.420,17.342
68.076,17.320
102.529,17.304
104.849,17.566
134.592,17.352
137.038,17.435
143.010,17.412
147.390,17.296
154.954,17.307
160.449,17.407
162.417,17.424
168.169,17.377
176.974,17.333
189.850,17.333
192.610,17.320
199.997,17.316
205.850,17.369
232.813,17.342
266.971,17.320
269.506,17.335
271.245,17.404
281.570,17.391
24.275,17.469
94.118,17.447
111.221,17.387
113.543,17.422
144.954,17.429
180.685,17.378
245.800,17.496
258.780,17.528
265.810,17.434
280.291,17.431
99.979,17.493
106.373,17.624
108.800,17.532
128.551,17.514
161.293,17.454
172.952,17.512
179.467,17.452
185.907,17.486
187.213,17.534
188.482,17.506
194.971,17.480
215.810,17.504
12.948,17.619
43.955,17.615
55.619,17.520
110.053,17.570
119.123,18.077
159.190,17.552
197.503,17.547
225.942,17.568
230.895,17.536
28.038,17.600
49.622,17.659
50.552,17.640
53.372,17.719
97.468,17.701
107.548,17.662
114.743,17.640
120.457,17.600
169.606,17.699
207.010,17.649
237.524,17.640
287.506,17.731
293.450,17.680
26.696,17.924
31.158,17.850
38.835,17.778
81.123,17.797
84.952,17.726
95.274,17.777
98.649,17.698
233.868,17.792
297.246,18.021
309.072,18.446
312.780,17.762
14.103,17.886
27.581,17.760
35.852,17.836
116.060,17.899
123.364,18.174
133.507,17.854
141.687,17.956
305.122,17.811
313.947,17.878
17.989,17.998
29.128,17.968
37.411,17.994
46.785,17.920
71.836,18.785
92.117,18.043
117.181,17.880
122.134,18.641
135.912,17.934
146.438,17.850
198.721,17.876
219.655,17.913
278.186,17.961
301.250,18.030
6.488,18.091
23.113,18.077
25.175,18.020
45.704,17.978
48.247,18.016
52.243,18.012
56.411,18.599
58.472,18.536
60.727,18.178
62.451,18.601
70.575,18.053
92.921,18.679
194.113,17.993
208.132,17.949
217.173,18.008
221.908,17.965
224.551,17.951
238.859,17.951
253.149,18.006
261.193,18.019
286.439,18.060
290.098,18.113
291.301,18.660
296.218,18.144
303.355,18.202
306.384,18.159
311.335,17.949
1.295,18.000
5.270,18.124
8.967,18.122
15.958,18.596
41.643,18.109
74.546,18.602
90.478,18.080
105.668,18.539
124.658,18.765
126.158,18.137
127.276,18.040
129.815,18.066
132.152,18.058
138.344,18.055
148.835,18.109
158.188,18.097
178.590,18.080
241.514,18.603
254.206,18.090
273.202,18.146
279.258,18.025
288.914,18.736
300.232,18.120
2.230,18.322
7.564,18.292
11.870,18.208
21.929,18.160
42.745,18.195
59.581,18.200
76.184,18.243
79.835,18.200
83.489,18.165
86.265,18.129
101.587,18.170
109.257,18.080
150.192,18.109
167.238,18.191
171.027,18.153
174.058,18.218
175.214,18.797
213.694,18.145
218.420,18.150
228.133,18.168
229.619,18.115
231.884,18.152
235.145,18.109
259.940,18.152
262.721,18.180
263.813,18.245
271.984,18.231
274.559,18.166
283.457,18.363
284.806,18.701
294.219,18.524
298.254,18.310
10.829,18.223
32.762,18.200
34.580,18.385
40.116,18.240
55.332,18.329
65.752,18.160
67.352,18.230
73.336,18.160
87.863,18.208
96.533,18.160
130.878,18.213
144.038,18.227
154.381,18.183
165.753,18.211
181.714,18.240
182.915,18.179
184.000,18.220
210.071,18.197
236.413,18.261
244.785,18.324
248.174,18.183
249.426,18.262
270.530,18.366
276.441,18.226
281.806,18.775
18.667,18.240
82.540,18.336
88.901,18.359
140.273,18.307
147.627,18.352
151.563,18.327
153.013,18.341
156.648,18.351
163.339,18.315
164.573,18.330
190.400,18.280
193.067,18.280
200.990,18.280
202.348,18.338
203.735,18.284
222.957,18.388
243.299,18.337
255.351,18.779
256.699,18.342
267.847,18.367
20.724,18.360
68.477,18.840
106.734,19.242
120.686,18.320
162.242,18.486
172.374,18.570
176.351,18.423
191.754,18.347
211.297,18.371
214.878,18.371
220.741,18.369
226.839,18.375
292.599,18.693
9.905,18.400
64.773,18.530
155.610,18.465
168.538,18.441
185.401,18.480
187.869,18.428
189.240,18.427
195.491,18.466
196.608,18.488
204.980,18.467
251.469,18.603
265.070,18.450
266.460,18.495
302.401,18.572
50.551,18.836
134.879,18.574
173.105,18.480
179.962,18.520
212.571,18.520
225.657,18.564
232.877,18.528
269.029,18.480
79.643,18.984
94.395,18.901
160.861,18.622
206.324,18.600
257.371,18.560
280.323,18.723
26.689,18.888
73.451,18.944
100.728,18.752
102.871,18.882
120.238,18.866
186.630,18.648
239.863,18.724
14.373,18.911
24.969,19.008
38.585,19.101
51.996,19.040
69.732,18.788
104.750,19.122
111.435,18.840
137.165,18.777
159.557,18.842
199.766,18.789
216.155,18.754
230.726,18.742
258.024,19.043
31.274,18.992
83.046,19.145
177.936,18.974
237.717,18.870
247.224,18.957
249.858,19.129
259.779,19.114
275.810,18.800
279.066,19.135
304.525,19.054
312.207,18.970
3.467,19.094
8.550,18.992
19.621,19.061
28.443,19.041
36.020,19.121
44.878,18.994
54.605,19.136
57.599,19.016
97.063,19.071
143.068,18.960
145.186,18.906
245.886,18.997
277.345,19.434
299.285,19.089
305.779,19.062
307.004,19.238
4.378,19.082
6.356,19.183
9.705,19.151
17.214,19.155
23.494,19.059
40.992,19.090
60.000,19.056
64.069,19.155
84.447,19.092
89.792,19.131
98.367,19.101
116.898,18.983
117.928,19.259
248.450,19.154
256.498,19.269
263.330,19.188
286.933,19.157
313.412,19.029
0.867,19.087
11.541,19.256
13.148,19.134
18.123,19.151
21.099,19.162
22.174,19.161
32.328,19.204
33.702,19.135
48.627,19.127
65.542,19.198
66.949,19.103
86.171,19.040
87.407,19.160
91.251,19.142
95.916,19.161
114.356,19.200
126.514,19.126
128.226,19.086
132.876,19.120
139.229,19.081
141.982,19.157
146.292,19.133
174.171,19.120
234.001,19.162
252.946,19.124
262.070,19.164
269.632,19.166
296.953,19.279
303.569,19.297
311.065,19.091
29.997,19.190
42.239,19.198
47.394,19.200
53.412,19.153
75.972,19.169
85.583,19.237
88.569,19.195
109.715,19.381
131.653,19.207
157.430,19.149
173.392,19.285
218.360,19.224
235.256,19.221
253.980,19.246
260.847,19.297
272.444,19.231
289.941,19.359
43.751,19.225
46.244,19.250
99.680,19.243
130.286,19.260
133.989,19.287
135.907,19.328
149.579,19.253
166.606,19.230
169.483,19.227
198.436,19.302
236.614,19.267
238.979,19.300
267.269,19.298
268.400,19.258
276.044,19.285
282.735,19.280
295.261,19.280
300.381,19.257
310.044,19.253
1.949,19.344
108.261,19.324
112.794,19.384
129.164,19.309
138.140,19.373
140.267,19.280
150.974,19.337
153.676,19.391
154.909,19.382
156.203,19.383
162.934,19.354
176.988,19.392
180.838,19.360
193.586,19.338
202.835,19.370
206.957,19.385
208.208,19.331
209.295,19.440
217.219,19.300
242.590,19.320
243.750,19.420
265.935,19.368
301.458,19.328
302.400,19.320
115.866,19.481
147.314,19.400
148.474,19.411
152.361,19.398
164.007,19.382
170.689,19.410
171.893,19.494
181.900,19.451
184.570,19.409
185.977,19.487
190.049,19.440
192.360,19.411
194.971,19.400
196.017,19.411
197.105,19.409
201.600,19.389
210.573,19.496
222.229,19.466
223.535,19.389
224.783,19.411
226.420,19.450
227.792,19.398
251.552,19.583
264.610,19.380
271.040,19.479
273.659,19.413
274.924,19.468
140.798,19.487
158.438,19.520
160.328,19.538
165.287,19.520
167.778,19.526
179.139,19.538
183.199,19.524
188.816,19.503
200.475,19.500
211.863,19.541
219.812,19.489
229.274,19.467
231.549,19.546
124.419,19.520
144.130,19.582
161.600,19.540
187.421,19.600
191.200,19.560
204.304,19.608
221.048,19.618
232.838,19.593
240.740,19.663
205.578,19.697
213.029,19.640
214.227,19.651
215.297,19.627
292.724,19.600
16.000,19.680
121.295,19.840
245.333,19.840
