1.802,-10.515
2.438,-10.914
47.045,-10.895
64.305,-10.924
153.411,-10.852
178.210,-10.924
191.203,-10.906
194.362,-10.921
198.781,-10.924
200.914,-10.923
215.236,-10.918
222.095,-10.924
223.621,-10.910
224.381,-10.903
225.687,-10.902
227.333,-10.848
229.257,-10.858
230.781,-10.858
231.464,-10.914
232.473,-10.889
234.314,-10.903
239.521,-10.906
243.027,-10.912
43.042,-10.298
6.064,-10.154
24.342,-10.154
64.381,-10.218
4.114,-10.138
5.333,-10.138
21.562,-10.138
47.004,-10.138
60.753,-9.970
28.343,-9.985
44.985,-9.446
5.011,-9.750
26.895,-9.908
275.100,-9.924
21.257,-9.898
77.236,-9.767
267.982,-9.743
41.676,-9.778
57.790,-9.687
20.441,-9.573
53.899,-9.632
8.640,-9.610
63.427,-9.523
73.651,-9.601
78.999,-9.538
10.500,-9.479
35.541,-9.495
48.922,-9.462
52.176,-9.501
67.612,-9.490
75.449,-9.542
105.546,-9.461
108.111,-9.396
109.204,-9.528
119.219,-9.498
133.913,-9.468
140.686,-9.526
144.585,-9.474
155.782,-9.439
235.780,-9.466
13.876,-9.433
40.690,-9.426
56.675,-9.323
66.171,-9.409
68.894,-9.386
86.437,-9.401
94.353,-9.386
95.685,-9.456
98.298,-9.416
102.616,-9.371
106.920,-9.346
110.656,-9.379
113.412,-9.435
124.941,-9.393
126.491,-9.413
135.236,-9.392
139.476,-9.448
141.868,-9.386
143.334,-9.367
149.296,-9.408
157.190,-9.370
158.365,-9.418
160.418,-9.425
164.843,-9.436
200.255,-9.386
307.142,-9.374
1.023,-9.356
11.772,-9.383
16.566,-9.399
30.781,-9.284
32.903,-9.319
39.244,-9.310
50.837,-9.318
64.790,-9.389
71.702,-9.318
87.771,-9.357
89.029,-9.321
99.624,-9.312
112.321,-9.373
115.432,-9.373
116.784,-9.327
117.987,-9.304
123.103,-9.270
137.821,-9.344
146.905,-9.338
161.817,-9.285
185.407,-9.315
192.525,-9.304
205.699,-9.308
213.402,-9.258
216.305,-9.378
230.666,-9.304
282.547,-9.358
285.432,-9.371
293.215,-9.309
311.556,-9.335
7.156,-9.260
22.039,-9.245
38.131,-9.214
47.399,-9.240
91.761,-9.281
93.171,-9.239
101.329,-9.206
120.497,-9.325
121.729,-9.279
127.825,-9.202
128.934,-9.281
130.294,-9.258
131.471,-9.242
136.339,-9.292
145.771,-9.275
148.039,-9.298
150.619,-9.258
151.805,-9.320
153.365,-9.168
166.051,-9.262
167.290,-9.243
169.100,-9.243
171.560,-9.263
181.212,-9.241
184.116,-9.185
187.761,-9.233
189.111,-9.252
191.086,-9.253
193.714,-9.186
194.924,-9.220
201.518,-9.218
204.385,-9.233
212.128,-9.239
214.539,-9.242
217.678,-9.204
220.285,-9.319
222.937,-9.271
256.835,-9.232
270.517,-9.228
278.585,-9.235
286.749,-9.259
291.794,-9.198
294.475,-9.253
303.730,-9.321
308.679,-9.256
310.039,-9.290
312.760,-9.284
5.840,-9.135
9.373,-9.192
29.545,-9.183
34.430,-9.158
36.921,-9.198
80.154,-9.149
82.645,-9.230
84.001,-9.151
97.178,-9.223
103.922,-9.222
132.798,-9.184
154.602,-9.135
172.876,-9.218
173.998,-9.170
179.653,-9.198
196.324,-9.212
197.490,-9.173
198.700,-9.209
203.066,-9.155
206.866,-9.164
208.413,-9.124
209.688,-9.171
219.140,-9.187
221.382,-9.159
226.216,-9.153
228.010,-9.220
232.170,-9.172
238.389,-9.187
240.751,-9.212
243.391,-9.142
247.163,-9.145
252.416,-9.162
253.864,-9.171
255.420,-9.133
259.775,-9.154
263.010,-9.207
269.215,-9.170
271.695,-9.183
273.136,-9.218
275.357,-8.975
276.829,-9.153
283.727,-9.218
290.571,-9.178
296.234,-9.120
299.845,-9.183
306.135,-9.221
2.384,-9.072
61.624,-9.115
70.511,-9.104
170.474,-9.126
178.219,-9.094
182.772,-9.060
210.916,-9.086
229.272,-9.085
233.295,-9.118
236.916,-9.080
245.736,-9.112
250.523,-9.050
258.372,-9.133
261.353,-9.152
281.026,-9.129
289.223,-9.089
297.408,-9.075
302.228,-9.055
304.846,-9.135
313.880,-9.045
1.448,-9.098
24.237,-8.954
55.248,-8.979
85.407,-8.984
90.138,-9.058
163.470,-9.021
175.270,-9.023
186.514,-8.998
224.336,-9.044
234.389,-9.061
248.305,-9.058
264.229,-9.058
265.557,-9.046
298.665,-8.966
3.582,-8.881
15.232,-8.943
19.326,-8.888
239.614,-8.886
244.691,-8.924
42.434,-8.883
59.124,-8.918
176.876,-8.826
279.813,-8.839
12.846,-8.791
17.598,-8.778
28.422,-8.793
76.459,-8.814
242.008,-8.751
27.005,-8.751
159.199,-8.502
287.908,-8.729
4.712,-8.638
53.170,-8.679
114.306,-8.621
249.390,-8.553
300.880,-8.629
8.317,-8.533
25.586,-8.583
73.062,-8.520
77.941,-8.551
81.584,-8.587
118.542,-8.501
268.194,-8.502
20.675,-8.475
60.588,-8.475
62.770,-8.492
111.267,-8.437
138.634,-8.410
152.693,-8.342
156.554,-8.452
266.857,-8.489
284.565,-8.352
41.131,-8.371
49.991,-8.398
74.710,-8.305
88.198,-8.362
91.268,-8.367
109.747,-8.366
124.243,-8.384
140.021,-8.404
142.501,-8.350
292.680,-8.389
307.780,-8.368
10.598,-8.308
23.341,-8.267
31.926,-8.366
39.900,-8.313
57.749,-8.258
65.625,-8.252
94.781,-8.218
96.199,-8.249
98.993,-8.286
105.032,-8.233
125.829,-8.338
129.431,-8.247
130.854,-8.274
134.790,-8.270
136.035,-8.287
143.966,-8.293
149.676,-8.298
151.330,-8.254
155.238,-8.338
168.439,-8.286
184.927,-8.241
188.439,-8.291
199.606,-8.292
215.547,-8.327
225.297,-8.291
235.187,-8.246
281.907,-8.261
295.066,-8.298
11.761,-8.223
35.039,-8.219
48.722,-8.248
64.305,-8.247
66.995,-8.256
86.836,-8.244
100.198,-8.206
107.008,-8.208
108.308,-8.227
116.339,-8.156
120.042,-8.189
133.570,-8.218
141.168,-8.254
145.179,-8.200
146.422,-8.259
147.486,-8.275
148.631,-8.244
157.843,-8.273
164.435,-8.146
173.471,-8.224
180.265,-8.246
182.153,-8.135
195.511,-8.151
204.937,-8.241
216.908,-8.226
227.390,-8.243
231.205,-8.229
251.432,-8.173
257.610,-8.203
260.679,-8.183
269.867,-8.148
274.258,-8.219
303.087,-8.174
0.744,-8.199
14.206,-8.170
16.662,-8.138
33.413,-8.152
51.810,-8.202
56.504,-8.056
112.913,-8.157
117.546,-8.121
119.164,-8.206
121.448,-8.068
132.040,-8.118
137.486,-8.126
154.002,-8.131
167.241,-8.125
189.488,-8.183
191.965,-8.171
193.260,-8.131
197.029,-8.127
201.098,-8.171
206.849,-8.129
222.662,-8.144
246.747,-8.071
256.229,-8.132
263.091,-8.169
277.519,-8.133
306.707,-8.109
309.069,-8.173
310.762,-8.066
311.962,-8.142
2.552,-7.133
30.246,-8.018
47.505,-8.098
68.476,-8.007
83.209,-8.043
89.442,-8.089
97.504,-8.079
102.508,-8.091
122.920,-8.036
128.173,-8.041
171.126,-8.051
174.729,-8.046
175.932,-8.058
183.625,-8.011
187.283,-8.011
190.588,-7.985
212.838,-8.018
214.305,-8.064
219.654,-8.053
238.625,-8.035
243.880,-7.962
253.212,-8.019
264.531,-8.016
290.377,-7.996
293.910,-8.058
304.171,-8.076
305.518,-8.044
22.019,-7.918
44.879,-7.991
54.456,-7.985
69.841,-7.983
71.197,-8.013
79.218,-8.003
92.970,-8.034
160.581,-8.010
163.117,-8.033
172.307,-8.004
177.863,-7.929
178.964,-7.967
185.923,-7.904
202.431,-8.005
203.733,-7.973
210.192,-7.949
211.699,-7.978
218.330,-7.989
220.876,-8.001
223.996,-7.944
228.610,-7.996
229.900,-7.933
236.284,-8.027
254.588,-8.015
259.400,-7.964
273.124,-7.988
278.665,-7.933
283.050,-7.985
285.579,-8.027
286.753,-7.995
6.867,-7.925
9.453,-7.898
36.421,-7.864
37.652,-7.936
76.915,-7.824
80.474,-7.892
101.411,-7.912
103.799,-7.888
161.837,-7.941
165.905,-7.910
169.945,-7.850
194.412,-7.918
209.047,-7.935
232.644,-7.948
233.867,-7.884
245.437,-7.880
271.808,-7.895
288.966,-7.861
298.547,-7.890
43.624,-7.822
198.331,-7.792
240.948,-7.802
248.009,-7.777
296.198,-7.821
297.405,-7.819
5.733,-7.766
18.346,-7.795
38.862,-7.681
59.681,-7.739
84.345,-7.766
106.005,-7.740
207.879,-7.748
226.250,-7.666
265.882,-7.721
280.658,-7.707
300.027,-7.763
301.940,-7.725
313.633,-7.722
15.350,-7.653
42.210,-7.691
53.064,-7.641
237.371,-7.680
242.817,-7.672
261.744,-7.632
276.424,-7.682
291.637,-7.646
3.534,-7.542
12.990,-7.606
27.671,-7.591
28.917,-7.574
46.353,-7.566
73.720,-7.596
75.609,-7.586
82.097,-7.574
85.872,-7.597
115.256,-7.571
205.894,-7.589
250.288,-7.589
268.726,-7.551
275.237,-7.633
19.757,-7.529
50.872,-7.487
62.044,-7.492
72.227,-7.543
94.235,-7.424
110.650,-7.388
126.811,-7.498
24.641,-7.474
63.410,-7.426
113.926,-7.402
150.549,-7.347
181.050,-7.411
252.263,-7.394
270.592,-7.372
287.934,-7.418
4.660,-7.329
8.575,-7.349
25.867,-7.381
31.251,-7.327
58.573,-7.295
66.439,-7.338
111.998,-7.331
124.005,-7.347
130.039,-7.286
135.573,-7.186
147.801,-7.324
155.894,-7.367
239.868,-7.366
267.390,-7.323
284.190,-7.327
49.521,-7.253
55.651,-7.280
65.065,-7.221
78.101,-7.199
88.488,-7.240
91.330,-7.284
136.665,-7.247
139.339,-7.242
140.720,-7.220
142.018,-7.320
152.007,-7.298
153.337,-7.220
157.046,-7.286
158.304,-7.236
159.438,-7.248
176.703,-7.311
221.841,-7.247
225.053,-7.249
257.110,-7.224
258.571,-7.198
294.593,-7.223
309.823,-7.225
1.422,-7.160
21.037,-7.135
32.618,-7.159
125.522,-7.161
131.279,-7.172
132.894,-7.202
146.330,-7.209
149.181,-7.218
154.861,-7.112
168.170,-7.159
169.198,-7.192
182.908,-7.145
184.542,-7.134
217.521,-7.182
235.121,-7.222
244.412,-7.076
263.722,-7.151
308.467,-7.089
312.630,-7.223
10.464,-7.103
48.120,-7.070
57.204,-7.027
87.366,-7.075
90.061,-7.033
96.739,-7.096
99.443,-7.072
109.223,-7.149
118.756,-7.131
120.268,-7.104
128.985,-7.080
134.074,-7.070
144.926,-7.102
179.886,-7.073
190.005,-7.092
199.367,-7.033
211.074,-7.108
213.487,-7.087
216.039,-7.069
227.752,-7.041
231.693,-7.091
279.627,-7.068
293.189,-7.111
306.118,-7.060
14.181,-6.990
33.980,-6.982
40.211,-7.051
52.044,-6.974
60.800,-7.058
67.723,-7.018
95.529,-6.885
97.943,-7.058
102.914,-6.976
163.751,-7.062
166.950,-7.044
171.802,-6.986
186.819,-7.070
193.562,-7.029
195.883,-6.993
200.581,-7.038
204.728,-7.053
249.021,-7.043
255.775,-7.056
272.746,-7.012
304.809,-7.016
311.423,-6.983
16.328,-6.925
35.238,-6.996
79.657,-6.950
107.928,-6.988
117.545,-6.991
121.541,-6.942
137.964,-6.911
143.584,-6.940
162.576,-6.870
170.753,-6.921
174.133,-6.978
188.267,-6.998
192.454,-6.952
196.989,-6.898
214.891,-6.912
223.031,-6.929
229.361,-6.953
260.076,-6.989
274.017,-6.908
277.938,-6.990
11.692,-6.903
17.565,-6.827
23.567,-6.846
70.473,-6.852
83.708,-6.825
106.746,-6.818
116.235,-6.836
172.943,-6.869
175.411,-6.858
191.201,-6.866
232.951,-6.822
264.978,-6.915
269.507,-6.865
283.161,-6.891
285.257,-6.898
289.802,-6.842
299.243,-6.879
300.862,-6.864
303.399,-6.878
7.406,-6.782
29.876,-6.815
37.161,-6.715
54.414,-6.730
74.519,-6.724
92.839,-6.800
100.830,-6.812
122.953,-6.841
161.309,-6.729
202.709,-6.756
207.372,-6.746
209.515,-6.776
219.735,-6.793
238.701,-6.795
241.755,-6.751
253.468,-6.830
254.682,-6.782
281.892,-6.797
307.186,-6.785
26.924,-6.715
41.561,-6.723
42.851,-6.669
68.949,-6.698
80.802,-6.658
105.539,-6.715
164.771,-6.720
178.701,-6.669
194.813,-6.708
212.381,-6.723
236.210,-6.724
246.438,-6.738
247.783,-6.688
262.511,-6.675
286.529,-6.730
296.757,-6.693
9.504,-6.627
22.174,-6.652
38.260,-6.634
44.122,-6.635
46.874,-6.631
59.554,-6.613
77.235,-6.639
84.949,-6.656
127.526,-6.585
177.653,-6.612
185.693,-6.640
218.617,-6.614
251.275,-6.618
266.265,-6.641
314.119,-6.587
45.486,-6.561
112.810,-6.514
165.909,-6.561
181.983,-6.538
226.878,-6.532
230.705,-6.578
237.333,-6.578
275.297,-6.487
298.136,-6.589
302.207,-6.565
0.343,-6.538
6.169,-6.476
64.158,-6.445
73.070,-6.502
75.810,-6.447
198.097,-6.447
203.788,-6.476
206.270,-6.481
220.814,-6.430
234.179,-6.478
240.499,-6.481
250.004,-6.436
276.859,-6.472
292.278,-6.385
295.485,-6.437
12.768,-6.415
18.767,-6.401
28.343,-6.378
104.081,-6.383
140.114,-6.351
147.091,-6.394
148.467,-6.386
169.897,-6.306
243.296,-6.435
245.328,-6.408
261.193,-6.412
288.610,-6.398
15.240,-6.342
20.226,-6.320
24.705,-6.302
39.415,-6.283
50.530,-6.298
53.032,-6.347
62.830,-6.315
65.764,-6.236
101.967,-6.343
115.300,-6.243
126.351,-6.292
132.264,-6.298
149.855,-6.361
151.274,-6.309
152.665,-6.349
183.553,-6.309
189.270,-6.346
208.306,-6.252
224.516,-6.323
225.837,-6.311
270.761,-6.312
290.923,-6.276
8.427,-6.228
36.058,-6.178
49.181,-6.224
56.436,-6.247
61.638,-6.258
71.965,-6.263
78.746,-6.229
86.112,-6.277
94.171,-6.238
124.611,-6.235
141.561,-6.201
145.749,-6.197
155.238,-6.112
160.249,-6.189
176.398,-6.229
201.627,-6.215
210.452,-6.196
222.053,-6.173
228.532,-6.202
280.573,-6.210
3.830,-6.116
25.938,-6.164
58.256,-6.138
98.664,-6.123
111.366,-6.087
114.065,-6.110
119.468,-6.114
134.950,-6.168
136.066,-6.076
138.784,-6.109
153.925,-6.116
157.716,-6.159
158.923,-6.144
180.653,-6.117
187.344,-6.132
213.952,-6.132
256.572,-6.193
257.704,-6.205
267.296,-6.148
293.903,-6.095
310.293,-6.107
312.760,-6.138
31.889,-6.059
33.254,-6.080
81.999,-6.068
91.851,-6.093
108.660,-6.020
109.876,-6.114
117.019,-6.025
137.139,-6.061
142.827,-6.075
144.387,-6.064
167.666,-6.076
174.666,-6.090
190.322,-6.051
258.790,-5.980
271.932,-6.002
287.448,-6.040
300.038,-6.110
1.152,-5.978
5.032,-5.970
51.506,-5.933
87.851,-5.952
121.036,-5.956
129.780,-5.999
133.356,-6.008
156.514,-6.000
163.068,-6.029
216.271,-5.998
231.997,-5.917
235.357,-5.968
252.648,-6.010
268.562,-6.040
305.533,-6.020
30.666,-5.972
34.562,-5.856
55.277,-5.892
89.453,-5.902
96.897,-5.898
131.078,-5.936
172.286,-5.862
211.523,-5.851
215.112,-5.892
229.743,-5.905
248.857,-5.945
264.115,-5.910
284.490,-5.913
304.075,-5.903
308.828,-5.847
10.517,-5.867
47.974,-5.779
67.115,-5.846
79.965,-5.829
90.573,-5.719
122.269,-5.812
123.559,-5.802
128.430,-5.789
179.622,-5.829
184.774,-5.782
217.635,-5.825
242.258,-5.765
244.374,-5.807
255.430,-5.801
13.940,-5.793
16.173,-5.725
17.161,-5.730
29.277,-5.738
60.461,-5.762
69.654,-5.752
83.179,-5.766
99.890,-5.757
170.981,-5.783
191.603,-5.717
193.161,-5.703
199.346,-5.804
200.473,-5.801
204.637,-5.722
253.921,-5.717
265.374,-5.767
311.353,-5.755
7.229,-5.613
40.785,-5.676
46.194,-5.592
107.454,-5.606
182.762,-5.636
186.308,-5.594
196.571,-5.731
207.242,-5.537
223.665,-5.678
227.495,-5.594
237.890,-5.609
269.831,-5.703
273.222,-5.636
278.744,-5.709
281.921,-5.695
283.314,-5.681
285.961,-5.653
297.493,-5.674
301.526,-5.631
11.657,-5.609
21.451,-5.589
43.505,-5.658
68.345,-5.623
73.830,-5.562
164.194,-5.622
168.856,-5.627
178.461,-5.604
188.298,-5.542
195.467,-5.618
209.409,-5.556
212.842,-5.572
220.150,-5.606
233.158,-5.624
259.921,-5.616
289.458,-5.594
296.230,-5.587
313.655,-5.513
37.957,-5.519
42.199,-5.451
44.769,-5.432
59.299,-5.503
75.048,-5.484
95.548,-5.482
104.819,-5.469
118.173,-5.524
127.147,-5.519
161.975,-5.484
194.353,-5.492
218.961,-5.534
246.658,-5.507
247.827,-5.505
262.848,-5.522
276.233,-5.522
302.897,-5.513
306.835,-5.485
2.622,-5.393
23.963,-5.408
53.879,-5.487
71.051,-5.472
77.714,-5.405
84.435,-5.448
150.502,-5.414
173.772,-5.429
175.551,-5.418
177.329,-5.453
197.868,-5.402
298.664,-5.447
27.033,-5.393
64.974,-5.367
76.419,-5.378
93.323,-5.362
112.722,-5.349
125.352,-5.284
140.644,-5.358
166.644,-5.269
181.489,-5.324
230.857,-5.338
236.592,-5.379
239.767,-5.371
274.906,-5.393
294.992,-5.374
307.869,-5.321
9.255,-5.252
22.630,-5.285
57.563,-5.252
81.121,-5.253
97.986,-5.236
103.365,-5.247
105.939,-5.268
116.044,-5.219
139.418,-5.241
143.438,-5.301
146.400,-5.274
147.665,-5.301
153.194,-5.242
165.333,-5.278
203.518,-5.248
221.384,-5.231
225.183,-5.294
234.362,-5.298
277.524,-5.276
293.204,-5.272
14.969,-5.172
63.697,-5.187
85.761,-5.143
114.822,-5.148
134.208,-5.132
135.457,-5.096
138.023,-5.147
149.064,-5.195
151.981,-5.178
154.679,-5.111
159.541,-5.138
205.884,-5.202
226.273,-5.219
249.925,-5.203
251.812,-5.191
266.473,-5.187
279.957,-5.135
290.595,-5.204
291.845,-5.193
18.169,-5.131
36.884,-5.089
39.532,-5.072
49.362,-5.084
50.449,-5.037
52.575,-5.157
101.603,-5.083
109.182,-5.015
142.029,-5.116
145.240,-5.149
169.837,-5.043
183.719,-5.080
214.119,-5.079
241.029,-5.163
243.389,-5.109
245.521,-5.127
261.391,-5.094
271.060,-5.021
288.223,-5.108
6.132,-5.051
12.874,-5.018
25.025,-5.013
33.681,-5.023
72.665,-5.064
79.106,-5.047
86.964,-5.001
110.366,-5.048
120.185,-5.076
136.664,-5.055
157.051,-5.048
228.727,-4.964
256.457,-5.042
267.832,-4.989
287.058,-5.050
305.049,-5.045
20.396,-4.987
30.154,-4.987
56.298,-4.938
62.593,-4.920
111.580,-4.988
124.069,-4.883
155.926,-4.927
158.244,-4.903
201.487,-4.960
208.229,-4.938
216.611,-4.964
222.439,-4.975
257.784,-4.944
0.667,-4.912
35.668,-4.843
61.277,-4.861
88.639,-4.824
91.738,-4.851
131.730,-4.895
132.935,-4.836
168.074,-4.830
189.600,-4.898
190.831,-4.846
192.266,-4.761
210.616,-4.884
232.305,-4.841
253.018,-4.812
269.013,-4.826
272.323,-4.858
3.735,-4.791
47.219,-4.799
82.363,-4.818
113.717,-4.761
119.107,-4.778
121.620,-4.787
129.297,-4.813
163.088,-4.751
171.470,-4.743
185.136,-4.833
187.333,-4.749
218.021,-4.766
229.923,-4.756
248.783,-4.792
285.296,-4.721
310.419,-4.835
312.368,-4.796
8.152,-4.756
28.517,-4.682
89.964,-4.712
99.127,-4.757
100.346,-4.693
122.934,-4.698
196.762,-4.738
198.721,-4.766
199.999,-4.738
215.278,-4.755
254.713,-4.678
263.739,-4.716
281.410,-4.688
300.362,-4.758
303.924,-4.701
4.831,-4.570
15.957,-4.595
31.525,-4.637
32.778,-4.597
66.292,-4.665
94.829,-4.610
97.014,-4.632
106.895,-4.566
179.231,-4.639
212.254,-4.607
51.314,-4.520
54.854,-4.597
67.640,-4.568
68.951,-4.557
83.522,-4.515
102.698,-4.514
127.959,-4.561
130.535,-4.481
160.869,-4.575
172.876,-4.557
174.568,-4.592
176.682,-4.504
180.556,-4.542
219.426,-4.550
227.013,-4.482
233.366,-4.513
238.742,-4.588
259.048,-4.590
265.102,-4.523
278.723,-4.564
282.741,-4.557
283.977,-4.565
1.735,-4.467
13.763,-4.420
17.062,-4.478
19.266,-4.451
38.616,-4.505
41.057,-4.461
60.027,-4.437
80.188,-4.475
117.261,-4.511
126.753,-4.450
178.019,-4.446
182.607,-4.452
193.674,-4.451
204.610,-4.384
223.491,-4.391
235.653,-4.507
242.254,-4.500
297.688,-4.459
301.645,-4.405
10.322,-4.368
21.308,-4.352
43.505,-4.411
58.590,-4.372
144.383,-4.413
150.103,-4.330
164.607,-4.380
197.681,-4.354
209.336,-4.370
237.368,-4.361
244.487,-4.422
260.212,-4.397
273.708,-4.412
276.466,-4.362
296.306,-4.397
307.238,-4.442
309.067,-4.372
11.401,-4.350
26.119,-4.315
34.626,-4.232
48.549,-4.294
70.259,-4.304
74.054,-4.318
75.267,-4.263
78.097,-4.291
108.006,-4.232
186.109,-4.321
188.629,-4.335
195.024,-4.328
207.238,-4.362
220.575,-4.312
231.255,-4.283
234.395,-4.243
262.514,-4.338
289.805,-4.348
299.036,-4.253
306.020,-4.267
46.134,-4.268
53.578,-4.226
93.580,-4.169
104.464,-4.258
138.705,-4.195
143.079,-4.200
145.826,-4.197
148.474,-4.239
202.784,-4.221
247.765,-4.179
275.281,-4.188
286.324,-4.258
292.643,-4.211
293.908,-4.235
313.486,-4.237
2.514,-4.218
42.362,-4.178
44.896,-4.132
76.727,-4.176
112.375,-4.158
151.339,-4.153
153.744,-4.144
175.605,-4.116
250.860,-4.165
270.210,-4.127
7.075,-4.072
22.752,-4.025
24.203,-4.050
29.466,-4.026
65.032,-4.111
84.805,-4.125
98.028,-4.035
110.684,-4.036
125.602,-4.052
137.512,-4.070
146.950,-4.067
152.475,-4.051
155.276,-4.072
205.869,-4.042
213.278,-4.028
228.046,-4.006
239.963,-4.101
246.643,-4.040
266.404,-4.105
277.827,-3.978
291.063,-4.082
295.162,-4.098
15.032,-3.923
57.217,-3.978
72.833,-3.967
81.204,-4.011
105.724,-3.886
116.114,-3.988
134.143,-3.937
135.255,-3.954
140.458,-4.026
159.131,-3.970
161.984,-4.007
167.241,-4.013
169.309,-3.992
225.251,-3.978
249.694,-4.027
257.050,-3.963
287.679,-3.960
27.218,-3.928
36.472,-3.887
49.898,-3.902
71.575,-3.911
86.102,-3.855
87.275,-3.904
90.937,-3.895
101.480,-3.835
114.897,-3.962
156.694,-3.898
157.741,-3.877
170.558,-3.906
183.700,-3.913
221.841,-3.924
241.182,-3.919
253.626,-3.851
308.074,-3.874
311.236,-3.943
3.257,-3.800
9.201,-3.848
18.174,-3.823
30.583,-3.792
62.173,-3.776
63.730,-3.854
120.096,-3.843
128.727,-3.757
141.721,-3.811
165.733,-3.804
190.093,-3.852
191.582,-3.810
217.124,-3.818
255.849,-3.867
268.109,-3.858
304.947,-3.801
0.912,-3.799
5.641,-3.786
40.209,-3.756
56.094,-3.762
79.269,-3.740
96.188,-3.759
99.615,-3.711
103.551,-3.731
109.252,-3.778
118.251,-3.705
132.990,-3.738
136.309,-3.718
173.736,-3.751
181.498,-3.797
192.800,-3.778
196.304,-3.719
215.886,-3.767
229.291,-3.696
243.249,-3.702
245.350,-3.722
252.076,-3.755
279.916,-3.772
303.167,-3.700
37.839,-3.650
66.777,-3.644
122.061,-3.568
124.384,-3.660
131.735,-3.690
171.906,-3.621
199.005,-3.648
200.093,-3.658
210.342,-3.680
232.393,-3.683
236.575,-3.668
272.739,-3.648
283.506,-3.644
12.648,-3.626
33.446,-3.546
47.539,-3.629
88.265,-3.531
89.571,-3.587
163.525,-3.587
168.340,-3.594
208.307,-3.571
211.449,-3.607
218.442,-3.643
226.232,-3.564
258.092,-3.547
271.373,-3.608
281.180,-3.606
288.900,-3.609
300.690,-3.572
32.064,-3.561
52.533,-3.510
55.003,-3.470
60.957,-3.459
82.582,-3.541
92.419,-3.518
113.487,-3.548
149.458,-3.490
178.895,-3.515
184.900,-3.498
201.491,-3.548
238.324,-3.498
269.218,-3.509
284.759,-3.485
310.144,-3.498
4.400,-3.467
28.381,-3.466
94.705,-3.405
106.877,-3.472
129.937,-3.429
145.143,-3.458
160.416,-3.435
203.941,-3.402
222.854,-3.385
230.629,-3.385
248.582,-3.418
254.728,-3.439
259.362,-3.402
296.857,-3.346
312.388,-3.458
20.584,-3.381
38.996,-3.350
51.056,-3.381
59.467,-3.396
68.068,-3.376
69.319,-3.369
83.865,-3.342
126.590,-3.349
139.508,-3.361
177.184,-3.338
187.918,-3.327
214.285,-3.304
242.098,-3.329
261.658,-3.367
264.129,-3.393
265.526,-3.361
1.981,-3.268
77.799,-3.235
111.524,-3.270
174.842,-3.288
189.059,-3.244
194.076,-3.276
197.333,-3.255
235.337,-3.201
262.946,-3.270
274.502,-3.290
298.143,-3.245
306.861,-3.231
16.021,-3.229
44.077,-3.149
143.842,-3.148
147.845,-3.240
150.597,-3.195
180.150,-3.245
182.778,-3.229
224.394,-3.129
233.479,-3.135
244.237,-3.126
290.116,-3.192
8.038,-3.138
11.266,-3.098
58.133,-3.129
76.190,-3.098
102.508,-3.123
117.181,-3.138
164.650,-3.111
202.677,-3.043
205.105,-3.156
207.160,-3.092
212.477,-3.117
219.444,-3.114
250.516,-3.061
278.801,-3.042
282.553,-3.103
285.899,-3.068
292.607,-3.066
295.771,-3.132
309.075,-3.090
6.781,-2.975
10.174,-3.053
13.981,-3.058
19.448,-3.053
46.286,-3.018
85.023,-3.023
100.537,-3.006
104.722,-3.045
108.097,-3.024
119.499,-3.058
138.073,-2.961
146.399,-3.005
151.886,-3.058
153.156,-3.004
154.474,-3.063
176.086,-3.080
186.090,-3.039
190.742,-3.025
209.304,-3.005
220.842,-3.018
227.385,-3.058
260.424,-3.033
276.589,-3.048
301.797,-3.037
17.182,-3.009
23.306,-2.926
49.015,-2.946
53.863,-2.927
73.867,-2.985
75.013,-2.988
80.384,-2.941
97.719,-2.902
127.736,-2.943
155.713,-2.967
162.506,-2.917
195.483,-2.966
239.467,-3.009
291.424,-2.964
299.553,-2.946
21.720,-2.799
25.942,-2.908
29.646,-2.736
34.511,-2.889
35.773,-2.830
41.065,-2.932
64.263,-2.831
81.691,-2.862
86.574,-2.847
93.640,-2.829
110.197,-2.911
114.823,-2.851
116.079,-2.858
133.699,-2.763
173.031,-2.883
184.048,-2.823
191.956,-2.809
240.766,-2.898
266.826,-2.818
287.227,-2.840
294.555,-2.871
304.023,-2.748
24.669,-2.792
45.064,-2.764
56.884,-2.758
65.667,-2.781
98.856,-2.772
140.992,-2.711
157.906,-2.771
167.654,-2.795
231.682,-2.784
237.319,-2.759
256.642,-2.818
305.788,-2.763
311.380,-2.758
313.604,-2.829
5.181,-2.630
9.076,-2.726
62.905,-2.733
72.550,-2.748
91.546,-2.689
96.585,-2.658
125.250,-2.721
134.921,-2.700
142.555,-2.640
156.726,-2.665
159.077,-2.742
161.299,-2.758
166.313,-2.712
169.077,-2.769
170.284,-2.726
181.513,-2.651
228.646,-2.739
252.956,-2.682
270.456,-2.723
3.167,-2.531
27.511,-2.609
31.095,-2.618
42.552,-2.621
87.619,-2.588
90.382,-2.572
105.909,-2.618
132.682,-2.638
198.398,-2.631
199.791,-2.570
206.097,-2.643
210.692,-2.589
216.194,-2.693
222.100,-2.618
225.490,-2.601
246.407,-2.642
275.322,-2.609
308.083,-2.584
1.067,-2.514
15.010,-2.602
32.425,-2.524
37.070,-2.532
55.528,-2.562
69.987,-2.462
71.260,-2.520
124.055,-2.514
131.323,-2.561
136.801,-2.545
148.751,-2.461
171.415,-2.559
177.911,-2.545
193.128,-2.552
217.476,-2.575
229.753,-2.505
234.299,-2.556
247.785,-2.547
251.657,-2.562
283.955,-2.562
288.440,-2.587
12.528,-2.448
18.470,-2.417
38.215,-2.458
50.268,-2.485
61.593,-2.452
121.048,-2.486
122.362,-2.483
128.891,-2.410
174.176,-2.458
196.424,-2.458
201.249,-2.465
245.266,-2.495
271.819,-2.428
277.733,-2.432
47.657,-2.378
79.314,-2.418
103.656,-2.409
107.048,-2.345
118.549,-2.343
144.690,-2.343
208.277,-2.416
213.423,-2.392
243.197,-2.386
254.081,-2.385
264.760,-2.326
300.827,-2.358
52.678,-2.259
67.052,-2.282
68.672,-2.335
95.393,-2.330
160.224,-2.283
179.044,-2.313
186.973,-2.298
189.918,-2.314
218.589,-2.293
236.252,-2.346
258.089,-2.302
259.293,-2.276
273.215,-2.322
280.027,-2.328
281.222,-2.325
289.545,-2.327
39.517,-2.271
88.901,-2.195
113.302,-2.185
126.689,-2.157
139.015,-2.258
151.242,-2.153
180.392,-2.181
188.377,-2.276
203.752,-2.240
215.089,-2.218
223.431,-2.204
230.851,-2.231
249.734,-2.244
293.526,-2.223
28.684,-2.130
33.505,-2.115
51.301,-2.106
59.005,-2.183
60.156,-2.188
82.836,-2.166
92.681,-2.130
101.491,-2.138
130.096,-2.159
149.832,-2.150
163.887,-2.194
165.323,-2.159
175.335,-2.152
204.802,-2.189
211.753,-2.119
226.560,-2.148
232.742,-2.148
241.867,-2.181
255.429,-2.192
262.302,-2.176
263.475,-2.187
269.181,-2.178
298.608,-2.159
302.808,-2.189
310.171,-2.157
312.536,-2.193
10.532,-2.058
76.804,-2.058
84.098,-2.035
99.740,-2.059
112.035,-2.093
147.434,-2.101
176.851,-2.015
182.549,-2.023
194.552,-2.138
197.548,-2.029
220.002,-2.024
238.434,-2.116
267.851,-2.003
285.053,-2.054
297.299,-2.094
4.195,-2.008
15.879,-1.996
20.648,-1.988
57.777,-1.978
108.800,-1.998
110.822,-1.956
172.328,-1.999
239.546,-1.921
260.993,-1.955
282.274,-1.938
290.676,-1.983
306.657,-1.952
13.636,-1.911
19.293,-1.922
24.019,-1.888
35.236,-1.841
40.454,-1.838
75.601,-1.923
78.001,-1.928
85.722,-1.952
105.015,-1.898
135.922,-1.898
153.690,-1.940
155.081,-1.937
185.061,-1.954
191.144,-1.856
266.059,-1.938
286.258,-1.883
1.961,-1.550
8.111,-1.809
30.296,-1.710
43.700,-1.829
45.906,-1.801
117.257,-1.858
152.393,-1.887
202.559,-1.860
209.638,-1.898
224.528,-1.829
304.914,-1.839
309.046,-1.842
5.796,-1.807
11.615,-1.728
16.992,-1.733
22.627,-1.753
25.332,-1.750
49.424,-1.743
54.218,-1.727
74.319,-1.724
119.709,-1.725
141.580,-1.704
143.540,-1.704
146.037,-1.746
207.236,-1.743
227.765,-1.742
240.696,-1.707
250.722,-1.789
276.457,-1.707
278.903,-1.784
292.144,-1.673
299.585,-1.749
6.895,-1.726
41.784,-1.664
63.549,-1.663
81.376,-1.674
94.389,-1.670
114.438,-1.658
115.886,-1.663
127.891,-1.716
134.629,-1.650
156.158,-1.584
166.857,-1.633
168.231,-1.664
170.895,-1.653
256.992,-1.662
296.183,-1.642
9.413,-1.560
26.510,-1.578
64.762,-1.585
102.636,-1.560
140.146,-1.618
157.333,-1.618
158.651,-1.576
162.594,-1.647
169.410,-1.550
173.556,-1.544
183.695,-1.591
192.343,-1.594
205.925,-1.589
221.288,-1.543
235.089,-1.539
274.470,-1.602
294.838,-1.588
313.579,-1.629
36.398,-1.549
44.845,-1.526
86.971,-1.567
97.507,-1.522
98.775,-1.538
107.886,-1.517
133.439,-1.498
137.596,-1.504
193.469,-1.484
195.691,-1.548
198.535,-1.446
210.585,-1.423
212.743,-1.540
237.260,-1.557
253.298,-1.572
270.125,-1.531
283.394,-1.486
301.608,-1.529
311.523,-1.523
31.778,-1.458
47.103,-1.408
62.356,-1.389
91.610,-1.346
96.227,-1.424
123.007,-1.458
161.158,-1.444
181.286,-1.468
200.245,-1.351
214.093,-1.425
216.125,-1.454
217.461,-1.439
231.707,-1.424
233.777,-1.354
244.211,-1.450
247.080,-1.443
248.602,-1.452
251.866,-1.425
66.126,-1.331
80.152,-1.314
100.528,-1.376
132.176,-1.315
148.726,-1.363
177.981,-1.325
186.057,-1.353
228.831,-1.411
229.909,-1.355
245.483,-1.321
271.179,-1.291
287.577,-1.367
288.806,-1.378
303.736,-1.344
3.017,-1.159
14.623,-1.241
27.730,-1.273
37.354,-1.287
38.382,-1.307
48.190,-1.252
50.483,-1.276
55.898,-1.263
59.581,-1.258
69.438,-1.253
70.588,-1.173
71.832,-1.315
90.438,-1.318
104.146,-1.282
121.614,-1.312
124.273,-1.224
125.629,-1.253
130.795,-1.221
144.871,-1.213
164.445,-1.195
174.589,-1.251
187.530,-1.290
208.517,-1.238
222.503,-1.308
242.861,-1.198
254.593,-1.264
260.072,-1.281
273.752,-1.338
0.724,-1.258
18.207,-1.165
21.466,-1.191
34.306,-1.213
68.045,-1.213
73.254,-1.201
78.936,-1.223
109.794,-1.197
118.324,-1.209
138.611,-1.184
142.444,-1.212
160.101,-1.096
176.052,-1.136
179.084,-1.186
188.878,-1.168
201.440,-1.228
225.520,-1.247
249.754,-1.163
258.633,-1.162
264.952,-1.208
307.720,-1.056
3.827,-1.116
60.803,-1.142
106.672,-1.113
129.385,-1.121
236.097,-1.063
262.507,-1.006
273.003,-1.155
298.190,-1.109
12.722,-1.087
51.735,-1.023
58.397,-1.022
89.029,-1.006
147.566,-0.994
150.114,-1.075
151.304,-1.007
165.870,-0.982
171.852,-1.022
180.190,-1.023
190.240,-1.098
194.570,-1.053
197.009,-1.043
203.700,-1.004
218.933,-1.098
255.854,-1.056
263.657,-0.999
277.732,-0.988
281.509,-0.996
289.911,-1.029
293.328,-0.964
4.879,-0.998
29.186,-0.904
42.721,-0.938
53.003,-0.986
92.917,-0.974
101.710,-0.902
105.529,-0.929
111.203,-0.875
126.935,-0.870
136.610,-0.978
153.299,-0.952
182.365,-0.938
204.947,-0.947
226.705,-0.930
238.644,-0.869
241.593,-0.983
266.467,-0.892
269.029,-0.958
280.107,-0.998
297.057,-0.884
19.959,-0.909
33.111,-0.849
57.251,-0.826
76.371,-0.844
82.208,-0.837
84.800,-0.838
113.427,-0.909
154.762,-0.882
211.602,-0.877
223.748,-0.889
284.797,-0.868
300.375,-0.778
302.678,-0.770
305.943,-0.881
312.381,-0.867
39.411,-0.829
75.186,-0.781
77.714,-0.818
95.238,-0.830
112.337,-0.784
117.029,-0.745
120.157,-0.818
172.921,-0.765
215.087,-0.744
220.038,-0.843
232.688,-0.784
310.264,-0.826
10.326,-0.703
24.762,-0.762
83.660,-0.685
99.448,-0.698
108.574,-0.677
134.108,-0.675
135.327,-0.673
162.057,-0.726
170.115,-0.709
191.411,-0.727
202.504,-0.726
261.259,-0.673
275.373,-0.698
286.090,-0.708
291.162,-0.714
6.214,-0.646
8.457,-0.670
15.883,-0.619
23.512,-0.644
35.246,-0.636
103.142,-0.639
141.271,-0.637
158.157,-0.607
176.995,-0.649
184.872,-0.639
199.541,-0.677
209.627,-0.603
239.982,-0.581
252.728,-0.624
267.735,-0.648
25.923,-0.577
31.086,-0.593
40.379,-0.551
66.931,-0.565
115.544,-0.549
163.469,-0.520
167.515,-0.517
168.799,-0.555
207.543,-0.578
216.781,-0.580
221.472,-0.427
230.828,-0.544
250.722,-0.567
257.300,-0.553
282.552,-0.578
299.208,-0.565
313.457,-0.524
1.762,-0.458
11.595,-0.449
46.195,-0.518
49.522,-0.514
87.692,-0.493
96.804,-0.463
114.468,-0.458
128.339,-0.448
139.674,-0.510
143.543,-0.472
146.483,-0.493
156.993,-0.485
175.269,-0.484
186.747,-0.458
198.092,-0.446
234.543,-0.422
279.032,-0.448
295.662,-0.413
301.414,-0.416
308.800,-0.464
13.755,-0.394
22.321,-0.378
41.527,-0.427
54.272,-0.393
85.930,-0.382
183.386,-0.408
192.630,-0.429
243.731,-0.346
247.720,-0.371
17.078,-0.301
26.993,-0.279
36.746,-0.311
43.820,-0.298
62.899,-0.320
64.158,-0.309
65.486,-0.351
74.168,-0.320
81.140,-0.298
98.093,-0.292
122.353,-0.299
132.683,-0.292
152.285,-0.313
188.056,-0.328
195.561,-0.323
200.747,-0.285
217.944,-0.298
228.035,-0.357
246.258,-0.262
274.245,-0.298
276.498,-0.288
283.814,-0.248
311.238,-0.315
47.340,-0.200
89.943,-0.275
100.612,-0.241
137.468,-0.262
155.909,-0.200
159.393,-0.231
173.867,-0.258
180.952,-0.223
193.600,-0.288
212.783,-0.206
213.962,-0.275
224.838,-0.278
229.305,-0.275
236.984,-0.209
245.022,-0.199
253.973,-0.262
271.816,-0.232
288.056,-0.196
294.402,-0.263
37.923,-0.153
45.143,-0.142
61.592,-0.114
71.448,-0.149
72.994,-0.163
91.312,-0.196
93.985,-0.178
119.163,-0.147
123.620,-0.183
130.306,-0.182
148.500,-0.171
165.029,-0.118
206.281,-0.123
210.632,-0.188
222.703,-0.146
249.031,-0.155
270.400,-0.178
292.363,-0.170
303.678,-0.124
304.878,-0.181
3.898,-0.094
18.819,-0.078
28.385,-0.069
30.021,-0.039
50.799,-0.079
55.560,-0.088
78.639,-0.058
107.615,-0.041
138.534,-0.029
142.311,-0.058
160.958,-0.078
178.210,-0.098
179.577,-0.025
185.717,-0.022
255.274,-0.080
286.974,-0.110
289.174,-0.073
7.403,0.096
9.388,0.052
21.086,0.022
59.481,0.022
69.019,0.030
79.874,0.000
104.803,0.059
106.205,-0.001
110.248,0.002
121.163,0.032
126.124,0.026
144.545,0.018
171.090,0.038
190.715,0.003
233.482,-0.006
240.856,0.000
260.113,0.020
264.305,-0.007
14.966,0.044
32.037,0.143
34.228,0.067
117.905,0.054
124.614,0.086
131.427,0.104
136.331,0.106
181.949,0.077
196.800,0.115
204.020,0.098
208.495,0.120
219.208,0.082
235.690,0.064
242.192,0.179
251.816,0.087
258.955,0.130
262.938,0.097
280.650,0.066
306.957,0.071
0.570,0.136
12.683,0.147
48.651,0.185
56.781,0.160
57.981,0.142
67.810,0.142
70.271,0.138
150.976,0.173
154.570,0.131
189.582,0.201
215.920,0.131
226.166,0.160
232.016,0.138
265.679,0.138
277.814,0.125
5.022,0.226
88.907,0.278
92.607,0.246
95.938,0.270
102.281,0.256
147.351,0.251
162.682,0.227
239.294,0.292
256.451,0.244
266.975,0.288
290.365,0.197
296.956,0.205
298.357,0.262
312.789,0.279
39.012,0.297
53.030,0.273
76.132,0.296
99.624,0.348
169.312,0.386
172.576,0.369
176.239,0.352
191.730,0.292
205.261,0.377
220.595,0.374
223.965,0.348
261.815,0.296
273.177,0.328
309.685,0.348
42.669,0.422
74.975,0.464
77.392,0.379
84.897,0.384
86.991,0.416
113.714,0.382
116.885,0.483
127.695,0.392
129.332,0.450
133.702,0.409
134.760,0.371
140.993,0.414
149.829,0.428
165.980,0.414
201.631,0.405
202.856,0.382
237.995,0.421
268.268,0.428
269.432,0.444
285.147,0.371
293.368,0.426
308.114,0.462
23.711,0.525
25.024,0.529
60.535,0.519
108.766,0.480
112.423,0.519
153.122,0.451
184.344,0.509
194.556,0.508
199.365,0.492
253.026,0.495
257.920,0.525
281.998,0.511
300.682,0.523
10.629,0.542
51.844,0.553
54.720,0.606
82.363,0.524
83.708,0.570
139.678,0.599
207.348,0.604
227.126,0.554
230.097,0.557
250.169,0.530
279.596,0.560
299.506,0.542
302.552,0.517
2.920,1.545
20.190,0.662
35.424,0.657
40.063,0.668
46.322,0.647
97.262,0.646
103.426,0.649
115.770,0.670
146.022,0.640
156.876,0.642
158.246,0.687
163.916,0.686
174.588,0.755
177.483,0.678
187.141,0.656
214.742,0.668
216.990,0.634
244.155,0.648
311.726,0.630
8.617,0.755
17.834,0.713
33.178,0.715
41.407,0.728
66.549,0.773
90.396,0.756
188.372,0.669
193.067,0.727
195.864,0.752
209.751,0.713
228.669,0.738
247.048,0.702
271.250,0.780
275.544,0.720
306.102,0.785
1.769,0.831
6.059,0.844
14.017,0.767
16.417,0.794
30.859,0.773
62.359,0.760
73.999,0.874
101.183,0.814
120.002,0.824
121.884,0.817
123.196,0.821
143.579,0.782
155.435,0.858
167.124,0.822
168.288,0.796
178.812,0.880
198.137,0.800
221.647,0.880
248.483,0.880
283.195,0.848
26.244,0.874
27.505,0.887
49.701,0.878
64.972,0.917
93.506,0.870
130.480,0.991
160.262,0.884
173.393,0.885
182.749,0.908
211.903,0.853
213.240,0.944
234.276,0.974
254.490,0.877
286.432,0.908
295.779,0.914
11.657,0.967
22.582,0.952
36.820,0.957
47.733,0.942
63.562,0.968
81.112,0.979
85.865,0.981
107.205,0.969
110.971,0.925
151.917,1.002
164.929,1.031
180.862,1.016
218.192,0.963
225.061,0.999
231.198,1.005
242.981,0.981
278.593,0.987
288.340,0.988
291.236,0.993
310.589,1.011
313.772,0.986
38.054,1.114
43.788,1.030
44.959,1.054
56.000,1.062
88.073,1.076
94.749,1.060
118.363,1.074
126.629,1.083
138.624,1.022
161.655,1.071
171.747,1.112
185.485,1.051
200.308,1.027
206.334,1.043
222.897,1.022
232.876,1.040
240.222,1.064
241.358,1.130
245.472,1.075
260.868,0.991
274.347,1.045
277.080,1.043
303.694,1.068
304.838,1.022
68.800,1.142
79.543,1.117
91.583,1.107
132.820,1.110
135.619,1.142
136.963,1.121
142.569,1.119
148.227,1.111
154.127,1.181
190.759,1.156
236.540,1.169
284.229,1.142
289.563,1.120
4.202,1.193
12.952,1.215
15.087,1.228
18.998,1.246
29.601,1.188
50.794,1.147
53.772,1.237
71.286,1.178
72.755,1.301
98.514,1.182
104.589,1.231
105.974,1.205
114.648,1.200
170.635,1.219
208.608,1.217
219.717,1.222
251.523,1.237
259.438,1.242
264.697,1.214
272.316,1.222
292.401,1.192
294.514,1.182
31.940,1.322
34.150,1.302
58.634,1.262
61.341,1.366
78.248,1.260
124.164,1.262
125.430,1.242
128.274,1.302
147.056,1.321
189.448,1.292
197.087,1.259
204.102,1.306
255.704,1.274
257.044,1.322
270.116,1.273
280.802,1.312
21.145,1.371
67.583,1.412
70.008,1.412
76.881,1.408
96.144,1.388
109.816,1.347
144.576,1.406
150.594,1.352
159.255,1.376
210.630,1.342
238.798,1.331
263.350,1.346
9.733,1.462
52.630,1.450
57.333,1.422
99.951,1.500
108.357,1.475
131.478,1.494
149.309,1.510
157.426,1.457
166.055,1.478
176.021,1.433
191.751,1.433
202.744,1.482
226.274,1.446
262.012,1.457
266.019,1.422
267.502,1.482
307.318,1.394
60.054,1.584
84.573,1.542
89.290,1.495
102.210,1.561
113.258,1.494
120.990,1.523
134.262,1.536
194.019,1.502
215.736,1.542
229.674,1.526
235.502,1.539
301.301,1.488
309.220,1.572
0.857,1.659
7.511,1.598
28.428,1.601
39.213,1.586
55.051,1.612
111.955,1.695
116.866,1.603
129.451,1.642
139.903,1.573
162.743,1.578
179.811,1.642
205.299,1.613
207.370,1.580
224.072,1.604
237.679,1.589
249.410,1.609
252.657,1.599
268.898,1.635
297.446,1.562
298.590,1.582
312.908,1.648
17.279,1.645
42.673,1.714
75.812,1.729
82.173,1.662
97.539,1.762
141.285,1.698
156.267,1.687
176.997,1.753
186.513,1.687
199.336,1.687
214.115,1.732
250.571,1.710
285.321,1.672
287.181,1.717
293.387,1.733
24.492,1.745
41.444,1.748
83.387,1.755
86.880,1.768
92.854,1.814
103.583,1.781
169.241,1.735
181.941,1.767
184.485,1.779
187.590,1.803
201.483,1.733
212.407,1.808
217.106,1.760
220.619,1.773
227.281,1.751
247.580,1.778
258.469,1.795
279.827,1.852
300.227,1.732
302.652,1.768
5.098,1.832
10.824,1.809
23.169,1.901
119.575,1.868
122.493,1.862
137.679,1.881
152.787,1.872
163.887,1.862
168.123,1.975
192.695,1.862
253.790,1.844
273.371,1.922
275.993,1.855
290.547,1.822
32.932,1.899
46.292,1.947
66.137,1.928
74.702,1.897
80.346,1.904
145.944,1.960
173.943,1.915
175.030,1.913
183.204,1.977
198.112,1.966
232.111,1.941
233.707,1.942
271.238,1.949
282.062,1.917
311.736,1.890
14.416,2.058
27.045,2.039
40.364,1.996
47.731,2.022
107.056,2.057
115.657,1.974
127.150,2.081
143.678,2.041
158.422,2.092
166.965,2.056
172.899,2.044
178.512,2.054
243.964,1.987
246.297,1.968
283.228,1.995
1.844,2.234
8.684,2.081
15.929,2.095
35.624,2.128
48.867,2.157
73.559,2.102
90.516,2.067
195.294,2.066
218.440,2.057
225.198,2.102
228.531,2.080
278.023,2.079
305.217,2.057
306.394,2.054
12.079,2.159
19.778,2.204
36.779,2.131
51.337,2.215
64.858,2.126
93.990,2.179
99.084,2.210
110.818,2.120
118.380,2.168
123.657,2.206
160.840,2.124
171.627,2.190
190.225,2.202
209.048,2.141
230.594,2.171
242.287,2.136
260.187,2.127
296.073,2.182
30.557,2.206
50.226,2.227
56.379,2.262
85.565,2.249
88.070,2.279
130.629,2.232
133.084,2.289
142.552,2.292
154.966,2.198
165.279,2.276
206.313,2.280
219.655,2.344
239.704,2.213
240.888,2.250
255.109,2.280
274.408,2.305
284.386,2.275
288.502,2.296
291.613,2.334
308.246,2.233
25.794,2.333
33.898,2.415
44.058,2.287
45.259,2.357
53.183,2.329
60.874,2.395
62.175,2.298
63.541,2.275
68.308,2.342
77.835,2.342
101.194,2.352
104.725,2.297
109.358,2.374
124.878,2.291
126.092,2.320
128.389,2.371
138.893,2.336
151.584,2.307
188.913,2.342
221.830,2.331
223.010,2.276
264.113,2.327
265.333,2.410
303.906,2.290
310.253,2.313
313.903,2.349
29.107,2.409
37.878,2.422
54.274,2.437
79.160,2.367
91.733,2.422
136.436,2.393
148.303,2.354
170.403,2.377
196.803,2.403
211.431,2.377
286.246,2.436
4.069,2.569
22.051,2.541
31.886,2.483
69.521,2.480
72.170,2.475
81.371,2.451
105.794,2.490
134.978,2.536
150.248,2.528
162.016,2.498
181.037,2.499
185.340,2.489
191.274,2.514
204.035,2.458
234.681,2.502
236.055,2.493
238.486,2.499
256.343,2.456
262.590,2.553
266.556,2.531
267.942,2.487
270.173,2.496
276.980,2.465
280.930,2.492
299.271,2.487
9.945,2.576
13.344,2.592
18.367,2.527
57.725,2.613
84.328,2.600
95.619,2.542
96.800,2.582
108.084,2.584
117.375,2.554
121.675,2.626
159.977,2.659
200.454,2.542
207.848,2.582
210.210,2.542
215.126,2.655
248.774,2.615
251.753,2.577
257.580,2.586
261.432,2.614
289.594,2.586
294.663,2.637
6.180,2.657
67.013,2.635
70.866,2.624
113.527,2.662
146.937,2.630
153.729,2.638
157.371,2.662
216.307,2.647
226.321,2.647
237.229,2.640
20.802,2.729
76.741,2.693
102.555,2.679
114.743,2.711
140.124,2.744
176.000,2.702
194.274,2.782
205.254,2.758
213.886,2.742
245.052,2.682
249.875,2.750
272.157,2.770
300.626,2.742
301.795,2.742
7.397,2.791
16.840,2.829
39.617,2.805
41.562,2.862
42.772,2.794
82.650,2.802
89.450,2.830
129.587,2.824
131.808,2.817
144.633,2.763
177.463,2.859
179.843,2.818
202.766,2.779
253.271,2.813
269.005,2.851
279.006,2.827
292.834,2.797
297.045,2.813
309.218,2.790
312.757,2.827
11.271,2.838
27.829,2.932
55.332,2.872
97.979,2.847
134.056,2.935
163.083,2.869
164.386,2.893
199.010,2.886
201.590,2.894
212.672,2.943
220.939,2.907
224.113,2.847
229.597,2.902
232.894,2.848
259.203,2.923
0.799,2.966
15.203,2.956
47.121,2.988
52.174,2.947
58.861,2.960
75.559,2.996
86.965,3.053
100.180,3.003
112.173,2.934
116.075,3.030
119.415,2.940
166.210,2.966
183.844,2.967
186.623,2.936
187.735,3.030
193.159,2.965
302.997,3.006
307.237,3.027
93.069,3.056
94.532,3.077
145.891,3.070
155.888,3.069
168.666,3.105
182.008,3.058
217.568,3.014
247.549,3.045
283.174,3.067
285.308,3.056
287.420,3.171
2.971,3.062
5.105,3.157
40.589,3.088
49.670,3.134
80.273,3.092
141.367,3.081
143.534,3.154
149.210,3.142
167.532,3.164
174.787,3.149
197.811,3.091
231.637,3.168
273.178,3.080
290.564,3.121
311.565,3.148
24.344,3.213
32.867,3.233
34.799,3.168
74.291,3.196
120.667,3.284
122.862,3.225
137.374,3.216
152.498,3.177
172.304,3.191
173.700,3.244
192.132,3.193
195.769,3.160
206.818,3.167
225.184,3.228
241.415,3.261
243.218,3.173
254.346,3.201
271.091,3.194
275.733,3.209
8.698,3.311
22.992,3.305
45.982,3.285
61.524,3.270
90.779,3.333
104.054,3.242
124.227,3.330
126.949,3.302
158.633,3.396
228.491,3.296
306.178,3.308
19.424,3.345
29.936,3.366
38.711,3.411
48.530,3.423
50.741,3.371
56.857,3.376
60.038,3.349
62.783,3.352
64.095,3.343
65.145,3.372
72.946,3.404
88.419,3.371
125.488,3.382
128.115,3.412
147.791,3.388
154.626,3.382
171.137,3.395
178.646,3.334
189.274,3.419
222.972,3.392
227.312,3.388
240.073,3.322
246.212,3.354
281.967,3.353
295.753,3.420
12.389,3.465
14.248,3.475
26.651,3.434
37.236,3.433
43.730,3.427
83.631,3.451
85.850,3.441
99.119,3.431
111.029,3.488
118.400,3.462
130.707,3.434
190.630,3.474
209.412,3.467
211.027,3.433
219.478,3.414
233.891,3.468
255.565,3.453
260.630,3.467
264.530,3.493
265.759,3.512
277.953,3.453
284.252,3.474
304.628,3.443
36.003,3.565
44.818,3.501
106.210,3.537
107.394,3.506
135.959,3.560
138.516,3.571
142.492,3.527
161.092,3.553
170.013,3.540
236.474,3.565
250.881,3.494
267.432,3.531
274.328,3.555
298.362,3.500
308.322,3.513
310.263,3.496
1.600,3.552
3.129,4.077
17.847,3.611
25.526,3.618
68.825,3.628
70.440,3.605
79.045,3.628
101.674,3.578
132.991,3.639
184.852,3.668
204.231,3.620
207.997,3.628
221.892,3.642
235.356,3.553
238.870,3.622
244.370,3.600
262.114,3.664
263.346,3.589
276.770,3.644
280.566,3.634
291.962,3.635
313.703,3.612
71.886,3.691
77.770,3.685
104.987,3.727
109.883,3.723
150.288,3.674
176.639,3.688
181.066,3.667
200.231,3.655
237.662,3.718
252.263,3.667
299.629,3.671
10.364,3.723
20.382,3.830
31.520,3.788
33.821,3.790
53.072,3.823
66.268,3.730
81.712,3.720
113.810,3.768
145.043,3.826
151.608,3.889
162.227,3.815
196.844,3.758
230.511,3.818
256.686,3.798
269.908,3.765
288.389,3.771
293.526,3.805
21.564,3.796
42.235,3.858
54.510,3.868
67.560,3.834
91.924,3.834
95.349,3.960
96.684,3.869
108.665,3.810
115.083,3.882
153.475,3.841
156.762,3.822
157.735,3.877
163.699,3.844
175.571,3.906
183.155,3.855
205.502,3.858
214.629,3.896
216.185,3.859
226.242,3.867
258.018,3.874
286.362,3.822
301.106,3.858
28.835,3.925
76.424,3.965
84.905,3.927
102.857,3.887
117.316,3.916
140.064,3.999
146.776,3.976
159.976,3.954
165.397,3.910
193.905,3.911
194.990,3.907
211.981,3.979
218.051,3.928
248.493,3.932
249.620,3.907
268.576,3.965
272.159,3.956
296.821,3.893
303.561,3.954
4.340,3.987
6.813,4.025
15.733,4.008
55.868,3.993
57.993,4.058
97.870,3.994
129.020,4.072
134.494,4.028
179.803,4.038
185.928,4.017
220.648,3.982
224.109,3.994
289.489,4.005
302.310,4.041
93.987,4.062
131.665,4.127
155.600,4.108
166.661,4.110
188.494,4.147
198.966,4.068
201.521,4.069
213.423,4.077
229.280,4.092
232.457,4.062
242.397,4.121
46.975,4.170
51.771,4.170
87.435,4.151
116.275,4.208
119.330,4.125
123.429,4.133
141.489,4.144
173.022,4.162
187.095,4.132
191.617,4.229
202.820,4.159
206.825,4.144
245.445,4.236
247.120,4.211
259.352,4.142
309.259,4.157
312.307,4.173
0.755,4.212
5.603,4.217
11.503,4.196
13.264,4.336
16.826,4.239
27.565,4.246
40.928,4.254
59.178,4.241
60.745,4.233
75.054,4.262
89.545,4.211
111.902,4.294
192.672,4.231
266.550,4.235
273.110,4.222
279.392,4.238
306.887,4.271
311.119,4.256
49.713,4.372
80.151,4.342
100.728,4.338
122.259,4.286
124.629,4.390
137.000,4.324
143.463,4.311
177.696,4.288
182.044,4.344
253.333,4.342
254.581,4.344
291.121,4.322
7.929,4.374
9.294,4.379
22.773,4.408
23.924,4.422
30.517,4.436
63.376,4.427
73.788,4.405
127.505,4.365
149.047,4.437
168.429,4.401
171.931,4.436
210.214,4.446
225.087,4.387
228.212,4.461
233.562,4.382
271.124,4.410
282.892,4.436
285.281,4.362
294.740,4.377
297.883,4.379
39.644,4.471
45.629,4.461
103.943,4.590
120.742,4.447
125.971,4.513
130.133,4.486
158.821,4.541
178.697,4.549
189.829,4.490
197.870,4.541
217.065,4.569
222.839,4.508
239.813,4.485
241.087,4.456
275.284,4.497
14.585,4.577
19.355,4.607
26.287,4.593
38.360,4.609
44.179,4.610
57.065,4.589
62.166,4.556
72.708,4.561
82.561,4.571
83.965,4.582
90.768,4.596
133.524,4.622
145.896,4.594
147.867,4.566
169.579,4.555
170.928,4.599
209.028,4.602
219.426,4.582
234.647,4.541
236.914,4.557
260.531,4.598
265.219,4.527
281.635,4.607
305.524,4.542
33.029,4.622
37.031,4.671
48.571,4.636
64.992,4.613
69.749,4.640
78.557,4.676
88.590,4.605
174.440,4.638
207.919,4.678
243.646,4.664
284.190,4.708
287.574,4.665
308.014,4.651
34.551,4.779
43.010,4.672
71.294,4.721
86.147,4.721
102.064,4.818
106.992,4.730
118.019,4.702
142.450,4.747
152.928,4.755
154.071,4.764
160.654,4.753
183.961,4.745
204.303,4.733
221.790,4.782
227.089,4.736
235.888,4.755
250.436,4.697
255.739,4.762
261.617,4.766
262.898,4.740
267.735,4.737
276.502,4.747
278.128,4.795
292.458,4.737
298.970,4.762
304.455,4.676
18.047,4.786
24.922,4.782
31.877,4.948
92.419,4.803
98.902,4.836
105.649,4.802
108.149,4.849
110.781,4.797
137.981,4.806
164.501,4.842
181.029,4.824
185.227,4.867
195.711,4.773
199.721,4.806
231.505,4.822
251.619,4.800
264.041,4.837
274.035,4.841
295.814,4.797
35.771,4.862
53.751,4.942
77.368,4.908
81.178,4.885
109.550,4.942
112.949,4.919
135.907,4.919
161.741,4.885
162.935,4.880
176.284,4.934
200.771,4.872
211.218,4.917
215.027,4.872
249.181,4.932
280.512,4.929
300.270,4.873
313.595,4.878
20.878,4.988
50.855,4.971
52.650,4.937
55.236,4.938
68.399,4.986
96.526,5.014
139.087,5.013
144.509,4.936
149.981,4.966
151.543,5.016
205.766,5.017
230.207,4.937
269.509,4.947
310.117,5.030
1.622,5.039
12.287,5.073
66.008,5.053
114.362,5.048
132.495,5.095
155.230,5.094
156.679,5.026
190.824,5.085
194.606,5.104
238.776,5.071
246.377,5.012
257.108,5.010
258.438,5.076
10.648,5.154
67.365,5.095
84.989,5.152
93.719,5.163
119.389,5.252
140.818,5.210
166.095,5.110
167.432,5.124
187.780,5.152
193.145,5.166
212.531,5.169
286.400,5.142
303.297,5.161
4.820,5.153
97.768,5.165
131.308,5.221
146.819,5.197
159.621,5.216
186.259,5.301
189.021,5.254
196.933,5.255
218.330,5.235
220.505,5.186
225.915,5.259
244.845,5.172
247.886,5.154
301.832,5.174
47.352,5.308
75.830,5.277
79.515,5.294
100.231,5.296
117.152,5.316
128.800,5.262
157.981,5.347
173.144,5.231
179.671,5.290
201.981,5.249
213.921,5.284
224.335,5.302
232.853,5.259
237.643,5.356
242.176,5.335
271.998,5.329
293.832,5.329
16.143,5.410
21.945,5.376
28.190,5.422
29.385,5.351
30.816,5.461
41.909,5.374
58.433,5.390
59.983,5.331
95.297,5.331
115.540,5.358
123.311,5.339
126.933,5.389
134.829,5.375
170.316,5.454
198.732,5.387
203.283,5.382
207.011,5.395
288.423,5.420
289.710,5.392
306.437,5.390
308.973,5.361
312.568,5.319
7.014,5.419
23.205,5.447
61.218,5.461
87.273,5.434
89.750,5.464
121.813,5.426
191.903,5.411
229.131,5.435
311.193,5.462
0.779,5.489
3.619,5.502
5.876,5.556
8.419,5.538
13.633,5.515
27.053,5.535
39.511,5.602
40.701,5.517
63.994,5.575
72.179,5.511
73.374,5.538
74.578,5.505
103.124,5.516
111.843,5.536
120.643,5.577
124.519,5.502
136.970,5.523
143.429,5.502
175.351,5.550
177.390,5.542
183.093,5.538
215.924,5.502
233.981,5.502
252.683,5.536
254.891,5.554
259.646,5.522
270.706,5.547
273.152,5.522
285.214,5.560
291.301,5.565
296.723,5.535
33.641,5.628
44.780,5.617
46.175,5.613
56.043,5.648
70.473,5.603
228.036,5.641
253.694,5.571
260.960,5.679
268.516,5.610
298.048,5.624
14.873,5.709
17.125,5.658
18.781,5.652
19.941,5.673
25.758,5.698
36.473,5.735
38.394,5.676
62.661,5.706
125.658,5.692
130.019,5.702
169.055,5.701
171.567,5.712
209.400,5.695
210.552,5.662
217.101,5.724
241.087,5.706
274.701,5.652
275.896,5.781
277.291,5.702
278.826,5.683
282.864,5.668
9.591,5.792
34.974,5.781
51.830,5.782
57.294,5.767
69.255,5.808
82.127,5.762
83.656,5.750
91.117,5.758
101.410,5.754
147.889,5.842
149.288,5.780
174.317,5.777
178.527,5.824
181.843,5.786
208.133,5.739
219.358,5.796
223.008,5.735
235.102,5.749
236.428,5.759
250.231,5.835
256.189,5.811
265.868,5.756
295.051,5.765
24.379,5.858
32.511,5.875
49.860,5.857
76.839,5.856
88.454,5.887
118.208,5.886
133.619,5.840
139.790,5.910
155.983,5.877
163.696,5.840
165.215,5.918
221.869,5.868
239.866,5.871
243.267,5.875
267.309,5.822
292.512,5.820
299.516,5.868
304.289,5.826
307.713,5.833
2.133,5.902
43.280,5.918
48.745,5.918
65.242,5.968
78.243,5.942
80.533,5.942
86.207,5.898
110.767,5.942
142.129,5.954
150.778,5.902
153.410,5.956
184.833,5.956
195.543,5.926
199.776,5.982
201.140,5.960
204.733,5.980
245.759,5.983
251.507,5.949
262.212,5.907
263.333,5.977
281.254,5.908
284.024,5.931
300.923,5.920
11.683,5.961
92.671,6.029
107.088,6.051
109.673,6.059
127.990,6.063
138.170,6.034
146.130,6.033
154.398,6.082
161.322,6.116
162.412,6.043
180.498,5.987
226.943,6.008
248.759,6.083
264.616,6.029
280.193,5.956
52.990,6.062
54.354,6.060
66.784,6.102
68.102,6.086
94.310,6.138
104.418,6.062
108.385,6.044
112.727,6.040
113.849,6.113
135.941,6.090
152.229,6.102
160.271,6.081
176.375,6.122
188.378,6.166
194.130,6.102
211.903,6.072
214.682,6.134
247.405,6.097
96.762,6.162
105.935,6.138
116.404,6.262
158.937,6.208
166.848,6.188
187.186,6.271
189.733,6.182
213.198,6.207
231.349,6.166
258.683,6.152
269.771,6.201
287.477,6.199
99.276,6.267
172.630,6.213
191.078,6.262
192.837,6.253
198.076,6.262
206.000,6.262
230.149,6.213
238.591,6.235
244.405,6.225
257.371,6.207
302.534,6.226
310.136,6.217
119.623,6.327
132.443,6.376
186.053,6.322
196.584,6.315
220.916,6.321
224.999,6.293
286.206,6.317
305.389,6.286
17.964,6.478
30.246,6.433
84.801,6.462
115.030,6.433
131.339,6.392
141.201,6.452
157.562,6.407
202.698,6.382
233.087,6.428
288.698,6.459
308.954,6.469
312.706,6.368
313.841,6.476
4.847,6.529
12.762,6.462
22.703,6.437
50.920,6.543
58.190,6.521
60.421,6.567
71.497,6.571
75.365,6.470
98.072,6.502
123.354,6.522
145.181,6.474
168.270,6.508
223.955,6.498
271.578,6.502
293.376,6.480
311.522,6.489
10.595,6.553
19.221,6.641
25.189,6.651
26.530,6.587
27.788,6.611
28.990,6.560
31.733,6.568
37.371,6.599
45.395,6.574
47.962,6.554
61.784,6.567
82.967,6.633
128.997,6.659
134.837,6.604
137.143,6.550
143.332,6.574
169.896,6.595
207.203,6.547
218.393,6.528
237.488,6.576
273.925,6.599
1.288,6.662
2.438,6.662
3.750,6.718
13.962,6.699
16.456,6.706
21.481,6.606
41.902,6.618
59.314,6.622
70.034,6.705
72.801,6.659
79.487,6.614
95.733,6.645
100.419,6.631
120.914,6.582
122.117,6.675
126.895,6.598
171.027,6.669
183.900,6.648
216.117,6.678
228.993,6.668
234.208,6.685
253.977,6.699
272.652,6.651
278.094,6.609
282.201,6.732
289.998,6.657
6.181,6.779
20.343,6.710
35.852,6.791
39.064,6.746
46.717,6.721
63.255,6.718
74.279,6.702
81.298,6.807
87.422,6.753
91.784,6.775
117.432,6.739
124.571,6.737
125.760,6.734
173.768,6.764
177.379,6.797
182.667,6.773
252.683,6.754
255.314,6.739
291.486,6.762
295.954,6.692
297.524,6.753
303.486,6.720
306.516,6.718
7.407,6.824
15.016,6.848
55.373,6.921
56.593,6.807
64.456,6.873
90.453,6.766
103.647,7.201
111.732,6.795
148.762,6.782
208.603,6.812
211.082,6.811
235.470,6.792
246.514,6.862
259.733,6.771
263.942,6.948
276.351,6.877
284.836,6.873
298.600,6.862
300.166,6.822
9.049,6.971
40.234,6.886
44.230,6.885
65.588,7.452
76.537,6.976
86.210,6.870
88.750,6.910
121.143,6.902
130.124,6.902
155.540,6.883
164.477,6.935
165.863,6.899
181.156,6.931
209.831,6.868
219.600,6.902
227.811,6.957
240.695,6.889
242.211,6.830
249.453,6.882
261.144,6.905
262.575,6.942
294.722,6.891
307.443,7.557
2.799,7.518
33.046,6.954
34.174,6.977
68.802,7.015
77.938,7.351
138.802,7.088
139.987,6.965
151.462,6.958
163.268,6.978
175.190,6.915
195.652,6.972
201.751,6.992
217.351,6.968
226.245,6.946
251.202,7.027
256.513,7.027
267.735,7.008
275.152,7.011
283.241,6.986
301.714,7.013
53.719,7.118
67.343,7.088
93.351,7.169
101.684,7.073
120.229,7.022
146.665,7.056
147.602,7.011
150.090,7.014
152.933,7.074
154.212,7.007
156.686,7.046
167.445,7.155
190.373,7.068
191.879,7.095
199.240,7.098
200.554,7.015
203.848,7.034
212.341,7.039
214.012,7.080
222.667,7.058
239.337,7.112
243.469,7.026
248.038,7.039
268.881,7.037
270.581,7.101
279.524,7.128
283.952,7.333
23.443,7.272
119.256,7.522
133.848,7.085
136.246,7.275
142.271,7.196
189.127,7.164
232.096,7.121
244.960,7.172
258.124,7.188
265.163,7.164
266.362,7.094
280.791,7.114
27.351,7.578
108.013,7.346
110.476,7.222
112.800,7.236
159.566,7.241
161.649,7.240
176.258,7.222
178.810,7.221
180.025,7.201
185.253,7.239
205.102,7.163
12.078,7.420
48.777,7.340
49.808,7.314
99.271,7.347
127.810,7.342
144.251,7.251
172.208,7.253
186.473,7.287
187.795,7.284
194.284,7.289
215.123,7.296
225.185,7.347
230.170,7.313
292.693,7.457
43.116,7.402
52.620,7.401
54.781,7.302
96.754,7.389
105.676,7.322
109.314,7.387
158.440,7.407
160.592,7.352
196.766,7.352
236.835,7.377
286.842,7.489
29.771,7.542
38.034,7.669
60.004,7.600
80.298,7.501
84.158,7.501
94.542,7.471
106.805,7.446
114.053,7.443
168.917,7.526
206.383,7.457
285.792,7.748
296.607,7.462
309.184,7.663
312.098,7.525
13.337,7.717
30.989,7.554
97.961,7.488
122.715,7.793
132.840,7.598
233.237,7.553
304.409,7.562
313.365,7.678
18.030,7.880
28.437,7.682
35.025,7.672
51.485,7.782
71.331,7.861
91.248,7.809
115.276,7.707
135.285,7.801
140.880,7.829
145.716,7.651
242.133,7.908
277.542,7.789
0.479,7.645
4.464,7.852
8.262,7.835
24.412,7.767
25.984,7.716
36.724,7.750
46.095,7.692
47.450,7.820
57.491,7.761
62.013,7.840
70.060,7.702
73.715,7.877
92.179,8.486
116.546,7.706
121.213,7.801
137.591,7.775
197.897,7.648
221.172,7.733
223.843,7.756
238.099,7.731
245.627,7.719
252.483,7.755
263.383,8.067
278.513,7.736
288.178,8.448
289.414,7.995
302.735,7.733
306.017,8.436
310.633,7.702
5.704,7.853
15.782,7.962
40.742,7.803
44.878,7.787
54.627,8.036
56.457,7.702
64.152,8.071
72.567,7.859
75.965,8.341
79.824,8.588
82.199,7.994
89.653,7.788
100.919,7.914
105.183,8.219
112.152,7.702
117.950,8.114
125.589,8.474
126.528,7.861
170.302,7.889
173.815,7.973
193.352,7.825
207.431,7.765
216.352,7.773
218.930,7.747
253.504,7.828
257.764,7.865
260.516,7.734
290.672,7.916
299.992,7.913
11.093,7.917
14.707,8.456
21.151,7.920
22.354,7.833
39.530,7.952
42.076,7.936
85.508,7.817
124.118,7.862
128.987,7.877
131.480,7.821
153.765,8.015
157.429,7.850
172.495,7.782
177.842,7.920
228.921,7.888
234.339,7.891
247.304,7.960
254.662,8.613
257.181,7.862
259.218,7.844
261.849,7.960
268.388,8.185
272.546,7.831
282.210,7.782
282.817,8.026
291.505,7.782
294.240,7.918
1.434,7.998
6.825,8.183
32.076,7.924
58.817,7.917
66.783,7.997
78.324,7.862
87.054,7.918
88.125,7.964
95.733,7.918
149.552,7.942
162.671,8.104
166.549,7.944
183.245,7.976
209.343,8.006
217.713,7.920
227.386,7.995
231.184,7.921
235.720,7.994
248.818,7.921
271.355,8.015
273.905,7.931
275.708,8.057
295.363,8.030
297.661,8.021
9.962,7.992
20.343,7.942
33.879,8.025
130.118,8.003
139.595,8.037
143.284,8.024
148.103,7.960
150.806,8.022
152.253,8.086
156.074,8.062
165.096,7.985
180.949,8.052
182.132,7.960
189.732,8.083
203.046,8.057
213.011,7.973
240.420,8.103
244.062,8.104
250.183,8.543
256.018,8.142
264.450,8.177
267.178,8.102
281.073,8.663
309.862,8.043
41.371,8.022
56.016,8.112
108.515,8.074
146.895,8.160
155.124,8.022
163.780,8.112
171.625,8.256
192.287,8.072
200.281,8.099
201.601,8.120
226.208,8.097
262.781,8.022
269.740,8.293
284.085,8.591
285.410,8.022
67.613,8.751
175.695,8.187
188.530,8.216
191.036,8.165
194.765,8.204
195.934,8.227
210.576,8.134
214.209,8.176
220.043,8.154
222.269,8.178
265.887,8.244
301.682,8.543
20.186,8.775
50.346,8.391
134.110,8.334
161.472,8.315
167.793,8.282
179.244,8.307
184.580,8.247
187.202,8.217
204.276,8.270
211.849,8.256
263.771,8.222
25.388,8.728
27.750,8.862
60.478,8.717
118.705,8.262
160.070,8.322
185.976,8.374
205.528,8.348
224.921,8.376
232.273,8.309
291.988,8.665
293.243,8.609
303.899,8.813
308.444,8.345
51.419,8.846
69.178,8.603
90.576,8.849
102.730,8.569
107.048,8.342
35.701,8.784
77.547,8.510
100.027,8.567
123.413,8.636
154.836,8.484
215.481,8.550
239.286,8.609
258.561,8.976
276.837,8.455
13.604,8.759
24.169,8.805
26.522,8.736
93.648,8.790
110.697,8.624
121.367,8.772
136.476,8.588
158.784,8.586
199.071,8.533
230.074,8.553
237.022,8.711
279.642,8.584
307.780,8.791
3.633,8.860
7.725,8.760
32.897,8.924
37.920,8.867
97.705,8.903
119.317,8.842
177.185,8.750
278.409,8.852
286.406,9.003
302.552,8.582
311.432,8.761
22.799,8.883
30.497,8.815
44.152,8.763
48.381,8.662
49.265,8.873
56.756,8.866
57.944,8.788
101.527,8.843
116.114,8.773
132.267,8.885
142.324,8.747
144.420,8.698
244.852,9.081
246.539,8.854
298.479,9.035
313.219,8.662
314.100,8.868
8.981,8.981
10.857,9.016
18.905,8.937
59.253,8.926
88.419,8.862
96.333,8.880
124.329,9.012
127.352,8.861
173.053,8.981
282.037,9.098
290.563,9.031
312.599,8.921
21.423,8.989
29.167,8.951
55.300,9.005
64.767,9.075
70.356,9.003
72.673,8.998
83.626,8.932
89.225,8.977
95.137,9.008
98.883,9.027
105.714,8.902
113.505,8.987
138.554,8.949
156.746,8.932
247.837,9.018
253.283,9.056
277.410,8.822
305.114,8.960
2.363,8.994
4.886,9.069
12.362,9.004
34.869,9.037
40.249,8.975
47.782,9.007
62.127,8.962
65.971,8.981
73.965,9.037
78.132,9.070
82.200,9.096
85.714,8.902
86.572,8.974
103.917,9.012
117.413,9.085
141.237,9.000
145.625,8.977
148.914,9.043
217.666,9.075
233.333,8.982
234.551,9.049
252.172,9.010
261.342,9.025
268.993,9.057
296.288,9.065
310.402,8.976
1.246,9.154
6.028,9.119
16.457,9.038
17.454,9.036
31.614,9.054
41.457,9.060
42.990,9.031
45.322,9.050
46.633,9.048
52.650,9.036
53.837,9.060
63.274,9.060
75.104,9.052
84.833,9.057
87.700,9.072
107.553,9.072
115.249,9.392
128.457,9.141
129.572,9.026
130.947,9.049
165.808,9.081
168.726,9.048
174.589,9.142
192.868,9.125
197.712,9.091
235.917,9.129
238.212,9.209
241.994,9.118
266.613,9.170
267.821,9.134
274.667,8.982
294.617,9.061
299.769,9.067
302.876,9.279
309.382,9.091
71.467,9.110
133.318,9.111
135.122,9.181
150.285,9.165
155.438,9.208
176.244,9.201
179.908,9.183
202.166,9.204
206.195,9.258
216.550,9.161
262.652,9.201
271.742,9.136
275.400,9.182
276.689,9.265
289.343,9.234
112.097,9.229
137.370,9.242
147.819,9.204
151.583,9.244
154.169,9.238
162.120,9.210
163.339,9.240
169.946,9.265
181.209,9.273
183.813,9.261
189.296,9.246
191.675,9.244
196.485,9.272
200.870,9.211
207.368,9.204
219.057,9.245
222.863,9.195
225.642,9.240
227.032,9.236
228.597,9.233
243.175,9.296
255.884,9.320
263.866,9.253
273.008,9.179
300.824,9.206
108.886,9.266
140.072,9.272
143.401,9.353
146.699,9.244
152.890,9.283
159.552,9.361
160.983,9.360
167.027,9.356
171.231,9.328
178.301,9.359
182.548,9.322
190.546,9.336
194.210,9.229
195.260,9.319
199.731,9.317
203.454,9.385
208.697,9.328
209.834,9.312
211.126,9.295
221.546,9.265
224.317,9.299
230.824,9.361
240.470,9.313
250.841,9.364
265.283,9.236
270.383,9.314
274.130,9.313
123.733,9.302
157.752,9.359
164.645,9.369
185.294,9.369
186.762,9.367
188.041,9.362
212.285,9.446
213.516,9.377
214.631,9.376
220.314,9.373
232.150,9.395
85.867,9.382
106.108,9.520
258.248,9.422
100.267,9.462
204.941,9.531
236.822,9.519
248.381,9.462
68.419,9.542
239.010,9.622
245.638,9.542
158.324,9.622
229.829,9.876
260.724,9.622
3.778,9.807
81.295,9.742
100.717,9.856
110.869,9.840
117.829,9.782
9.593,9.895
96.435,9.805
126.705,9.782
148.343,9.782
245.181,9.782
28.648,9.862
30.857,9.880
67.429,9.862
72.152,9.880
284.740,9.912
297.476,9.894
58.743,9.942
61.029,9.942
124.876,9.942
139.276,9.942
279.260,10.060
301.827,9.975
104.990,10.022
202.877,10.089
238.781,10.022
247.098,10.218
261.227,10.102
293.333,10.022
11.759,10.230
145.752,10.182
171.962,10.102
173.686,10.172
236.947,10.196
244.114,10.182
245.736,10.239
144.990,10.262
177.714,10.302
312.565,10.262
3.005,10.476
3.733,10.422
313.219,10.422
312.059,10.884
