1.927,-10.449
2.551,-10.904
47.139,-10.872
64.381,-10.912
153.411,-10.839
178.210,-10.912
191.203,-10.893
194.362,-10.908
198.781,-10.912
200.846,-10.909
215.233,-10.906
222.057,-10.905
223.583,-10.904
224.341,-10.890
225.640,-10.890
227.276,-10.843
229.181,-10.845
230.740,-10.845
231.430,-10.904
232.415,-10.863
234.243,-10.891
239.430,-10.893
242.951,-10.899
43.152,-10.285
5.980,-10.139
24.457,-10.144
64.457,-10.205
4.190,-10.125
21.638,-10.125
47.081,-10.125
60.829,-9.957
28.421,-9.974
45.089,-9.430
5.128,-9.748
27.008,-9.893
275.023,-9.912
21.333,-9.885
77.286,-9.754
267.902,-9.742
41.752,-9.765
57.866,-9.675
20.539,-9.548
54.003,-9.627
8.779,-9.583
63.503,-9.510
73.716,-9.593
79.073,-9.522
10.652,-9.467
35.655,-9.480
49.014,-9.452
52.254,-9.492
67.689,-9.477
75.525,-9.529
105.576,-9.445
108.141,-9.372
109.280,-9.515
119.238,-9.472
133.914,-9.455
140.686,-9.513
144.585,-9.461
155.782,-9.426
235.727,-9.447
13.991,-9.419
40.766,-9.414
56.751,-9.311
66.247,-9.396
68.969,-9.374
86.511,-9.393
94.374,-9.383
95.727,-9.447
98.320,-9.391
102.644,-9.366
106.922,-9.349
110.725,-9.364
113.489,-9.421
124.969,-9.391
126.499,-9.396
135.269,-9.379
139.512,-9.438
141.868,-9.374
143.349,-9.348
149.298,-9.400
157.190,-9.358
158.365,-9.405
160.418,-9.413
164.805,-9.420
200.250,-9.374
307.025,-9.363
1.108,-9.303
11.891,-9.365
16.697,-9.379
30.872,-9.274
32.979,-9.306
39.338,-9.290
50.917,-9.310
64.866,-9.377
71.778,-9.305
87.791,-9.352
89.078,-9.307
99.642,-9.293
112.340,-9.352
115.469,-9.361
116.805,-9.301
117.987,-9.292
123.118,-9.268
137.821,-9.331
146.908,-9.320
161.817,-9.273
185.373,-9.297
192.490,-9.287
205.627,-9.308
213.339,-9.240
216.267,-9.365
230.657,-9.297
282.438,-9.344
285.290,-9.356
293.137,-9.296
311.445,-9.328
7.249,-9.244
22.160,-9.226
38.210,-9.199
47.535,-9.230
91.815,-9.266
93.178,-9.230
101.389,-9.190
120.535,-9.312
121.732,-9.274
127.848,-9.191
128.961,-9.265
130.294,-9.245
131.492,-9.228
136.386,-9.264
145.774,-9.263
148.039,-9.285
150.636,-9.245
151.841,-9.305
153.371,-9.155
166.019,-9.245
167.290,-9.231
169.096,-9.227
171.560,-9.250
181.207,-9.235
184.081,-9.175
187.729,-9.219
189.089,-9.240
191.081,-9.236
193.703,-9.166
194.894,-9.200
201.486,-9.205
204.348,-9.215
212.073,-9.233
214.514,-9.234
217.639,-9.190
220.240,-9.303
222.874,-9.258
256.759,-9.219
270.441,-9.215
278.437,-9.223
286.637,-9.249
291.677,-9.181
294.383,-9.240
303.621,-9.314
308.559,-9.250
309.925,-9.276
312.608,-9.272
5.956,-9.125
9.510,-9.165
29.674,-9.165
34.510,-9.135
37.017,-9.176
80.225,-9.127
82.712,-9.218
84.077,-9.139
97.181,-9.215
104.000,-9.205
132.798,-9.177
154.602,-9.122
172.838,-9.205
173.998,-9.157
179.621,-9.184
196.279,-9.199
197.454,-9.169
198.700,-9.196
202.997,-9.143
206.860,-9.145
208.341,-9.113
209.682,-9.148
219.088,-9.178
221.378,-9.143
226.143,-9.144
227.965,-9.209
232.117,-9.177
238.313,-9.175
240.696,-9.202
243.345,-9.129
247.087,-9.132
252.338,-9.147
253.788,-9.158
255.344,-9.120
259.699,-9.141
262.933,-9.194
269.130,-9.147
271.619,-9.170
273.060,-9.205
275.264,-8.956
276.751,-9.138
283.619,-9.205
290.493,-9.159
296.156,-9.107
299.732,-9.169
305.991,-9.207
2.514,-9.052
61.701,-9.102
70.557,-9.100
170.474,-9.113
178.219,-9.082
182.753,-9.057
210.915,-9.066
229.195,-9.073
233.219,-9.105
236.882,-9.065
245.711,-9.095
250.450,-9.026
258.296,-9.120
261.273,-9.136
280.950,-9.113
289.133,-9.062
297.293,-9.056
302.133,-9.041
304.763,-9.119
313.756,-9.027
1.524,-9.085
24.356,-8.931
55.325,-8.967
85.483,-8.971
90.210,-9.054
163.440,-9.011
175.270,-9.011
186.513,-8.980
224.305,-9.026
234.313,-9.044
248.264,-9.049
264.152,-9.045
265.480,-9.030
298.552,-8.947
3.724,-8.866
15.308,-8.930
19.412,-8.879
239.539,-8.877
244.618,-8.914
42.514,-8.866
59.200,-8.905
176.807,-8.824
279.705,-8.822
12.998,-8.779
17.705,-8.760
28.533,-8.782
76.523,-8.807
241.955,-8.737
27.092,-8.733
159.199,-8.489
287.832,-8.717
4.797,-8.618
53.248,-8.671
114.307,-8.600
249.314,-8.540
300.795,-8.606
8.460,-8.529
25.718,-8.562
73.138,-8.508
77.964,-8.554
81.660,-8.575
118.571,-8.494
268.118,-8.489
20.772,-8.453
60.664,-8.462
62.843,-8.483
111.293,-8.432
138.665,-8.400
152.698,-8.327
156.554,-8.440
266.781,-8.476
284.468,-8.339
41.228,-8.359
50.067,-8.385
74.774,-8.300
88.259,-8.351
91.302,-8.355
109.804,-8.339
124.294,-8.375
140.038,-8.405
142.531,-8.337
292.600,-8.381
307.678,-8.353
10.680,-8.309
23.487,-8.241
32.030,-8.353
39.979,-8.305
57.826,-8.251
65.702,-8.239
94.843,-8.198
96.266,-8.241
99.036,-8.270
105.041,-8.218
125.867,-8.310
129.449,-8.248
130.858,-8.252
134.810,-8.254
136.035,-8.274
143.966,-8.280
149.676,-8.285
151.330,-8.242
155.259,-8.316
168.439,-8.273
184.870,-8.237
188.406,-8.283
199.569,-8.280
215.505,-8.325
225.258,-8.279
235.114,-8.237
281.832,-8.251
294.952,-8.292
11.884,-8.210
35.132,-8.210
48.798,-8.235
64.377,-8.238
67.071,-8.244
86.911,-8.227
100.257,-8.199
107.081,-8.189
108.377,-8.195
116.364,-8.137
120.111,-8.167
133.584,-8.191
141.189,-8.233
145.200,-8.192
146.422,-8.246
147.486,-8.262
148.631,-8.232
157.843,-8.260
164.435,-8.130
173.471,-8.211
180.265,-8.239
182.117,-8.122
195.491,-8.143
204.917,-8.221
216.904,-8.216
227.315,-8.239
231.129,-8.216
251.356,-8.161
257.534,-8.190
260.603,-8.170
269.790,-8.135
274.182,-8.207
302.958,-8.158
0.858,-8.189
1.905,-8.205
14.283,-8.154
16.759,-8.115
33.512,-8.132
51.887,-8.185
56.580,-8.043
112.986,-8.148
117.607,-8.125
119.164,-8.193
121.470,-8.042
132.053,-8.097
137.522,-8.102
154.002,-8.118
167.232,-8.113
189.467,-8.182
191.926,-8.152
193.256,-8.108
197.025,-8.120
201.038,-8.150
206.779,-8.120
222.630,-8.122
246.671,-8.062
256.154,-8.125
263.014,-8.156
277.402,-8.118
306.621,-8.095
308.952,-8.165
310.627,-8.060
311.849,-8.125
2.669,-7.097
30.324,-8.001
47.617,-8.091
68.552,-7.994
83.257,-8.026
89.486,-8.075
97.526,-8.058
102.548,-8.083
122.975,-8.021
128.218,-8.031
171.126,-8.038
174.721,-8.033
175.930,-8.038
183.618,-7.997
187.232,-8.000
190.573,-7.980
212.815,-7.997
214.230,-8.057
219.585,-8.034
238.551,-8.028
243.810,-7.950
253.150,-8.015
264.453,-7.999
290.283,-7.988
293.810,-8.051
304.045,-8.049
305.367,-8.027
22.124,-7.901
44.959,-7.982
54.530,-7.968
69.916,-7.970
71.273,-8.000
79.294,-7.984
93.047,-8.025
160.550,-7.996
163.086,-8.022
172.289,-7.997
177.825,-7.921
178.957,-7.953
185.907,-7.888
202.441,-7.998
203.697,-7.960
210.133,-7.949
211.648,-7.971
218.291,-7.965
220.867,-7.992
223.929,-7.939
228.566,-7.974
229.864,-7.928
236.208,-8.014
254.512,-8.002
259.323,-7.951
273.048,-7.965
278.562,-7.923
282.922,-7.984
285.486,-8.005
286.673,-7.974
6.980,-7.910
9.566,-7.891
36.500,-7.847
37.731,-7.928
76.976,-7.820
80.524,-7.873
101.479,-7.887
103.814,-7.876
161.837,-7.928
165.905,-7.897
169.923,-7.836
194.413,-7.899
209.043,-7.927
232.607,-7.931
233.824,-7.862
245.361,-7.867
271.732,-7.882
288.853,-7.844
298.399,-7.876
43.707,-7.809
198.295,-7.786
240.873,-7.789
247.937,-7.764
296.070,-7.815
297.283,-7.802
5.863,-7.754
18.450,-7.789
38.974,-7.674
59.757,-7.726
84.406,-7.762
106.021,-7.742
207.853,-7.730
226.205,-7.654
265.790,-7.713
280.560,-7.696
299.920,-7.752
301.815,-7.702
313.489,-7.713
15.450,-7.645
42.288,-7.681
53.140,-7.628
237.333,-7.669
242.733,-7.658
261.668,-7.619
276.348,-7.669
291.506,-7.625
3.656,-7.514
13.105,-7.586
27.803,-7.574
29.002,-7.565
46.425,-7.553
73.796,-7.583
75.685,-7.573
82.173,-7.561
85.943,-7.581
115.286,-7.565
205.816,-7.570
250.211,-7.577
268.627,-7.523
275.127,-7.619
19.838,-7.513
50.948,-7.474
62.121,-7.479
72.303,-7.530
94.267,-7.436
110.693,-7.355
126.853,-7.492
24.719,-7.461
63.487,-7.413
113.927,-7.381
150.555,-7.325
181.048,-7.398
252.187,-7.382
270.484,-7.360
287.843,-7.392
4.813,-7.311
8.686,-7.338
25.967,-7.364
31.344,-7.309
58.649,-7.282
66.516,-7.325
112.037,-7.333
124.014,-7.334
130.116,-7.279
135.592,-7.180
147.828,-7.313
155.894,-7.354
239.815,-7.350
267.314,-7.314
284.111,-7.310
49.603,-7.238
55.727,-7.267
65.143,-7.212
78.178,-7.187
88.531,-7.229
91.391,-7.268
136.668,-7.245
139.340,-7.226
140.720,-7.207
142.018,-7.307
152.007,-7.285
153.337,-7.207
157.046,-7.273
158.304,-7.224
159.438,-7.235
176.703,-7.298
221.764,-7.234
225.016,-7.232
257.034,-7.212
258.495,-7.185
294.505,-7.214
309.701,-7.226
1.524,-7.157
21.180,-7.102
32.695,-7.146
125.535,-7.160
131.314,-7.162
132.894,-7.190
146.330,-7.197
149.198,-7.218
154.861,-7.099
168.170,-7.146
169.198,-7.179
182.878,-7.133
184.531,-7.116
217.466,-7.165
235.048,-7.205
244.349,-7.075
263.645,-7.141
308.344,-7.087
312.532,-7.202
10.603,-7.075
48.216,-7.058
57.294,-7.020
87.426,-7.057
90.096,-7.028
96.775,-7.077
99.492,-7.048
109.255,-7.130
118.781,-7.121
120.340,-7.081
129.022,-7.060
134.074,-7.058
144.926,-7.090
179.852,-7.062
189.974,-7.085
199.312,-7.006
211.048,-7.107
213.435,-7.064
216.020,-7.056
227.695,-7.037
231.639,-7.064
279.529,-7.053
293.070,-7.090
306.014,-7.051
14.259,-6.981
34.061,-6.973
40.308,-7.029
52.121,-6.962
60.874,-7.051
67.771,-7.005
95.585,-6.874
98.002,-7.056
102.951,-6.966
163.751,-7.049
166.950,-7.032
171.784,-6.987
186.782,-7.056
193.524,-7.012
195.859,-6.973
200.571,-7.026
204.675,-7.031
248.945,-7.030
255.699,-7.043
272.665,-7.001
304.727,-7.011
311.316,-6.972
16.425,-6.922
35.332,-6.980
79.697,-6.936
107.971,-6.977
117.583,-6.976
121.563,-6.925
137.992,-6.894
143.645,-6.925
162.576,-6.857
170.751,-6.912
174.133,-6.965
188.229,-6.993
192.420,-6.942
196.954,-6.881
214.820,-6.903
222.971,-6.928
229.303,-6.940
260.000,-6.976
273.941,-6.895
277.864,-6.974
11.838,-6.893
17.676,-6.819
23.648,-6.834
70.521,-6.840
83.760,-6.812
106.814,-6.813
116.307,-6.834
172.921,-6.845
175.390,-6.837
191.179,-6.872
232.893,-6.812
264.902,-6.903
269.431,-6.852
283.085,-6.878
285.178,-6.880
289.708,-6.830
299.146,-6.881
300.767,-6.843
303.314,-6.869
7.509,-6.782
29.981,-6.805
37.262,-6.712
54.490,-6.718
74.595,-6.712
92.893,-6.783
100.852,-6.799
122.994,-6.825
161.309,-6.716
202.685,-6.746
207.324,-6.735
209.469,-6.773
219.659,-6.781
238.657,-6.784
241.683,-6.741
253.392,-6.818
254.641,-6.770
281.779,-6.784
307.038,-6.777
27.073,-6.702
41.637,-6.711
42.940,-6.650
69.025,-6.685
80.874,-6.640
105.551,-6.708
164.771,-6.707
178.701,-6.656
194.746,-6.699
212.349,-6.691
236.134,-6.711
246.362,-6.725
247.707,-6.676
262.435,-6.662
286.453,-6.718
296.681,-6.680
9.611,-6.617
22.322,-6.639
38.365,-6.622
44.236,-6.620
46.950,-6.618
59.630,-6.600
77.277,-6.623
85.025,-6.643
127.525,-6.577
177.635,-6.588
185.659,-6.635
218.565,-6.602
251.198,-6.605
266.189,-6.628
313.992,-6.564
0.381,-6.556
45.566,-6.545
112.879,-6.507
165.909,-6.548
181.967,-6.536
226.819,-6.505
230.667,-6.565
237.257,-6.565
275.200,-6.470
298.057,-6.576
302.113,-6.556
6.281,-6.462
64.234,-6.432
73.143,-6.494
75.886,-6.430
198.059,-6.431
203.721,-6.464
206.228,-6.462
220.798,-6.425
234.104,-6.469
240.423,-6.468
249.928,-6.424
276.748,-6.457
292.162,-6.378
295.384,-6.420
12.849,-6.402
18.912,-6.389
28.438,-6.369
104.099,-6.388
140.114,-6.338
147.095,-6.376
148.517,-6.360
169.897,-6.293
243.223,-6.418
245.252,-6.396
261.117,-6.399
288.495,-6.405
15.321,-6.320
20.306,-6.318
24.800,-6.285
39.538,-6.278
50.606,-6.285
53.110,-6.334
62.906,-6.302
65.840,-6.223
102.009,-6.328
115.328,-6.247
126.351,-6.279
132.267,-6.285
149.883,-6.343
151.277,-6.301
152.665,-6.336
183.553,-6.296
189.265,-6.337
208.290,-6.260
224.440,-6.310
225.792,-6.296
270.685,-6.299
290.799,-6.255
8.505,-6.220
36.157,-6.159
49.257,-6.211
56.513,-6.234
61.714,-6.245
72.041,-6.250
78.786,-6.215
86.181,-6.262
94.251,-6.220
124.614,-6.223
141.562,-6.188
145.766,-6.192
155.243,-6.098
160.249,-6.176
176.383,-6.198
201.599,-6.202
210.445,-6.182
222.008,-6.160
228.460,-6.199
280.492,-6.201
3.946,-6.106
26.038,-6.145
58.332,-6.125
98.686,-6.106
111.421,-6.077
114.123,-6.088
119.527,-6.104
134.950,-6.155
136.073,-6.064
138.800,-6.098
153.925,-6.104
157.716,-6.147
158.923,-6.131
180.632,-6.104
187.342,-6.125
213.920,-6.120
256.496,-6.180
257.628,-6.192
267.212,-6.135
293.794,-6.072
310.188,-6.091
312.610,-6.120
31.980,-6.046
33.331,-6.067
82.062,-6.061
91.927,-6.080
108.704,-6.004
109.902,-6.090
117.051,-6.014
137.168,-6.051
142.827,-6.062
144.418,-6.054
167.666,-6.063
174.651,-6.063
190.287,-6.037
258.721,-5.969
271.852,-5.994
287.372,-6.027
299.954,-6.094
1.278,-5.983
5.160,-5.945
51.583,-5.921
87.922,-5.935
121.095,-5.937
129.815,-5.984
133.389,-5.994
156.514,-5.987
163.068,-6.016
216.196,-5.986
231.953,-5.912
235.281,-5.955
252.571,-5.997
268.482,-6.027
305.456,-6.008
30.779,-5.958
34.652,-5.849
55.353,-5.879
89.521,-5.896
96.948,-5.879
131.115,-5.928
172.288,-5.855
211.505,-5.839
215.078,-5.885
229.670,-5.894
248.781,-5.932
264.039,-5.897
284.414,-5.901
303.963,-5.890
308.728,-5.842
10.631,-5.855
48.050,-5.767
67.188,-5.838
80.041,-5.816
90.645,-5.702
122.304,-5.800
123.559,-5.790
128.448,-5.773
179.587,-5.818
184.751,-5.782
217.588,-5.813
242.186,-5.754
244.298,-5.794
255.354,-5.788
14.053,-5.786
16.274,-5.702
17.302,-5.692
29.376,-5.713
60.537,-5.749
69.684,-5.752
83.234,-5.765
99.950,-5.745
170.959,-5.762
191.603,-5.704
193.143,-5.673
199.309,-5.789
200.437,-5.785
204.619,-5.699
253.845,-5.704
265.295,-5.758
311.234,-5.738
7.345,-5.592
40.863,-5.663
46.291,-5.584
107.492,-5.598
182.762,-5.634
186.279,-5.572
196.569,-5.711
207.169,-5.513
223.614,-5.670
227.457,-5.579
237.814,-5.596
269.755,-5.690
273.146,-5.619
278.603,-5.701
281.835,-5.681
283.214,-5.677
285.885,-5.640
297.368,-5.667
301.377,-5.614
11.753,-5.597
21.528,-5.571
43.581,-5.645
68.421,-5.611
73.906,-5.549
164.194,-5.609
168.856,-5.614
178.461,-5.591
188.270,-5.527
195.429,-5.605
209.352,-5.546
212.783,-5.570
220.103,-5.595
233.108,-5.604
259.849,-5.600
289.370,-5.585
296.119,-5.571
313.540,-5.502
2.688,-5.436
38.033,-5.507
42.278,-5.437
44.850,-5.427
59.375,-5.490
75.085,-5.473
95.577,-5.480
104.824,-5.449
118.251,-5.521
127.211,-5.501
161.975,-5.472
194.345,-5.473
218.912,-5.528
246.603,-5.489
247.751,-5.492
262.772,-5.509
276.138,-5.517
302.783,-5.497
306.708,-5.458
24.082,-5.393
53.955,-5.474
71.123,-5.457
77.773,-5.381
84.491,-5.436
150.508,-5.401
173.771,-5.423
175.549,-5.398
177.329,-5.440
197.868,-5.389
298.530,-5.435
27.128,-5.372
65.026,-5.343
76.463,-5.365
93.340,-5.352
112.760,-5.330
125.377,-5.263
140.649,-5.355
166.644,-5.257
181.433,-5.309
230.811,-5.325
236.537,-5.375
239.693,-5.358
274.812,-5.378
294.862,-5.374
307.754,-5.304
9.368,-5.240
22.778,-5.272
57.639,-5.239
81.196,-5.241
98.026,-5.224
103.429,-5.228
105.940,-5.255
116.074,-5.197
139.418,-5.228
143.465,-5.292
146.434,-5.264
147.697,-5.289
153.194,-5.229
165.333,-5.265
203.479,-5.239
221.308,-5.218
225.146,-5.281
234.286,-5.285
277.445,-5.259
293.128,-5.260
15.101,-5.153
63.773,-5.174
85.789,-5.126
114.856,-5.130
134.207,-5.126
135.493,-5.083
138.084,-5.131
149.064,-5.182
151.981,-5.165
154.679,-5.098
159.541,-5.125
205.867,-5.178
226.251,-5.215
249.869,-5.182
251.770,-5.176
266.397,-5.174
279.880,-5.122
290.512,-5.192
291.728,-5.188
18.318,-5.123
36.993,-5.079
39.651,-5.053
49.438,-5.072
50.525,-5.024
52.654,-5.141
101.675,-5.070
109.192,-5.009
142.034,-5.107
145.240,-5.136
169.837,-5.030
183.698,-5.076
214.093,-5.063
240.952,-5.150
243.314,-5.096
245.448,-5.117
261.315,-5.082
270.950,-5.017
288.126,-5.106
6.264,-5.039
12.973,-5.005
25.128,-5.005
33.829,-5.010
72.724,-5.045
79.183,-5.034
87.004,-4.979
110.372,-5.037
120.188,-5.058
136.664,-5.042
157.051,-5.035
228.721,-4.952
256.384,-5.033
267.727,-4.979
286.932,-5.040
304.971,-5.037
20.493,-4.965
30.248,-4.965
56.375,-4.925
62.673,-4.910
111.614,-4.978
124.120,-4.870
155.926,-4.914
158.244,-4.891
201.477,-4.944
208.166,-4.920
216.577,-4.954
222.402,-4.970
257.710,-4.929
0.762,-4.915
35.755,-4.835
61.353,-4.849
88.712,-4.814
91.778,-4.831
131.793,-4.875
132.983,-4.806
168.073,-4.823
189.583,-4.874
190.826,-4.840
192.242,-4.743
210.597,-4.880
232.249,-4.824
252.957,-4.806
268.920,-4.820
272.243,-4.840
3.842,-4.782
47.320,-4.782
82.440,-4.805
113.740,-4.727
119.131,-4.765
121.620,-4.774
129.297,-4.800
163.084,-4.734
171.470,-4.730
185.140,-4.824
187.333,-4.737
217.948,-4.759
229.867,-4.731
248.740,-4.781
285.216,-4.707
310.304,-4.820
312.253,-4.786
8.305,-4.743
28.626,-4.685
90.023,-4.694
99.164,-4.751
100.371,-4.674
122.936,-4.688
196.724,-4.725
198.719,-4.744
199.992,-4.732
215.238,-4.748
254.637,-4.665
263.663,-4.703
281.336,-4.678
300.268,-4.744
303.807,-4.694
4.967,-4.567
16.109,-4.578
31.616,-4.628
32.891,-4.573
66.337,-4.651
94.904,-4.591
97.039,-4.626
106.934,-4.555
179.212,-4.633
212.222,-4.580
51.393,-4.502
54.960,-4.590
67.695,-4.548
68.991,-4.543
83.564,-4.504
102.710,-4.501
127.996,-4.552
130.550,-4.492
160.869,-4.563
172.845,-4.550
174.535,-4.556
176.648,-4.496
180.528,-4.530
219.415,-4.530
226.954,-4.479
233.320,-4.502
238.705,-4.567
258.971,-4.577
265.026,-4.511
278.647,-4.552
282.667,-4.549
283.901,-4.553
1.858,-4.445
13.861,-4.416
17.195,-4.457
19.360,-4.427
38.693,-4.492
41.135,-4.452
60.103,-4.424
80.264,-4.462
117.293,-4.497
126.799,-4.438
178.017,-4.433
182.594,-4.427
193.672,-4.426
204.562,-4.383
223.461,-4.382
235.585,-4.496
242.218,-4.487
297.594,-4.444
301.567,-4.401
10.440,-4.344
21.411,-4.345
43.584,-4.398
58.667,-4.359
144.401,-4.409
150.103,-4.318
164.604,-4.373
197.652,-4.345
209.314,-4.355
237.299,-4.351
244.411,-4.409
260.136,-4.384
273.597,-4.394
276.390,-4.349
296.230,-4.384
307.105,-4.422
308.971,-4.365
11.532,-4.333
26.201,-4.309
34.737,-4.225
48.644,-4.269
70.305,-4.291
74.128,-4.297
75.324,-4.258
78.174,-4.278
108.052,-4.228
186.075,-4.315
188.590,-4.309
194.968,-4.308
207.200,-4.343
220.565,-4.292
231.187,-4.270
234.319,-4.230
262.438,-4.325
289.709,-4.329
298.928,-4.236
305.879,-4.257
46.253,-4.258
53.669,-4.209
93.606,-4.144
104.462,-4.245
138.739,-4.189
143.079,-4.187
145.886,-4.172
148.474,-4.227
202.744,-4.221
247.689,-4.167
275.203,-4.171
286.207,-4.241
292.528,-4.193
293.792,-4.233
313.400,-4.229
2.629,-4.205
42.438,-4.165
44.971,-4.121
76.779,-4.161
112.416,-4.143
151.339,-4.140
153.744,-4.131
175.605,-4.103
250.784,-4.152
270.107,-4.125
7.219,-4.060
22.848,-4.006
24.306,-4.045
29.592,-4.017
65.108,-4.098
84.882,-4.112
98.047,-4.031
110.684,-4.023
125.621,-4.045
137.544,-4.059
146.950,-4.054
152.496,-4.033
155.276,-4.060
205.833,-4.028
213.226,-4.019
227.985,-3.986
239.889,-4.081
246.566,-4.027
266.328,-4.093
277.733,-3.960
290.987,-4.069
295.084,-4.091
15.152,-3.915
57.293,-3.965
72.909,-3.955
81.281,-3.995
105.736,-3.863
116.152,-3.981
134.164,-3.932
135.273,-3.944
140.489,-4.013
159.131,-3.957
161.947,-3.993
167.241,-4.001
169.303,-3.973
225.177,-3.965
249.618,-4.014
257.004,-3.952
287.586,-3.945
27.294,-3.921
36.585,-3.873
49.974,-3.889
71.588,-3.903
86.173,-3.841
87.336,-3.879
91.011,-3.886
101.487,-3.828
114.898,-3.944
156.694,-3.885
157.741,-3.864
170.521,-3.890
183.700,-3.901
221.795,-3.915
241.141,-3.916
253.560,-3.826
307.960,-3.864
311.117,-3.930
3.352,-3.785
9.313,-3.836
18.267,-3.817
30.685,-3.780
62.213,-3.766
63.771,-3.845
120.118,-3.817
128.760,-3.747
141.752,-3.793
165.733,-3.792
190.073,-3.855
191.537,-3.798
217.050,-3.805
255.773,-3.854
268.033,-3.845
304.833,-3.792
1.046,-3.780
5.771,-3.785
40.285,-3.743
56.170,-3.750
79.345,-3.727
96.243,-3.742
99.655,-3.704
103.619,-3.725
109.289,-3.768
118.282,-3.702
133.029,-3.725
136.341,-3.703
173.736,-3.739
181.497,-3.780
192.762,-3.765
196.294,-3.698
215.844,-3.763
229.249,-3.686
243.173,-3.689
245.277,-3.720
252.004,-3.737
279.843,-3.756
303.057,-3.680
37.923,-3.638
66.853,-3.631
122.083,-3.555
124.411,-3.655
131.751,-3.670
171.872,-3.604
198.961,-3.635
200.034,-3.657
210.303,-3.676
232.342,-3.674
236.515,-3.650
272.662,-3.635
283.425,-3.640
12.727,-3.609
33.557,-3.536
47.616,-3.616
88.336,-3.514
89.615,-3.572
163.525,-3.575
168.307,-3.579
208.271,-3.559
211.412,-3.592
218.367,-3.630
226.213,-3.560
258.016,-3.534
271.294,-3.601
281.099,-3.590
288.821,-3.601
300.538,-3.559
32.147,-3.549
52.613,-3.497
55.100,-3.450
61.033,-3.447
82.629,-3.525
92.458,-3.511
113.487,-3.535
149.458,-3.478
178.873,-3.507
184.873,-3.496
201.485,-3.541
238.248,-3.485
269.142,-3.496
284.683,-3.472
310.027,-3.485
4.529,-3.461
28.460,-3.458
94.761,-3.384
106.951,-3.460
129.937,-3.416
145.165,-3.428
160.416,-3.422
203.924,-3.389
222.803,-3.368
230.554,-3.378
248.507,-3.405
254.653,-3.430
259.286,-3.389
296.758,-3.357
312.305,-3.445
20.704,-3.369
39.072,-3.337
51.149,-3.369
59.543,-3.383
68.116,-3.360
69.395,-3.357
83.940,-3.325
126.590,-3.336
139.538,-3.353
177.151,-3.321
187.855,-3.320
214.209,-3.291
242.022,-3.316
261.582,-3.355
264.036,-3.383
265.450,-3.348
2.079,-3.268
77.874,-3.222
111.558,-3.252
174.832,-3.272
189.037,-3.228
194.069,-3.263
197.311,-3.231
235.273,-3.182
262.870,-3.257
274.394,-3.273
298.060,-3.232
306.748,-3.219
16.100,-3.212
44.153,-3.136
143.859,-3.128
147.882,-3.224
150.629,-3.180
180.146,-3.235
182.781,-3.216
224.362,-3.111
233.404,-3.127
244.159,-3.109
290.020,-3.159
8.173,-3.136
11.418,-3.085
58.210,-3.116
76.267,-3.085
102.554,-3.115
117.236,-3.136
164.650,-3.099
202.662,-3.048
205.067,-3.139
207.153,-3.081
212.424,-3.106
219.392,-3.112
250.459,-3.046
278.706,-3.027
282.477,-3.091
285.793,-3.050
292.513,-3.043
295.689,-3.127
308.966,-3.078
6.902,-2.968
10.324,-3.045
14.130,-3.040
19.542,-3.052
46.363,-3.005
85.083,-3.016
100.573,-2.994
104.743,-3.020
108.116,-3.005
119.502,-3.040
138.070,-2.940
146.399,-2.992
151.886,-3.045
153.156,-2.991
154.474,-3.051
176.086,-3.067
186.056,-3.022
190.721,-3.022
209.278,-2.994
220.775,-3.005
227.311,-3.040
260.348,-3.021
276.495,-3.025
301.719,-3.021
17.295,-2.998
23.453,-2.913
49.091,-2.933
53.941,-2.915
73.943,-2.973
75.090,-2.975
80.457,-2.920
97.787,-2.874
127.774,-2.932
155.713,-2.954
162.506,-2.904
195.465,-2.952
239.392,-2.992
291.312,-2.943
299.430,-2.933
21.838,-2.783
26.022,-2.898
29.770,-2.736
34.588,-2.876
35.870,-2.819
41.143,-2.919
64.340,-2.818
81.717,-2.841
86.609,-2.836
93.647,-2.819
110.213,-2.895
114.823,-2.838
116.110,-2.838
133.740,-2.777
173.011,-2.857
184.045,-2.802
191.954,-2.786
240.690,-2.888
266.748,-2.806
287.125,-2.823
294.478,-2.859
303.926,-2.744
24.745,-2.779
45.160,-2.756
56.960,-2.745
65.743,-2.768
98.895,-2.765
141.040,-2.706
157.906,-2.758
167.635,-2.787
231.621,-2.765
237.264,-2.758
256.566,-2.805
305.676,-2.741
311.248,-2.750
313.521,-2.815
5.325,-2.622
9.203,-2.707
62.981,-2.720
72.623,-2.731
91.620,-2.672
96.640,-2.639
125.271,-2.715
134.953,-2.691
142.555,-2.627
156.726,-2.652
159.098,-2.721
161.299,-2.745
166.313,-2.699
169.077,-2.756
170.279,-2.704
181.476,-2.645
228.587,-2.719
252.885,-2.665
270.380,-2.710
3.288,-2.527
27.620,-2.599
31.177,-2.610
42.642,-2.605
87.692,-2.571
90.443,-2.553
105.946,-2.605
132.740,-2.613
198.362,-2.621
199.765,-2.553
206.078,-2.636
210.627,-2.582
216.155,-2.680
222.097,-2.605
225.449,-2.595
246.330,-2.629
275.229,-2.599
307.990,-2.583
1.192,-2.494
15.092,-2.581
32.503,-2.512
37.146,-2.519
55.604,-2.549
70.063,-2.449
71.336,-2.507
124.056,-2.501
131.359,-2.542
136.838,-2.532
148.751,-2.448
171.415,-2.547
177.905,-2.530
193.110,-2.552
217.402,-2.567
229.680,-2.487
234.223,-2.543
247.742,-2.535
251.584,-2.553
283.879,-2.549
288.363,-2.574
12.630,-2.439
18.590,-2.405
38.341,-2.445
50.345,-2.472
61.670,-2.439
121.060,-2.471
122.430,-2.465
128.897,-2.386
174.133,-2.445
196.388,-2.445
201.215,-2.459
245.190,-2.482
271.743,-2.415
277.648,-2.422
47.768,-2.365
79.355,-2.410
103.659,-2.400
107.087,-2.332
118.588,-2.331
144.691,-2.326
208.237,-2.400
213.371,-2.365
243.125,-2.365
254.005,-2.372
264.684,-2.314
300.724,-2.349
52.754,-2.246
67.124,-2.272
68.747,-2.319
95.469,-2.317
160.224,-2.270
179.010,-2.294
186.971,-2.285
189.868,-2.298
218.552,-2.280
236.231,-2.330
258.012,-2.290
259.217,-2.263
273.137,-2.312
279.951,-2.315
281.144,-2.309
289.468,-2.314
39.617,-2.255
88.939,-2.181
113.340,-2.173
126.759,-2.143
139.015,-2.245
151.261,-2.140
180.358,-2.173
188.341,-2.250
203.731,-2.239
215.017,-2.205
223.356,-2.191
230.775,-2.218
249.658,-2.231
293.422,-2.189
28.762,-2.125
33.584,-2.106
51.375,-2.088
59.081,-2.170
60.235,-2.170
82.912,-2.154
92.740,-2.108
101.554,-2.132
130.130,-2.140
149.869,-2.139
163.864,-2.183
165.321,-2.151
175.294,-2.125
204.758,-2.183
211.681,-2.102
226.545,-2.139
232.666,-2.135
241.808,-2.162
255.352,-2.179
262.226,-2.163
263.399,-2.174
269.105,-2.165
298.473,-2.145
302.700,-2.175
310.041,-2.139
312.457,-2.185
10.646,-2.040
76.880,-2.045
84.114,-2.023
99.762,-2.042
112.059,-2.094
147.434,-2.089
176.832,-1.997
182.512,-2.018
194.552,-2.125
197.495,-2.032
219.928,-2.011
238.395,-2.101
267.777,-1.994
284.947,-2.041
297.201,-2.080
4.319,-1.989
15.997,-1.985
20.757,-1.977
57.853,-1.965
108.844,-1.987
110.870,-1.943
172.328,-1.986
239.492,-1.921
260.917,-1.943
282.198,-1.926
290.574,-1.965
306.513,-1.941
13.712,-1.899
19.410,-1.909
24.149,-1.874
35.328,-1.831
40.552,-1.832
75.641,-1.907
78.039,-1.929
85.799,-1.935
105.043,-1.894
135.956,-1.883
153.720,-1.925
155.081,-1.924
185.058,-1.936
191.086,-1.845
265.979,-1.922
286.175,-1.869
2.061,-1.568
8.231,-1.796
30.433,-1.682
43.777,-1.813
45.982,-1.788
117.275,-1.836
152.412,-1.864
202.536,-1.845
209.600,-1.885
224.491,-1.813
304.831,-1.824
308.968,-1.829
5.911,-1.795
11.695,-1.725
17.083,-1.725
22.713,-1.735
25.408,-1.737
49.516,-1.731
54.297,-1.708
74.395,-1.711
119.732,-1.702
141.580,-1.691
143.540,-1.691
146.043,-1.748
207.199,-1.731
227.693,-1.713
240.621,-1.692
250.648,-1.782
276.344,-1.697
278.828,-1.765
292.048,-1.668
299.501,-1.737
7.010,-1.709
41.881,-1.657
63.626,-1.650
81.448,-1.656
94.430,-1.657
114.476,-1.635
115.902,-1.664
127.893,-1.698
134.649,-1.652
156.158,-1.571
166.857,-1.621
168.231,-1.651
170.897,-1.635
256.916,-1.649
296.071,-1.626
9.527,-1.553
26.590,-1.569
64.838,-1.572
102.669,-1.546
140.149,-1.608
157.335,-1.600
158.654,-1.559
162.594,-1.634
169.410,-1.538
173.524,-1.552
183.632,-1.581
192.323,-1.565
205.870,-1.575
221.244,-1.535
235.012,-1.526
274.395,-1.586
294.746,-1.570
313.448,-1.605
36.478,-1.537
44.970,-1.511
86.990,-1.552
97.545,-1.511
98.784,-1.530
107.925,-1.518
133.460,-1.467
137.596,-1.492
193.425,-1.467
195.652,-1.534
198.535,-1.433
210.548,-1.405
212.704,-1.527
237.184,-1.544
253.222,-1.559
269.983,-1.513
283.318,-1.473
301.501,-1.518
311.411,-1.514
31.922,-1.445
47.180,-1.396
62.433,-1.376
91.654,-1.326
96.284,-1.417
123.014,-1.448
161.158,-1.431
181.260,-1.454
200.183,-1.344
214.056,-1.413
216.053,-1.437
217.418,-1.420
231.638,-1.411
233.707,-1.339
244.137,-1.432
247.004,-1.430
248.526,-1.439
251.810,-1.405
66.202,-1.319
80.229,-1.301
100.528,-1.363
132.212,-1.309
148.727,-1.350
177.981,-1.312
186.054,-1.336
228.755,-1.398
229.867,-1.337
245.442,-1.314
271.103,-1.279
287.467,-1.350
288.721,-1.360
303.624,-1.339
3.139,-1.139
14.709,-1.230
27.810,-1.266
37.430,-1.274
38.459,-1.294
48.266,-1.239
50.592,-1.261
55.975,-1.251
59.657,-1.245
69.486,-1.240
70.661,-1.158
71.890,-1.295
90.514,-1.305
104.151,-1.278
121.634,-1.293
124.286,-1.223
125.638,-1.248
130.862,-1.206
144.871,-1.201
164.438,-1.183
174.589,-1.238
187.491,-1.277
208.457,-1.231
222.471,-1.294
242.791,-1.186
254.520,-1.255
259.995,-1.268
273.676,-1.325
0.873,-1.245
18.315,-1.149
21.563,-1.180
34.382,-1.201
68.118,-1.205
73.331,-1.189
79.012,-1.211
109.868,-1.189
118.345,-1.194
138.643,-1.177
142.444,-1.199
160.101,-1.084
176.037,-1.136
179.011,-1.173
188.864,-1.165
201.421,-1.219
225.448,-1.229
249.678,-1.151
258.557,-1.149
264.876,-1.195
307.645,-1.057
3.942,-1.100
60.880,-1.129
106.720,-1.100
129.422,-1.106
236.042,-1.057
262.431,-0.993
272.919,-1.142
298.113,-1.085
12.838,-1.075
51.811,-1.010
58.473,-1.009
89.106,-0.999
147.603,-0.984
150.114,-1.062
151.304,-0.994
165.868,-0.965
171.849,-0.999
180.187,-1.007
190.201,-1.085
194.550,-1.050
196.988,-1.022
203.653,-0.987
218.886,-1.085
255.780,-1.039
263.581,-0.986
277.659,-0.978
281.400,-0.995
289.824,-1.012
293.218,-0.960
4.963,-0.980
29.269,-0.889
42.816,-0.920
53.080,-0.977
92.917,-0.961
101.784,-0.886
105.549,-0.927
111.202,-0.857
126.974,-0.856
136.629,-0.970
153.330,-0.936
182.329,-0.934
204.947,-0.930
226.667,-0.911
238.588,-0.858
241.548,-0.971
266.391,-0.879
268.952,-0.945
280.030,-0.986
296.951,-0.877
20.035,-0.896
33.205,-0.827
57.327,-0.813
76.414,-0.826
82.284,-0.820
84.879,-0.829
113.468,-0.896
154.785,-0.856
211.601,-0.870
223.730,-0.867
284.682,-0.857
300.268,-0.762
302.545,-0.757
305.861,-0.867
312.248,-0.863
39.487,-0.816
75.247,-0.774
77.773,-0.796
95.312,-0.812
112.381,-0.765
117.065,-0.734
120.177,-0.814
172.914,-0.750
215.084,-0.735
220.000,-0.828
232.612,-0.771
310.168,-0.805
10.440,-0.690
24.873,-0.747
83.720,-0.668
99.524,-0.685
108.627,-0.685
134.108,-0.662
135.334,-0.660
162.057,-0.714
170.111,-0.693
191.390,-0.705
202.484,-0.714
261.178,-0.657
275.278,-0.699
286.014,-0.695
291.048,-0.705
6.346,-0.623
8.610,-0.657
15.997,-0.602
23.621,-0.629
35.357,-0.621
103.197,-0.623
141.271,-0.625
158.157,-0.594
176.995,-0.636
184.840,-0.629
199.543,-0.656
209.583,-0.592
239.905,-0.563
252.652,-0.612
267.658,-0.636
26.035,-0.569
31.197,-0.578
40.457,-0.545
66.989,-0.556
115.602,-0.530
163.439,-0.508
167.481,-0.507
168.778,-0.550
207.467,-0.565
216.718,-0.559
221.420,-0.421
230.783,-0.532
250.646,-0.554
257.224,-0.541
282.476,-0.565
299.092,-0.555
313.339,-0.513
1.888,-0.428
11.720,-0.448
46.308,-0.503
49.603,-0.505
87.768,-0.481
96.876,-0.456
114.506,-0.445
128.360,-0.441
139.695,-0.502
143.572,-0.461
146.483,-0.480
156.993,-0.472
175.230,-0.445
186.739,-0.445
198.092,-0.433
234.479,-0.394
278.957,-0.440
295.545,-0.405
301.271,-0.406
308.678,-0.438
13.898,-0.371
22.462,-0.370
41.667,-0.417
54.349,-0.380
85.985,-0.351
183.360,-0.394
192.610,-0.405
243.688,-0.337
247.648,-0.351
17.194,-0.286
27.096,-0.270
36.838,-0.285
43.896,-0.285
62.975,-0.307
64.231,-0.293
65.562,-0.338
74.240,-0.311
81.211,-0.281
98.169,-0.279
122.359,-0.272
132.683,-0.279
152.287,-0.301
188.056,-0.316
195.526,-0.314
200.748,-0.272
217.874,-0.285
227.962,-0.349
246.189,-0.249
274.164,-0.277
276.397,-0.278
283.733,-0.227
311.091,-0.294
47.437,-0.205
89.999,-0.254
100.653,-0.234
137.486,-0.253
155.909,-0.187
159.393,-0.219
173.846,-0.256
180.926,-0.195
193.563,-0.277
212.728,-0.185
213.941,-0.271
224.762,-0.265
229.259,-0.265
236.911,-0.187
244.980,-0.183
253.897,-0.249
271.727,-0.213
287.962,-0.180
294.322,-0.251
37.999,-0.140
45.254,-0.130
61.668,-0.102
71.524,-0.137
73.049,-0.147
91.352,-0.180
94.041,-0.164
119.168,-0.127
123.640,-0.156
130.306,-0.169
148.504,-0.153
165.017,-0.113
206.225,-0.120
210.559,-0.170
222.629,-0.129
248.955,-0.142
270.324,-0.165
292.251,-0.154
303.582,-0.100
304.733,-0.167
4.033,-0.069
18.915,-0.081
28.495,-0.058
30.097,-0.026
50.875,-0.066
55.637,-0.076
78.676,-0.045
107.657,-0.037
138.567,-0.022
142.328,-0.036
160.958,-0.065
178.173,-0.085
179.580,-0.009
185.717,-0.010
255.198,-0.067
286.895,-0.103
289.067,-0.058
7.544,0.107
9.483,0.065
21.201,0.040
59.557,0.035
69.092,0.048
79.902,-0.006
104.847,0.074
106.244,0.013
110.250,0.021
121.190,0.038
126.165,0.033
144.541,0.031
171.090,0.051
190.697,0.006
233.429,-0.007
240.780,0.013
260.037,0.032
264.196,0.007
15.066,0.060
32.116,0.161
34.325,0.086
117.943,0.055
124.615,0.109
131.430,0.126
136.331,0.119
181.949,0.095
196.765,0.125
204.000,0.111
208.457,0.136
219.184,0.098
235.614,0.077
242.145,0.190
251.740,0.100
258.878,0.142
262.862,0.110
280.541,0.079
306.881,0.083
0.683,0.155
12.800,0.155
48.727,0.198
56.857,0.173
58.057,0.155
67.886,0.155
70.320,0.152
150.976,0.186
154.570,0.144
189.537,0.206
215.849,0.152
226.146,0.159
231.959,0.142
265.600,0.155
277.709,0.139
5.125,0.232
88.952,0.290
92.648,0.255
95.963,0.283
102.340,0.270
147.368,0.251
162.682,0.240
239.219,0.305
256.374,0.256
266.895,0.303
290.286,0.211
296.847,0.219
298.236,0.280
312.637,0.292
39.141,0.304
53.106,0.286
76.208,0.308
99.678,0.367
169.312,0.399
172.576,0.382
176.215,0.374
191.693,0.309
205.233,0.386
220.544,0.382
223.925,0.360
261.739,0.309
273.100,0.341
309.569,0.355
42.746,0.435
75.051,0.477
77.450,0.400
84.957,0.382
87.059,0.429
113.756,0.400
116.907,0.500
127.697,0.405
129.340,0.463
133.721,0.422
134.799,0.386
140.995,0.423
149.861,0.444
165.980,0.427
201.634,0.413
202.819,0.395
237.936,0.439
268.192,0.440
269.354,0.450
285.029,0.386
293.259,0.430
307.994,0.487
23.791,0.542
25.135,0.542
60.611,0.532
108.838,0.493
112.472,0.542
153.124,0.458
184.321,0.522
194.556,0.521
199.336,0.499
252.950,0.508
257.847,0.534
281.909,0.531
300.575,0.532
10.774,0.569
51.940,0.567
54.796,0.619
82.434,0.544
83.785,0.578
139.678,0.611
207.275,0.607
227.069,0.565
230.039,0.559
250.092,0.542
279.504,0.560
299.390,0.555
302.440,0.527
3.030,1.563
20.320,0.682
35.544,0.678
40.139,0.681
46.400,0.656
97.305,0.663
103.447,0.656
115.810,0.706
146.022,0.653
156.876,0.655
158.282,0.703
163.913,0.704
174.583,0.755
177.448,0.682
187.126,0.662
214.683,0.687
216.949,0.653
244.079,0.661
311.592,0.633
8.718,0.766
17.956,0.734
33.257,0.733
41.483,0.740
66.626,0.786
90.440,0.774
188.304,0.691
193.067,0.739
195.813,0.760
209.694,0.719
228.593,0.746
246.974,0.719
271.174,0.792
275.468,0.733
305.996,0.799
1.913,0.853
6.175,0.851
14.133,0.777
16.494,0.807
30.942,0.786
62.432,0.777
74.069,0.885
101.214,0.824
120.071,0.850
121.906,0.835
123.196,0.834
143.578,0.790
155.435,0.871
167.124,0.835
168.288,0.808
178.792,0.894
198.100,0.811
221.632,0.886
248.424,0.887
283.086,0.859
26.351,0.879
27.581,0.899
49.814,0.895
65.048,0.930
93.582,0.883
130.505,0.993
160.262,0.897
173.373,0.907
182.693,0.919
211.848,0.875
213.198,0.939
234.228,0.979
254.417,0.885
286.353,0.925
295.660,0.915
11.771,0.969
22.660,0.960
36.896,0.970
47.810,0.955
63.638,0.981
81.187,0.992
85.944,0.991
107.254,0.976
110.992,0.946
151.917,1.015
164.929,1.043
180.840,1.027
218.148,0.970
224.995,1.011
231.162,1.013
242.910,0.991
278.476,1.002
288.231,1.001
291.143,1.000
310.461,1.019
313.646,1.010
38.144,1.128
43.863,1.038
45.034,1.071
56.076,1.075
88.133,1.093
94.800,1.057
118.416,1.081
126.661,1.091
138.665,1.040
161.655,1.083
171.743,1.129
185.429,1.075
200.251,1.048
206.312,1.055
222.883,1.034
232.838,1.055
240.145,1.081
241.305,1.150
245.396,1.088
260.791,1.004
274.241,1.057
277.004,1.056
303.578,1.077
304.691,1.035
68.876,1.155
79.582,1.124
91.624,1.115
132.838,1.132
135.621,1.155
136.963,1.133
142.569,1.132
148.227,1.124
154.127,1.194
190.716,1.161
236.485,1.175
284.150,1.161
289.471,1.138
4.322,1.206
13.062,1.224
15.236,1.240
19.110,1.249
29.682,1.204
50.898,1.160
53.848,1.250
71.362,1.191
72.832,1.309
98.567,1.202
104.647,1.254
106.011,1.215
114.674,1.228
170.629,1.235
208.532,1.230
219.641,1.235
251.447,1.250
259.362,1.255
264.619,1.232
272.234,1.232
292.299,1.195
294.402,1.191
32.023,1.334
34.229,1.310
58.710,1.275
61.417,1.378
78.324,1.273
124.195,1.274
125.468,1.252
128.290,1.320
147.051,1.343
189.427,1.298
197.084,1.267
204.080,1.304
255.628,1.287
256.968,1.334
270.040,1.286
280.706,1.315
21.272,1.370
67.654,1.422
70.085,1.425
76.935,1.416
96.201,1.392
109.826,1.356
144.576,1.418
150.637,1.358
159.255,1.389
210.607,1.354
238.738,1.347
263.274,1.359
9.868,1.466
52.724,1.475
57.410,1.435
99.986,1.517
108.381,1.492
131.536,1.509
149.309,1.523
157.426,1.470
166.041,1.483
175.998,1.450
191.716,1.424
202.743,1.498
226.242,1.453
261.936,1.470
265.943,1.435
267.424,1.501
307.220,1.420
60.130,1.597
84.651,1.555
89.363,1.504
102.244,1.575
113.333,1.507
120.994,1.535
134.269,1.549
194.002,1.504
215.698,1.555
229.623,1.555
235.430,1.565
301.189,1.504
309.069,1.584
0.963,1.679
7.598,1.603
28.507,1.608
39.290,1.598
55.128,1.625
111.975,1.715
116.873,1.620
129.469,1.649
139.903,1.586
162.743,1.591
179.811,1.655
205.227,1.619
207.359,1.615
223.998,1.621
237.603,1.602
249.333,1.622
252.581,1.612
268.822,1.648
297.335,1.572
298.476,1.595
312.787,1.661
17.362,1.653
42.750,1.727
75.886,1.748
82.210,1.680
97.613,1.775
141.285,1.718
156.267,1.699
176.997,1.766
186.456,1.695
199.280,1.704
214.066,1.754
250.510,1.708
285.237,1.686
287.089,1.725
293.281,1.740
24.596,1.761
41.521,1.761
83.462,1.768
86.928,1.779
92.929,1.833
103.621,1.803
169.222,1.739
181.940,1.779
184.486,1.797
187.543,1.825
201.454,1.734
212.381,1.811
217.067,1.775
220.584,1.783
227.241,1.760
247.504,1.791
258.393,1.808
279.753,1.864
300.078,1.745
302.540,1.779
5.214,1.852
10.919,1.815
23.279,1.914
119.633,1.886
122.523,1.872
137.711,1.893
152.787,1.884
163.887,1.875
168.123,1.987
192.648,1.875
253.743,1.863
273.292,1.931
275.916,1.867
290.469,1.830
33.026,1.902
46.368,1.955
66.174,1.946
74.781,1.905
80.420,1.922
145.979,1.970
173.943,1.928
175.010,1.915
183.204,1.990
198.091,1.980
232.073,1.953
233.639,1.955
271.139,1.961
281.986,1.930
311.621,1.900
14.544,2.061
27.148,2.048
40.457,1.995
47.808,2.035
107.092,2.064
115.695,1.995
127.203,2.082
143.695,2.041
158.422,2.104
166.965,2.068
172.890,2.057
178.508,2.063
243.891,1.995
246.211,1.980
283.151,2.003
1.969,2.244
8.765,2.090
16.013,2.115
35.730,2.140
48.944,2.165
73.610,2.121
90.552,2.083
195.259,2.084
218.403,2.076
225.143,2.125
228.492,2.088
277.881,2.094
305.124,2.065
306.286,2.066
12.175,2.169
19.904,2.207
36.855,2.144
51.413,2.228
64.930,2.142
94.028,2.197
99.127,2.222
110.852,2.135
118.400,2.195
123.702,2.228
160.840,2.137
171.606,2.213
190.206,2.224
208.992,2.165
230.554,2.189
242.238,2.150
260.111,2.139
295.925,2.195
30.692,2.216
50.324,2.252
56.455,2.275
85.630,2.261
88.097,2.297
130.631,2.240
133.100,2.310
142.552,2.305
154.966,2.211
165.279,2.289
206.280,2.283
219.621,2.349
239.659,2.223
240.831,2.257
255.036,2.297
274.332,2.317
284.293,2.281
288.418,2.308
291.481,2.337
308.094,2.246
25.870,2.346
33.994,2.421
44.138,2.303
45.335,2.370
53.259,2.341
60.951,2.408
62.251,2.311
63.618,2.288
68.349,2.355
77.893,2.345
101.251,2.379
104.762,2.315
109.435,2.391
124.897,2.295
126.117,2.343
128.403,2.392
138.927,2.351
151.584,2.320
188.891,2.361
221.788,2.342
222.995,2.305
264.037,2.339
265.257,2.422
303.810,2.315
310.142,2.322
313.770,2.349
29.223,2.423
37.979,2.441
54.350,2.450
79.236,2.380
91.802,2.435
136.457,2.415
148.305,2.367
170.400,2.385
196.768,2.413
211.372,2.410
286.133,2.447
4.180,2.572
22.187,2.562
31.962,2.496
69.597,2.493
72.246,2.488
81.450,2.469
105.831,2.501
135.030,2.536
150.248,2.541
162.016,2.511
181.037,2.517
185.340,2.501
191.238,2.528
204.002,2.467
234.618,2.518
235.977,2.506
238.412,2.515
256.269,2.465
262.513,2.566
266.477,2.549
267.866,2.499
270.066,2.506
276.904,2.478
280.835,2.510
299.165,2.498
10.053,2.591
13.481,2.612
18.484,2.545
57.801,2.626
84.352,2.605
95.619,2.555
96.860,2.609
108.158,2.597
117.375,2.567
121.677,2.635
159.976,2.677
200.384,2.559
207.774,2.602
210.151,2.546
215.088,2.667
248.699,2.633
251.678,2.592
257.504,2.599
261.356,2.626
289.516,2.593
294.583,2.645
6.320,2.664
67.089,2.648
70.905,2.633
113.562,2.675
146.957,2.634
153.729,2.650
157.398,2.687
216.270,2.658
226.264,2.657
237.153,2.653
20.950,2.741
76.800,2.715
102.590,2.692
114.776,2.730
140.128,2.768
175.980,2.730
194.267,2.810
205.213,2.777
213.864,2.755
245.034,2.706
249.799,2.762
272.081,2.783
300.531,2.760
301.713,2.757
7.543,2.800
16.974,2.835
39.712,2.823
41.676,2.875
42.867,2.809
82.708,2.809
89.504,2.839
129.587,2.837
131.810,2.830
144.638,2.775
177.462,2.863
179.843,2.831
202.740,2.795
253.195,2.826
268.929,2.864
278.930,2.840
292.738,2.811
296.963,2.824
309.105,2.804
312.614,2.835
11.351,2.855
27.925,2.938
55.449,2.884
98.037,2.871
134.056,2.948
163.083,2.881
164.394,2.905
198.999,2.898
201.573,2.902
212.604,2.950
220.893,2.920
224.071,2.861
229.571,2.927
232.838,2.875
259.128,2.932
0.923,2.986
15.313,2.967
47.197,3.001
52.269,2.950
58.937,2.973
75.583,3.001
86.970,3.046
100.229,3.013
112.211,2.946
116.140,3.033
119.446,2.953
166.210,2.979
183.843,2.980
186.587,2.944
187.722,3.050
193.127,2.978
302.852,3.019
307.153,3.031
93.107,3.068
94.608,3.090
145.922,3.087
155.890,3.075
168.666,3.118
182.000,3.070
217.526,3.022
247.490,3.056
283.059,3.081
285.232,3.069
287.331,3.178
3.048,3.075
5.220,3.173
40.684,3.089
49.746,3.147
80.300,3.099
141.367,3.094
143.534,3.167
149.210,3.155
167.532,3.177
174.785,3.155
197.769,3.120
231.597,3.182
273.067,3.095
290.476,3.128
311.467,3.165
24.421,3.221
32.958,3.242
34.878,3.186
74.367,3.208
120.720,3.304
122.866,3.234
137.426,3.221
152.498,3.190
172.304,3.204
173.700,3.257
192.078,3.221
195.769,3.173
206.781,3.183
225.108,3.241
241.379,3.270
243.141,3.186
254.270,3.213
270.991,3.204
275.621,3.221
8.812,3.319
23.087,3.310
46.094,3.291
61.600,3.283
90.851,3.342
104.108,3.267
124.267,3.331
126.986,3.320
158.646,3.408
228.419,3.302
306.049,3.319
19.505,3.363
30.052,3.383
38.790,3.428
48.606,3.436
50.817,3.384
56.933,3.388
60.114,3.362
62.859,3.365
64.171,3.356
65.221,3.384
73.022,3.417
88.477,3.384
125.488,3.395
128.121,3.420
147.791,3.401
154.626,3.395
171.120,3.395
178.646,3.347
189.257,3.432
222.938,3.405
227.238,3.399
240.032,3.334
246.136,3.363
281.832,3.359
295.677,3.433
12.469,3.474
14.355,3.491
26.741,3.435
37.313,3.446
43.806,3.439
83.657,3.459
85.927,3.453
99.163,3.443
111.086,3.515
118.429,3.475
130.735,3.441
190.613,3.484
209.373,3.480
210.952,3.453
219.444,3.427
233.849,3.477
255.488,3.466
260.554,3.480
264.454,3.505
265.681,3.524
277.879,3.475
284.174,3.481
304.493,3.455
36.079,3.577
44.912,3.505
106.284,3.545
107.432,3.524
135.959,3.573
138.540,3.582
142.506,3.531
161.092,3.566
170.013,3.553
236.419,3.595
250.805,3.507
267.336,3.540
274.253,3.558
298.282,3.517
308.211,3.526
310.132,3.522
1.714,3.595
3.245,4.094
17.956,3.630
25.603,3.631
68.901,3.641
70.516,3.617
79.121,3.641
101.723,3.590
133.006,3.647
184.821,3.681
204.205,3.639
207.959,3.641
221.853,3.650
235.281,3.571
238.833,3.631
244.316,3.609
262.036,3.673
263.270,3.602
276.677,3.663
280.486,3.650
291.879,3.647
313.588,3.619
71.941,3.690
77.839,3.698
105.062,3.750
109.914,3.735
150.288,3.687
176.631,3.701
181.030,3.688
200.226,3.675
237.605,3.721
252.190,3.675
299.521,3.693
10.480,3.738
20.495,3.835
31.600,3.795
33.932,3.808
53.148,3.836
66.345,3.742
81.789,3.733
113.831,3.788
145.044,3.839
151.609,3.902
162.223,3.832
196.819,3.767
230.470,3.825
256.626,3.806
269.811,3.789
288.313,3.784
293.414,3.816
21.675,3.811
42.311,3.871
54.587,3.881
67.636,3.846
91.964,3.863
95.425,3.973
96.760,3.882
108.712,3.811
115.100,3.894
153.475,3.853
156.762,3.835
157.735,3.890
163.699,3.856
175.571,3.919
183.119,3.869
205.444,3.884
214.591,3.909
216.148,3.861
226.169,3.875
257.942,3.887
286.267,3.853
300.960,3.867
28.940,3.939
76.497,3.981
84.949,3.935
102.895,3.909
117.333,3.915
140.064,4.011
146.830,4.001
159.958,3.969
165.397,3.922
193.842,3.933
194.951,3.919
211.979,3.997
218.021,3.940
248.417,3.945
249.562,3.915
268.495,3.980
272.083,3.968
296.724,3.915
303.436,3.982
4.416,4.004
6.950,4.027
15.855,4.022
55.962,4.019
58.073,4.061
97.905,4.003
129.043,4.087
134.499,4.039
179.754,4.042
185.908,4.032
220.629,3.996
224.055,4.023
289.412,4.018
302.175,4.056
94.061,4.071
131.700,4.143
155.600,4.121
166.594,4.131
188.492,4.159
198.960,4.087
201.486,4.085
213.350,4.094
229.225,4.117
232.416,4.070
242.323,4.136
47.051,4.183
51.848,4.183
87.508,4.168
116.290,4.228
119.347,4.155
123.467,4.155
141.489,4.157
172.990,4.168
187.090,4.141
191.617,4.242
202.789,4.171
206.784,4.161
245.395,4.252
247.046,4.224
259.276,4.155
309.149,4.175
312.175,4.194
0.833,4.231
5.749,4.233
11.609,4.208
13.402,4.357
16.938,4.248
27.650,4.264
41.032,4.271
59.254,4.254
60.821,4.246
75.110,4.281
89.600,4.215
111.929,4.309
192.653,4.235
266.473,4.248
273.034,4.235
279.316,4.251
306.782,4.284
311.005,4.268
49.795,4.381
80.218,4.355
100.796,4.354
122.279,4.296
124.651,4.403
137.000,4.332
143.487,4.328
177.667,4.298
182.043,4.360
253.294,4.363
254.508,4.360
290.978,4.331
8.044,4.388
9.435,4.389
22.851,4.416
24.036,4.435
30.611,4.451
63.453,4.445
73.864,4.418
127.505,4.378
149.047,4.450
168.429,4.414
171.931,4.449
210.176,4.457
225.031,4.408
228.178,4.471
233.486,4.395
271.048,4.423
282.816,4.449
285.212,4.376
294.627,4.400
297.785,4.399
39.720,4.483
45.746,4.481
103.987,4.600
120.763,4.463
126.002,4.526
130.169,4.493
158.821,4.554
178.637,4.562
189.787,4.496
197.867,4.558
216.992,4.581
222.828,4.535
239.738,4.506
241.033,4.469
275.208,4.510
14.734,4.587
19.475,4.621
26.399,4.609
38.437,4.621
44.257,4.625
57.141,4.602
62.242,4.573
72.784,4.574
82.627,4.579
84.041,4.595
90.818,4.601
133.524,4.635
145.903,4.607
147.867,4.579
169.579,4.568
170.926,4.612
208.977,4.609
219.397,4.604
234.592,4.567
236.854,4.581
260.455,4.611
265.143,4.539
281.559,4.624
305.410,4.555
33.122,4.624
37.123,4.677
48.647,4.648
65.067,4.621
69.794,4.655
78.608,4.683
88.649,4.628
174.440,4.650
207.899,4.695
243.570,4.672
284.054,4.708
287.459,4.673
307.871,4.658
34.663,4.787
43.086,4.685
71.362,4.733
86.220,4.737
102.068,4.828
107.055,4.743
118.057,4.715
142.478,4.760
152.928,4.767
154.080,4.776
160.654,4.766
183.961,4.758
204.302,4.745
221.728,4.796
227.052,4.748
235.831,4.749
250.390,4.707
255.663,4.775
261.541,4.779
262.822,4.753
267.659,4.750
276.424,4.760
278.030,4.803
292.344,4.745
298.895,4.770
304.324,4.698
18.128,4.811
25.029,4.795
31.989,4.948
92.475,4.828
98.970,4.840
105.693,4.814
108.210,4.855
110.799,4.808
137.984,4.814
164.484,4.857
181.024,4.839
185.196,4.877
195.678,4.784
199.685,4.823
231.465,4.830
251.579,4.816
263.951,4.859
273.959,4.854
295.702,4.816
35.850,4.871
53.840,4.942
77.402,4.904
81.254,4.898
109.554,4.955
113.006,4.921
135.938,4.937
161.741,4.898
162.935,4.893
176.263,4.950
200.747,4.878
211.183,4.924
214.974,4.898
249.105,4.945
280.417,4.939
300.155,4.885
313.448,4.881
20.971,5.012
50.932,4.984
52.728,4.955
55.313,4.951
68.471,5.003
96.569,5.054
139.087,5.026
144.537,4.951
149.981,4.979
151.551,5.029
205.730,5.023
230.136,4.950
269.432,4.965
309.987,5.028
1.752,5.044
12.426,5.093
66.085,5.065
114.403,5.058
132.515,5.117
155.230,5.107
156.679,5.039
190.824,5.093
194.582,5.105
238.700,5.088
246.300,5.024
257.031,5.022
258.362,5.089
10.758,5.173
67.440,5.107
85.063,5.160
93.774,5.183
119.426,5.258
140.818,5.219
166.095,5.123
167.398,5.135
187.738,5.173
193.145,5.178
212.481,5.170
286.322,5.155
303.199,5.177
4.914,5.170
97.809,5.180
131.330,5.235
146.836,5.214
159.621,5.229
186.238,5.310
189.007,5.257
196.912,5.269
218.329,5.247
220.461,5.199
225.870,5.263
244.769,5.181
247.810,5.167
301.703,5.183
47.467,5.329
75.888,5.281
79.591,5.307
100.272,5.320
117.181,5.315
128.801,5.270
157.981,5.360
173.144,5.243
179.642,5.287
201.914,5.263
213.867,5.302
224.331,5.318
232.779,5.271
237.568,5.364
242.100,5.348
271.922,5.342
293.722,5.341
16.255,5.415
22.064,5.399
28.275,5.435
29.496,5.370
30.892,5.473
42.019,5.395
58.510,5.403
60.059,5.344
95.370,5.344
115.579,5.375
123.349,5.346
126.969,5.401
134.839,5.381
170.313,5.458
198.700,5.397
203.245,5.406
206.968,5.409
288.346,5.433
289.566,5.393
306.306,5.407
308.854,5.374
312.417,5.327
7.139,5.426
23.305,5.470
61.293,5.473
87.345,5.447
89.825,5.482
121.863,5.431
191.903,5.424
229.088,5.449
311.082,5.495
0.914,5.485
3.694,5.520
6.019,5.565
8.505,5.560
13.788,5.521
27.147,5.553
39.627,5.596
40.796,5.534
64.072,5.592
72.254,5.524
73.414,5.547
74.654,5.517
103.200,5.528
111.866,5.541
120.699,5.597
124.556,5.518
136.970,5.530
143.429,5.519
175.331,5.572
177.351,5.555
183.092,5.555
215.889,5.520
233.922,5.528
252.610,5.544
254.816,5.571
259.569,5.534
270.630,5.560
273.063,5.539
285.136,5.577
291.197,5.569
296.580,5.555
33.739,5.655
44.876,5.635
46.252,5.621
56.119,5.661
70.517,5.618
227.964,5.665
253.638,5.595
260.883,5.692
268.440,5.623
297.952,5.632
14.968,5.715
17.246,5.678
18.930,5.670
20.057,5.680
25.895,5.717
36.549,5.747
38.470,5.689
62.735,5.716
125.678,5.698
130.041,5.702
169.031,5.693
171.567,5.724
209.333,5.710
210.495,5.680
217.043,5.746
241.016,5.715
274.625,5.665
275.820,5.794
277.161,5.715
278.714,5.697
282.750,5.677
9.716,5.804
35.053,5.789
51.906,5.795
57.373,5.776
69.331,5.820
82.200,5.775
83.698,5.759
91.162,5.772
101.482,5.776
147.889,5.854
149.288,5.793
174.280,5.767
178.525,5.840
181.822,5.803
208.083,5.739
219.313,5.812
222.935,5.752
235.026,5.769
236.351,5.777
250.177,5.841
256.112,5.824
265.792,5.769
294.950,5.793
24.467,5.872
32.593,5.881
49.937,5.869
76.894,5.863
88.513,5.898
118.248,5.892
133.619,5.853
139.790,5.923
155.983,5.890
163.696,5.853
165.215,5.930
221.811,5.876
239.826,5.884
243.191,5.887
267.232,5.835
292.401,5.844
299.407,5.875
304.144,5.841
307.619,5.835
2.231,5.932
43.356,5.931
48.855,5.913
65.300,5.978
78.281,5.955
80.610,5.955
86.239,5.906
110.797,5.943
142.168,5.949
150.778,5.915
153.410,5.968
184.796,5.965
195.503,5.930
199.742,6.000
201.085,5.962
204.664,5.996
245.681,6.000
251.431,5.962
262.133,5.925
263.257,5.990
281.140,5.921
283.947,5.943
300.813,5.934
11.804,5.979
92.711,6.042
107.122,6.048
109.689,6.078
128.020,6.071
138.172,6.051
146.130,6.046
154.416,6.077
161.322,6.129
162.412,6.056
180.495,5.995
226.867,6.020
248.683,6.095
264.540,6.048
280.059,5.973
53.067,6.075
54.430,6.073
66.860,6.115
68.150,6.098
94.383,6.146
104.457,6.075
108.421,6.064
112.800,6.047
113.872,6.131
135.948,6.103
152.229,6.115
160.269,6.094
176.357,6.125
188.361,6.181
194.111,6.126
211.848,6.075
214.621,6.162
247.329,6.110
96.782,6.170
105.936,6.155
116.423,6.262
158.937,6.220
166.848,6.201
187.171,6.288
189.733,6.195
213.141,6.222
231.273,6.179
258.607,6.165
269.695,6.214
287.363,6.205
99.310,6.280
172.610,6.235
191.040,6.275
192.765,6.278
198.043,6.275
205.954,6.269
230.093,6.229
238.547,6.248
244.352,6.252
257.299,6.215
302.448,6.231
310.037,6.226
119.661,6.349
132.475,6.392
186.014,6.333
196.577,6.328
220.860,6.333
224.959,6.303
286.094,6.331
305.245,6.301
18.085,6.485
30.349,6.438
84.840,6.471
115.089,6.453
131.344,6.408
141.218,6.470
157.562,6.420
202.695,6.398
233.012,6.435
288.613,6.469
308.817,6.471
312.610,6.395
313.723,6.470
4.956,6.526
12.911,6.470
22.816,6.453
51.010,6.550
58.266,6.534
60.497,6.580
71.573,6.583
75.441,6.482
98.145,6.511
123.360,6.532
145.181,6.487
168.262,6.521
223.902,6.511
271.502,6.515
293.298,6.504
311.388,6.495
10.732,6.565
19.315,6.656
25.276,6.666
26.639,6.600
27.872,6.625
29.103,6.570
31.809,6.581
37.451,6.612
45.471,6.586
48.038,6.567
61.860,6.580
83.023,6.647
129.047,6.648
134.857,6.626
137.145,6.568
143.372,6.582
169.896,6.608
207.182,6.551
218.322,6.545
237.412,6.588
273.829,6.602
1.403,6.675
2.552,6.675
3.901,6.724
14.042,6.701
16.572,6.714
21.604,6.617
42.009,6.624
59.390,6.635
70.110,6.717
72.877,6.672
79.560,6.631
95.807,6.653
100.451,6.642
120.990,6.595
122.140,6.691
126.936,6.620
171.027,6.682
183.885,6.671
216.059,6.690
228.920,6.677
234.170,6.675
253.900,6.712
272.576,6.664
278.018,6.622
282.107,6.749
289.922,6.670
6.312,6.789
20.456,6.723
35.937,6.817
39.174,6.755
46.805,6.745
63.331,6.730
74.355,6.715
81.341,6.821
87.464,6.762
91.831,6.787
117.447,6.766
124.604,6.741
125.790,6.755
173.734,6.776
177.358,6.805
182.661,6.786
252.607,6.767
255.238,6.752
291.382,6.789
295.848,6.699
297.395,6.753
303.352,6.739
306.433,6.736
7.532,6.832
15.117,6.861
55.457,6.924
56.669,6.819
64.532,6.886
90.490,6.781
103.688,7.217
111.732,6.808
148.762,6.795
208.585,6.829
211.009,6.818
235.430,6.800
246.438,6.875
259.657,6.784
263.865,6.960
276.274,6.880
284.760,6.886
298.503,6.872
300.077,6.818
9.169,6.981
40.347,6.902
44.304,6.888
65.664,7.465
76.607,6.989
86.255,6.881
88.793,6.923
121.219,6.915
130.173,6.921
155.537,6.901
164.477,6.947
165.860,6.917
181.156,6.943
209.809,6.890
219.558,6.915
227.759,6.963
240.620,6.905
242.135,6.840
249.378,6.895
261.068,6.918
262.499,6.954
294.622,6.896
307.315,7.570
2.914,7.531
33.166,6.966
34.254,6.999
68.878,7.028
78.013,7.360
138.804,7.107
140.000,6.995
151.462,6.971
163.268,6.991
175.153,6.926
195.600,6.974
201.733,6.986
217.302,6.995
226.206,6.959
251.125,7.040
256.466,7.041
267.659,7.021
275.070,7.020
283.124,7.004
301.599,7.022
53.795,7.131
67.419,7.100
93.395,7.187
101.726,7.075
120.267,7.035
146.667,7.062
147.636,7.024
150.112,7.020
152.933,7.087
154.212,7.020
156.686,7.059
167.414,7.170
190.368,7.091
191.809,7.098
199.202,7.111
200.550,7.024
203.806,7.048
212.299,7.048
213.953,7.081
222.593,7.067
239.291,7.129
243.425,7.040
247.962,7.052
268.803,7.054
270.489,7.122
279.441,7.145
283.939,8.299
23.557,7.290
119.283,7.535
133.922,7.104
136.283,7.293
142.271,7.209
189.119,7.177
232.072,7.148
244.892,7.183
258.046,7.207
265.087,7.176
266.286,7.106
280.713,7.124
27.513,7.478
108.044,7.355
110.518,7.235
112.825,7.247
159.566,7.254
161.611,7.254
176.258,7.235
178.779,7.230
180.024,7.214
185.211,7.244
205.064,7.173
12.214,7.420
48.853,7.353
49.884,7.327
99.319,7.350
127.814,7.362
144.251,7.263
172.208,7.266
186.438,7.307
187.793,7.296
194.284,7.302
215.084,7.302
225.124,7.352
230.131,7.321
292.613,7.470
43.192,7.415
52.696,7.414
54.857,7.315
96.813,7.413
105.714,7.331
109.361,7.394
158.440,7.420
160.592,7.364
196.744,7.376
236.787,7.390
286.763,7.495
29.903,7.558
38.130,7.683
60.080,7.613
80.374,7.514
84.206,7.510
94.612,7.470
106.833,7.464
114.069,7.469
168.909,7.545
206.331,7.481
285.621,7.801
296.476,7.461
309.096,7.666
312.000,7.549
13.442,7.736
31.082,7.555
98.016,7.510
122.763,7.806
132.840,7.611
233.164,7.565
304.310,7.579
313.247,7.673
17.931,7.915
20.195,8.500
28.535,7.700
35.117,7.695
51.561,7.795
71.407,7.874
91.312,7.833
115.306,7.727
135.297,7.815
140.901,7.839
145.718,7.664
242.078,7.932
277.803,7.779
0.610,7.689
4.568,7.864
8.354,7.851
24.515,7.781
25.799,8.182
36.822,7.766
46.171,7.705
47.546,7.838
57.567,7.773
62.089,7.852
70.118,7.713
73.795,7.908
92.221,8.509
116.602,7.720
121.206,7.813
137.606,7.799
197.873,7.655
221.099,7.745
223.767,7.768
238.058,7.747
245.562,7.737
252.407,7.768
263.307,8.080
288.087,8.461
289.320,7.985
302.638,7.739
305.922,8.475
310.529,7.724
5.795,7.865
15.893,8.003
40.852,7.834
44.988,7.810
54.703,8.048
56.533,7.715
64.228,8.084
72.643,7.872
76.003,8.342
79.898,8.603
82.272,8.007
89.694,7.815
100.961,7.921
105.222,8.235
112.229,7.715
117.953,8.112
125.627,8.475
126.556,7.889
170.283,7.905
173.779,7.983
193.317,7.842
207.355,7.778
216.323,7.778
218.858,7.764
253.428,7.841
257.688,7.878
260.436,7.751
290.562,7.931
299.898,7.923
11.192,7.923
14.827,8.468
21.243,7.938
22.439,7.844
39.628,7.969
42.153,7.949
85.584,7.835
124.170,7.881
129.037,7.892
131.490,7.830
153.765,8.028
157.429,7.863
172.495,7.795
177.838,7.934
228.888,7.908
234.286,7.902
247.255,7.970
254.586,8.626
257.105,7.875
259.142,7.856
261.769,7.966
268.285,8.218
272.462,7.843
282.133,7.795
282.723,8.039
291.352,7.795
294.636,7.987
1.536,8.048
6.916,8.179
32.152,7.936
58.893,7.930
66.844,8.021
78.400,7.875
87.109,7.937
88.152,7.986
95.754,7.946
149.552,7.955
162.671,8.116
166.549,7.957
183.240,7.989
209.316,8.035
217.670,7.931
227.336,8.003
231.142,7.962
235.652,8.005
248.742,7.934
271.278,8.028
273.829,7.944
275.626,8.061
297.529,8.045
10.095,7.991
20.419,7.955
33.982,8.041
130.155,8.013
139.644,8.058
143.316,8.040
148.106,7.968
150.806,8.035
152.286,8.088
156.081,8.074
165.096,7.998
180.929,8.067
182.134,7.973
189.712,8.088
202.974,8.074
212.952,7.975
240.359,8.120
244.010,8.115
250.122,8.551
255.942,8.155
264.373,8.189
267.102,8.111
280.984,8.681
309.750,8.054
27.352,8.035
41.448,8.035
56.110,8.135
108.589,8.080
146.900,8.162
155.124,8.035
163.778,8.130
171.608,8.269
192.241,8.082
200.277,8.119
201.568,8.133
226.159,8.115
262.705,8.035
269.664,8.306
67.681,8.758
175.681,8.214
188.491,8.228
191.001,8.179
194.765,8.216
195.931,8.242
210.534,8.140
214.170,8.176
219.967,8.163
222.230,8.191
265.805,8.270
301.552,8.565
50.425,8.407
134.121,8.336
161.472,8.327
167.767,8.296
179.193,8.337
184.546,8.258
187.166,8.225
204.232,8.284
211.801,8.275
263.695,8.235
27.867,8.859
60.554,8.730
118.705,8.275
160.070,8.335
185.941,8.382
205.490,8.355
224.896,8.382
232.208,8.313
291.870,8.667
293.156,8.617
303.802,8.824
308.356,8.360
51.495,8.858
69.254,8.616
90.626,8.878
102.737,8.586
107.048,8.355
35.816,8.801
77.593,8.515
100.064,8.567
123.986,8.871
154.836,8.497
215.464,8.561
239.240,8.622
258.485,8.989
276.719,8.468
13.707,8.779
24.294,8.820
26.607,8.750
93.695,8.813
110.709,8.635
120.990,8.704
136.493,8.589
158.784,8.598
199.008,8.551
230.019,8.555
236.954,8.728
279.522,8.597
307.650,8.805
3.756,8.876
7.855,8.789
33.014,8.938
38.020,8.871
98.057,8.595
119.358,8.855
177.165,8.762
278.325,8.876
286.313,9.013
302.400,8.595
311.301,8.787
22.889,8.898
30.574,8.824
44.233,8.778
48.533,8.675
49.352,8.890
56.832,8.879
58.020,8.801
101.540,8.847
116.134,8.776
132.274,8.906
142.357,8.761
144.421,8.715
244.773,9.092
246.463,8.866
298.373,9.061
313.067,8.675
313.989,8.886
9.099,8.991
10.979,9.027
19.004,8.951
59.340,8.927
88.495,8.875
96.367,8.883
127.400,8.871
173.047,8.992
281.961,9.113
290.461,9.055
312.483,8.941
21.509,9.007
29.282,8.972
55.377,9.018
64.843,9.088
70.410,9.026
72.747,9.010
83.687,8.942
89.295,8.990
95.173,9.024
97.653,9.007
98.932,9.031
105.728,8.934
113.535,9.007
122.263,8.971
138.563,8.968
156.746,8.945
247.761,9.031
253.206,9.069
277.333,8.835
304.990,8.979
2.510,8.992
5.004,9.086
12.460,9.034
34.960,9.050
40.325,8.988
47.897,9.020
62.203,8.975
66.047,8.994
74.027,9.049
78.208,9.082
82.260,9.098
85.790,8.915
86.600,9.003
103.980,9.025
117.441,9.088
141.237,9.013
145.627,8.989
148.920,9.044
217.613,9.088
233.277,9.001
234.486,9.060
252.096,9.023
261.266,9.038
268.917,9.070
296.162,9.081
310.287,8.987
1.369,9.155
6.157,9.132
16.540,9.051
17.568,9.068
31.695,9.075
41.592,9.074
43.112,9.048
45.399,9.059
46.709,9.060
52.771,9.061
53.914,9.072
63.344,9.065
75.175,9.067
84.907,9.075
87.771,9.080
107.614,9.088
115.275,9.409
128.460,9.158
129.573,9.043
130.948,9.053
165.808,9.094
168.723,9.057
174.575,9.169
192.849,9.144
197.676,9.099
235.846,9.145
238.136,9.222
241.918,9.130
266.526,9.178
267.705,9.147
274.590,8.995
294.539,9.076
299.630,9.088
302.786,9.281
309.261,9.103
71.543,9.123
133.318,9.118
135.276,9.195
150.285,9.178
155.438,9.221
176.238,9.222
179.878,9.198
202.133,9.217
206.125,9.285
216.495,9.172
262.560,9.210
271.666,9.149
275.312,9.205
276.613,9.278
289.238,9.262
112.099,9.242
137.370,9.255
147.819,9.217
151.585,9.258
154.171,9.247
162.120,9.223
163.339,9.253
169.942,9.276
181.196,9.292
183.820,9.272
189.294,9.268
191.658,9.268
196.435,9.297
200.841,9.231
207.313,9.226
219.021,9.268
222.815,9.206
225.567,9.252
227.025,9.245
228.560,9.254
243.121,9.309
255.807,9.333
263.789,9.266
272.928,9.187
300.717,9.216
108.950,9.268
134.705,9.235
140.102,9.283
143.404,9.368
146.699,9.257
152.891,9.292
159.552,9.374
160.982,9.369
167.027,9.365
171.177,9.347
178.299,9.376
182.522,9.334
190.539,9.351
194.171,9.251
195.245,9.315
199.695,9.327
203.447,9.400
208.662,9.346
209.827,9.324
211.124,9.308
221.507,9.278
224.241,9.311
230.804,9.374
240.393,9.321
250.765,9.377
265.206,9.248
270.307,9.327
274.041,9.311
123.733,9.315
157.752,9.372
164.645,9.381
185.262,9.378
186.762,9.380
188.004,9.369
212.285,9.459
213.472,9.406
214.590,9.395
220.265,9.390
232.086,9.404
85.867,9.395
106.167,9.536
258.171,9.435
100.632,9.760
204.904,9.543
236.782,9.529
248.305,9.475
68.495,9.555
238.933,9.635
245.638,9.555
158.324,9.635
229.790,9.888
260.648,9.635
3.855,9.827
81.371,9.755
110.902,9.874
117.829,9.795
9.721,9.905
96.457,9.826
126.705,9.795
148.343,9.795
245.105,9.795
28.724,9.875
30.933,9.892
67.505,9.875
72.229,9.892
284.656,9.928
297.336,9.910
58.819,9.955
61.105,9.955
124.952,9.955
139.276,9.955
279.176,10.072
301.732,10.000
105.067,10.035
202.857,10.115
238.705,10.035
247.022,10.231
261.151,10.115
293.257,10.035
11.886,10.250
145.782,10.195
171.962,10.115
173.647,10.183
236.897,10.211
244.038,10.195
245.660,10.252
144.990,10.275
177.638,10.315
312.462,10.275
3.122,10.490
3.886,10.435
313.105,10.435
311.924,10.884
