0.562570,-9.437430
1.785360,-9.437430
3.008149,-9.437430
4.230939,-9.437430
5.453729,-9.437430
6.676518,-9.437430
7.899308,-9.437430
9.122097,-9.437430
10.344890,-9.437430
11.567680,-9.437430
12.790470,-9.437430
14.013260,-9.437430
15.236050,-9.437430
16.458840,-9.437430
17.681630,-9.437430
18.904420,-9.437430
20.127200,-9.437430
21.349990,-9.437430
22.572780,-9.437430
23.795570,-9.437430
25.018360,-9.437430
26.241150,-9.437430
27.463940,-9.437430
28.686730,-9.437430
29.909520,-9.437430
31.132310,-9.437430
32.355100,-9.437430
33.577890,-9.437430
34.800680,-9.437430
36.023470,-9.437430
37.246260,-9.437430
38.469050,-9.437430
39.691840,-9.437430
40.914630,-9.437430
42.137420,-9.437430
43.360210,-9.437430
44.583000,-9.437430
45.805790,-9.437430
47.028580,-9.437430
48.251370,-9.437430
49.474160,-9.437430
50.696950,-9.437430
51.919730,-9.437430
53.142520,-9.437430
54.365310,-9.437430
55.588100,-9.437430
56.810890,-9.437430
58.033680,-9.437430
59.256470,-9.437430
60.479260,-9.437430
61.702050,-9.437430
62.924840,-9.437430
64.147630,-9.437430
65.370420,-9.437430
66.593210,-9.437430
67.816000,-9.437430
69.038790,-9.437430
70.261580,-9.437430
71.484370,-9.437430
72.707160,-9.437430
73.929950,-9.437430
75.152740,-9.437430
76.375530,-9.437430
77.598320,-9.437430
78.821110,-9.437430
80.043900,-9.437430
81.266690,-9.437430
82.489480,-9.437430
83.712270,-9.437430
84.935060,-9.437430
86.157840,-9.437430
87.380640,-9.437430
88.603420,-9.437430
89.826220,-9.437430
91.049000,-9.437430
92.271790,-9.437430
93.494580,-9.437430
94.717370,-9.437430
95.940160,-9.437430
97.162950,-9.437430
98.385740,-9.437430
99.608530,-9.437430
100.831300,-9.437430
102.054100,-9.437430
103.276900,-9.437430
104.499700,-9.437430
105.722500,-9.437430
106.945300,-9.437430
108.168100,-9.437430
109.390800,-9.437430
110.613600,-9.437430
111.836400,-9.437430
113.059200,-9.437430
114.282000,-9.437430
115.504800,-9.437430
116.727600,-9.437430
117.950400,-9.437430
119.173200,-9.437430
120.396000,-9.437430
121.618700,-9.437430
122.841500,-9.437430
124.064300,-9.437430
125.287100,-9.437430
126.509900,-9.437430
127.732700,-9.437430
128.955500,-9.437430
130.178300,-9.437430
131.401100,-9.437430
132.623900,-9.437430
133.846600,-9.437430
135.069400,-9.437430
136.292200,-9.437430
137.515000,-9.437430
138.737800,-9.437430
139.960600,-9.437430
141.183400,-9.437430
142.406200,-9.437430
143.629000,-9.437430
144.851700,-9.437430
146.074500,-9.437430
147.297300,-9.437430
148.520100,-9.437430
149.742900,-9.437430
150.965700,-9.437430
152.188500,-9.437430
153.411300,-9.437430
154.634100,-9.437430
155.856900,-9.437430
157.079700,-9.437430
158.302400,-9.437430
159.525200,-9.437430
160.748000,-9.437430
161.970800,-9.437430
163.193600,-9.437430
164.416400,-9.437430
165.639200,-9.437430
166.862000,-9.437430
168.084700,-9.437430
169.307500,-9.437430
170.530300,-9.437430
171.753100,-9.437430
172.975900,-9.437430
174.198700,-9.437430
175.421500,-9.437430
176.644300,-9.437430
177.867100,-9.437430
179.089900,-9.437430
180.312700,-9.437430
181.535400,-9.437430
182.758200,-9.437430
183.981000,-9.437430
185.203800,-9.437430
186.426600,-9.437430
187.649400,-9.437430
188.872200,-9.437430
190.095000,-9.437430
191.317700,-9.437430
192.540500,-9.437430
193.763300,-9.437430
194.986100,-9.437430
196.208900,-9.437430
197.431700,-9.437430
198.654500,-9.437430
199.877300,-9.437430
201.100100,-9.437430
202.322900,-9.437430
203.545700,-9.437430
204.768400,-9.437430
205.991200,-9.437430
207.214000,-9.437430
208.436800,-9.437430
209.659600,-9.437430
210.882400,-9.437430
212.105200,-9.437430
213.328000,-9.437430
214.550800,-9.437430
215.773500,-9.437430
216.996300,-9.437430
218.219100,-9.437430
219.441900,-9.437430
220.664700,-9.437430
221.887500,-9.437430
223.110300,-9.437430
224.333100,-9.437430
225.555900,-9.437430
226.778700,-9.437430
228.001400,-9.437430
229.224200,-9.437430
230.447000,-9.437430
231.669800,-9.437430
232.892600,-9.437430
234.115400,-9.437430
235.338200,-9.437430
236.561000,-9.437430
237.783800,-9.437430
239.006500,-9.437430
240.229300,-9.437430
241.452100,-9.437430
242.674900,-9.437430
243.897700,-9.437430
245.120500,-9.437430
246.343300,-9.437430
247.566100,-9.437430
248.788900,-9.437430
250.011700,-9.437430
251.234500,-9.437430
252.457200,-9.437430
253.680000,-9.437430
254.902800,-9.437430
256.125600,-9.437430
257.348400,-9.437430
258.571200,-9.437430
259.794000,-9.437430
261.016800,-9.437430
262.239600,-9.437430
263.462300,-9.437430
264.685100,-9.437430
265.907900,-9.437430
267.130700,-9.437430
268.353500,-9.437430
269.576300,-9.437430
270.799100,-9.437430
272.021900,-9.437430
273.244700,-9.437430
274.467400,-9.437430
275.690200,-9.437430
276.913000,-9.437430
278.135800,-9.437430
279.358600,-9.437430
280.581400,-9.437430
281.804200,-9.437430
283.027000,-9.437430
284.249800,-9.437430
285.472600,-9.437430
286.695300,-9.437430
287.918200,-9.437430
289.140900,-9.437430
290.363700,-9.437430
291.586500,-9.437430
292.809300,-9.437430
294.032100,-9.437430
295.254900,-9.437430
296.477700,-9.437430
297.700400,-9.437430
298.923200,-9.437430
300.146000,-9.437430
301.368800,-9.437430
302.591600,-9.437430
303.814400,-9.437430
305.037200,-9.437430
306.260000,-9.437430
307.482800,-9.437430
308.705600,-9.437430
309.928300,-9.437430
311.151200,-9.437430
312.373900,-9.437430
313.596700,-9.437430
0.562570,-8.179107
1.785360,-8.179107
3.008149,-8.179107
4.230939,-8.179107
5.453729,-8.179107
6.676518,-8.179107
7.899308,-8.179107
9.122097,-8.179107
10.344890,-8.179107
11.567680,-8.179107
12.790470,-8.179107
14.013260,-8.179107
15.236050,-8.179107
16.458840,-8.179107
17.681630,-8.179107
18.904420,-8.179107
20.127200,-8.179107
21.349990,-8.179107
22.572780,-8.179107
23.795570,-8.179107
25.018360,-8.179107
26.241150,-8.179107
27.463940,-8.179107
28.686730,-8.179107
29.909520,-8.179107
31.132310,-8.179107
32.355100,-8.179107
33.577890,-8.179107
34.800680,-8.179107
36.023470,-8.179107
37.246260,-8.179107
38.469050,-8.179107
39.691840,-8.179107
40.914630,-8.179107
42.137420,-8.179107
43.360210,-8.179107
44.583000,-8.179107
45.805790,-8.179107
47.028580,-8.179107
48.251370,-8.179107
49.474160,-8.179107
50.696950,-8.179107
51.919730,-8.179107
53.142520,-8.179107
54.365310,-8.179107
55.588100,-8.179107
56.810890,-8.179107
58.033680,-8.179107
59.256470,-8.179107
60.479260,-8.179107
61.702050,-8.179107
62.924840,-8.179107
64.147630,-8.179107
65.370420,-8.179107
66.593210,-8.179107
67.816000,-8.179107
69.038790,-8.179107
70.261580,-8.179107
71.484370,-8.179107
72.707160,-8.179107
73.929950,-8.179107
75.152740,-8.179107
76.375530,-8.179107
77.598320,-8.179107
78.821110,-8.179107
80.043900,-8.179107
81.266690,-8.179107
82.489480,-8.179107
83.712270,-8.179107
84.935060,-8.179107
86.157840,-8.179107
87.380640,-8.179107
88.603420,-8.179107
89.826220,-8.179107
91.049000,-8.179107
92.271790,-8.179107
93.494580,-8.179107
94.717370,-8.179107
95.940160,-8.179107
97.162950,-8.179107
98.385740,-8.179107
99.608530,-8.179107
100.831300,-8.179107
102.054100,-8.179107
103.276900,-8.179107
104.499700,-8.179107
105.722500,-8.179107
106.945300,-8.179107
108.168100,-8.179107
109.390800,-8.179107
110.613600,-8.179107
111.836400,-8.179107
113.059200,-8.179107
114.282000,-8.179107
115.504800,-8.179107
116.727600,-8.179107
117.950400,-8.179107
119.173200,-8.179107
120.396000,-8.179107
121.618700,-8.179107
122.841500,-8.179107
124.064300,-8.179107
125.287100,-8.179107
126.509900,-8.179107
127.732700,-8.179107
128.955500,-8.179107
130.178300,-8.179107
131.401100,-8.179107
132.623900,-8.179107
133.846600,-8.179107
135.069400,-8.179107
136.292200,-8.179107
137.515000,-8.179107
138.737800,-8.179107
139.960600,-8.179107
141.183400,-8.179107
142.406200,-8.179107
143.629000,-8.179107
144.851700,-8.179107
146.074500,-8.179107
147.297300,-8.179107
148.520100,-8.179107
149.742900,-8.179107
150.965700,-8.179107
152.188500,-8.179107
153.411300,-8.179107
154.634100,-8.179107
155.856900,-8.179107
157.079700,-8.179107
158.302400,-8.179107
159.525200,-8.179107
160.748000,-8.179107
161.970800,-8.179107
163.193600,-8.179107
164.416400,-8.179107
165.639200,-8.179107
166.862000,-8.179107
168.084700,-8.179107
169.307500,-8.179107
170.530300,-8.179107
171.753100,-8.179107
172.975900,-8.179107
174.198700,-8.179107
175.421500,-8.179107
176.644300,-8.179107
177.867100,-8.179107
179.089900,-8.179107
180.312700,-8.179107
181.535400,-8.179107
182.758200,-8.179107
183.981000,-8.179107
185.203800,-8.179107
186.426600,-8.179107
187.649400,-8.179107
188.872200,-8.179107
190.095000,-8.179107
191.317700,-8.179107
192.540500,-8.179107
193.763300,-8.179107
194.986100,-8.179107
196.208900,-8.179107
197.431700,-8.179107
198.654500,-8.179107
199.877300,-8.179107
201.100100,-8.179107
202.322900,-8.179107
203.545700,-8.179107
204.768400,-8.179107
205.991200,-8.179107
207.214000,-8.179107
208.436800,-8.179107
209.659600,-8.179107
210.882400,-8.179107
212.105200,-8.179107
213.328000,-8.179107
214.550800,-8.179107
215.773500,-8.179107
216.996300,-8.179107
218.219100,-8.179107
219.441900,-8.179107
220.664700,-8.179107
221.887500,-8.179107
223.110300,-8.179107
224.333100,-8.179107
225.555900,-8.179107
226.778700,-8.179107
228.001400,-8.179107
229.224200,-8.179107
230.447000,-8.179107
231.669800,-8.179107
232.892600,-8.179107
234.115400,-8.179107
235.338200,-8.179107
236.561000,-8.179107
237.783800,-8.179107
239.006500,-8.179107
240.229300,-8.179107
241.452100,-8.179107
242.674900,-8.179107
243.897700,-8.179107
245.120500,-8.179107
246.343300,-8.179107
247.566100,-8.179107
248.788900,-8.179107
250.011700,-8.179107
251.234500,-8.179107
252.457200,-8.179107
253.680000,-8.179107
254.902800,-8.179107
256.125600,-8.179107
257.348400,-8.179107
258.571200,-8.179107
259.794000,-8.179107
261.016800,-8.179107
262.239600,-8.179107
263.462300,-8.179107
264.685100,-8.179107
265.907900,-8.179107
267.130700,-8.179107
268.353500,-8.179107
269.576300,-8.179107
270.799100,-8.179107
272.021900,-8.179107
273.244700,-8.179107
274.467400,-8.179107
275.690200,-8.179107
276.913000,-8.179107
278.135800,-8.179107
279.358600,-8.179107
280.581400,-8.179107
281.804200,-8.179107
283.027000,-8.179107
284.249800,-8.179107
285.472600,-8.179107
286.695300,-8.179107
287.918200,-8.179107
289.140900,-8.179107
290.363700,-8.179107
291.586500,-8.179107
292.809300,-8.179107
294.032100,-8.179107
295.254900,-8.179107
296.477700,-8.179107
297.700400,-8.179107
298.923200,-8.179107
300.146000,-8.179107
301.368800,-8.179107
302.591600,-8.179107
303.814400,-8.179107
305.037200,-8.179107
306.260000,-8.179107
307.482800,-8.179107
308.705600,-8.179107
309.928300,-8.179107
311.151200,-8.179107
312.373900,-8.179107
313.596700,-8.179107
0.562570,-6.920782
1.785360,-6.920782
3.008149,-6.920782
4.230939,-6.920782
5.453729,-6.920782
6.676518,-6.920782
7.899308,-6.920782
9.122097,-6.920782
10.344890,-6.920782
11.567680,-6.920782
12.790470,-6.920782
14.013260,-6.920782
15.236050,-6.920782
16.458840,-6.920782
17.681630,-6.920782
18.904420,-6.920782
20.127200,-6.920782
21.349990,-6.920782
22.572780,-6.920782
23.795570,-6.920782
25.018360,-6.920782
26.241150,-6.920782
27.463940,-6.920782
28.686730,-6.920782
29.909520,-6.920782
31.132310,-6.920782
32.355100,-6.920782
33.577890,-6.920782
34.800680,-6.920782
36.023470,-6.920782
37.246260,-6.920782
38.469050,-6.920782
39.691840,-6.920782
40.914630,-6.920782
42.137420,-6.920782
43.360210,-6.920782
44.583000,-6.920782
45.805790,-6.920782
47.028580,-6.920782
48.251370,-6.920782
49.474160,-6.920782
50.696950,-6.920782
51.919730,-6.920782
53.142520,-6.920782
54.365310,-6.920782
55.588100,-6.920782
56.810890,-6.920782
58.033680,-6.920782
59.256470,-6.920782
60.479260,-6.920782
61.702050,-6.920782
62.924840,-6.920782
64.147630,-6.920782
65.370420,-6.920782
66.593210,-6.920782
67.816000,-6.920782
69.038790,-6.920782
70.261580,-6.920782
71.484370,-6.920782
72.707160,-6.920782
73.929950,-6.920782
75.152740,-6.920782
76.375530,-6.920782
77.598320,-6.920782
78.821110,-6.920782
80.043900,-6.920782
81.266690,-6.920782
82.489480,-6.920782
83.712270,-6.920782
84.935060,-6.920782
86.157840,-6.920782
87.380640,-6.920782
88.603420,-6.920782
89.826220,-6.920782
91.049000,-6.920782
92.271790,-6.920782
93.494580,-6.920782
94.717370,-6.920782
95.940160,-6.920782
97.162950,-6.920782
98.385740,-6.920782
99.608530,-6.920782
100.831300,-6.920782
102.054100,-6.920782
103.276900,-6.920782
104.499700,-6.920782
105.722500,-6.920782
106.945300,-6.920782
108.168100,-6.920782
109.390800,-6.920782
110.613600,-6.920782
111.836400,-6.920782
113.059200,-6.920782
114.282000,-6.920782
115.504800,-6.920782
116.727600,-6.920782
117.950400,-6.920782
119.173200,-6.920782
120.396000,-6.920782
121.618700,-6.920782
122.841500,-6.920782
124.064300,-6.920782
125.287100,-6.920782
126.509900,-6.920782
127.732700,-6.920782
128.955500,-6.920782
130.178300,-6.920782
131.401100,-6.920782
132.623900,-6.920782
133.846600,-6.920782
135.069400,-6.920782
136.292200,-6.920782
137.515000,-6.920782
138.737800,-6.920782
139.960600,-6.920782
141.183400,-6.920782
142.406200,-6.920782
143.629000,-6.920782
144.851700,-6.920782
146.074500,-6.920782
147.297300,-6.920782
148.520100,-6.920782
149.742900,-6.920782
150.965700,-6.920782
152.188500,-6.920782
153.411300,-6.920782
154.634100,-6.920782
155.856900,-6.920782
157.079700,-6.920782
158.302400,-6.920782
159.525200,-6.920782
160.748000,-6.920782
161.970800,-6.920782
163.193600,-6.920782
164.416400,-6.920782
165.639200,-6.920782
166.862000,-6.920782
168.084700,-6.920782
169.307500,-6.920782
170.530300,-6.920782
171.753100,-6.920782
172.975900,-6.920782
174.198700,-6.920782
175.421500,-6.920782
176.644300,-6.920782
177.867100,-6.920782
179.089900,-6.920782
180.312700,-6.920782
181.535400,-6.920782
182.758200,-6.920782
183.981000,-6.920782
185.203800,-6.920782
186.426600,-6.920782
187.649400,-6.920782
188.872200,-6.920782
190.095000,-6.920782
191.317700,-6.920782
192.540500,-6.920782
193.763300,-6.920782
194.986100,-6.920782
196.208900,-6.920782
197.431700,-6.920782
198.654500,-6.920782
199.877300,-6.920782
201.100100,-6.920782
202.322900,-6.920782
203.545700,-6.920782
204.768400,-6.920782
205.991200,-6.920782
207.214000,-6.920782
208.436800,-6.920782
209.659600,-6.920782
210.882400,-6.920782
212.105200,-6.920782
213.328000,-6.920782
214.550800,-6.920782
215.773500,-6.920782
216.996300,-6.920782
218.219100,-6.920782
219.441900,-6.920782
220.664700,-6.920782
221.887500,-6.920782
223.110300,-6.920782
224.333100,-6.920782
225.555900,-6.920782
226.778700,-6.920782
228.001400,-6.920782
229.224200,-6.920782
230.447000,-6.920782
231.669800,-6.920782
232.892600,-6.920782
234.115400,-6.920782
235.338200,-6.920782
236.561000,-6.920782
237.783800,-6.920782
239.006500,-6.920782
240.229300,-6.920782
241.452100,-6.920782
242.674900,-6.920782
243.897700,-6.920782
245.120500,-6.920782
246.343300,-6.920782
247.566100,-6.920782
248.788900,-6.920782
250.011700,-6.920782
251.234500,-6.920782
252.457200,-6.920782
253.680000,-6.920782
254.902800,-6.920782
256.125600,-6.920782
257.348400,-6.920782
258.571200,-6.920782
259.794000,-6.920782
261.016800,-6.920782
262.239600,-6.920782
263.462300,-6.920782
264.685100,-6.920782
265.907900,-6.920782
267.130700,-6.920782
268.353500,-6.920782
269.576300,-6.920782
270.799100,-6.920782
272.021900,-6.920782
273.244700,-6.920782
274.467400,-6.920782
275.690200,-6.920782
276.913000,-6.920782
278.135800,-6.920782
279.358600,-6.920782
280.581400,-6.920782
281.804200,-6.920782
283.027000,-6.920782
284.249800,-6.920782
285.472600,-6.920782
286.695300,-6.920782
287.918200,-6.920782
289.140900,-6.920782
290.363700,-6.920782
291.586500,-6.920782
292.809300,-6.920782
294.032100,-6.920782
295.254900,-6.920782
296.477700,-6.920782
297.700400,-6.920782
298.923200,-6.920782
300.146000,-6.920782
301.368800,-6.920782
302.591600,-6.920782
303.814400,-6.920782
305.037200,-6.920782
306.260000,-6.920782
307.482800,-6.920782
308.705600,-6.920782
309.928300,-6.920782
311.151200,-6.920782
312.373900,-6.920782
313.596700,-6.920782
0.562570,-5.662458
1.785360,-5.662458
3.008149,-5.662458
4.230939,-5.662458
5.453729,-5.662458
6.676518,-5.662458
7.899308,-5.662458
9.122097,-5.662458
10.344890,-5.662458
11.567680,-5.662458
12.790470,-5.662458
14.013260,-5.662458
15.236050,-5.662458
16.458840,-5.662458
17.681630,-5.662458
18.904420,-5.662458
20.127200,-5.662458
21.349990,-5.662458
22.572780,-5.662458
23.795570,-5.662458
25.018360,-5.662458
26.241150,-5.662458
27.463940,-5.662458
28.686730,-5.662458
29.909520,-5.662458
31.132310,-5.662458
32.355100,-5.662458
33.577890,-5.662458
34.800680,-5.662458
36.023470,-5.662458
37.246260,-5.662458
38.469050,-5.662458
39.691840,-5.662458
40.914630,-5.662458
42.137420,-5.662458
43.360210,-5.662458
44.583000,-5.662458
45.805790,-5.662458
47.028580,-5.662458
48.251370,-5.662458
49.474160,-5.662458
50.696950,-5.662458
51.919730,-5.662458
53.142520,-5.662458
54.365310,-5.662458
55.588100,-5.662458
56.810890,-5.662458
58.033680,-5.662458
59.256470,-5.662458
60.479260,-5.662458
61.702050,-5.662458
62.924840,-5.662458
64.147630,-5.662458
65.370420,-5.662458
66.593210,-5.662458
67.816000,-5.662458
69.038790,-5.662458
70.261580,-5.662458
71.484370,-5.662458
72.707160,-5.662458
73.929950,-5.662458
75.152740,-5.662458
76.375530,-5.662458
77.598320,-5.662458
78.821110,-5.662458
80.043900,-5.662458
81.266690,-5.662458
82.489480,-5.662458
83.712270,-5.662458
84.935060,-5.662458
86.157840,-5.662458
87.380640,-5.662458
88.603420,-5.662458
89.826220,-5.662458
91.049000,-5.662458
92.271790,-5.662458
93.494580,-5.662458
94.717370,-5.662458
95.940160,-5.662458
97.162950,-5.662458
98.385740,-5.662458
99.608530,-5.662458
100.831300,-5.662458
102.054100,-5.662458
103.276900,-5.662458
104.499700,-5.662458
105.722500,-5.662458
106.945300,-5.662458
108.168100,-5.662458
109.390800,-5.662458
110.613600,-5.662458
111.836400,-5.662458
113.059200,-5.662458
114.282000,-5.662458
115.504800,-5.662458
116.727600,-5.662458
117.950400,-5.662458
119.173200,-5.662458
120.396000,-5.662458
121.618700,-5.662458
122.841500,-5.662458
124.064300,-5.662458
125.287100,-5.662458
126.509900,-5.662458
127.732700,-5.662458
128.955500,-5.662458
130.178300,-5.662458
131.401100,-5.662458
132.623900,-5.662458
133.846600,-5.662458
135.069400,-5.662458
136.292200,-5.662458
137.515000,-5.662458
138.737800,-5.662458
139.960600,-5.662458
141.183400,-5.662458
142.406200,-5.662458
143.629000,-5.662458
144.851700,-5.662458
146.074500,-5.662458
147.297300,-5.662458
148.520100,-5.662458
149.742900,-5.662458
150.965700,-5.662458
152.188500,-5.662458
153.411300,-5.662458
154.634100,-5.662458
155.856900,-5.662458
157.079700,-5.662458
158.302400,-5.662458
159.525200,-5.662458
160.748000,-5.662458
161.970800,-5.662458
163.193600,-5.662458
164.416400,-5.662458
165.639200,-5.662458
166.862000,-5.662458
168.084700,-5.662458
169.307500,-5.662458
170.530300,-5.662458
171.753100,-5.662458
172.975900,-5.662458
174.198700,-5.662458
175.421500,-5.662458
176.644300,-5.662458
177.867100,-5.662458
179.089900,-5.662458
180.312700,-5.662458
181.535400,-5.662458
182.758200,-5.662458
183.981000,-5.662458
185.203800,-5.662458
186.426600,-5.662458
187.649400,-5.662458
188.872200,-5.662458
190.095000,-5.662458
191.317700,-5.662458
192.540500,-5.662458
193.763300,-5.662458
194.986100,-5.662458
196.208900,-5.662458
197.431700,-5.662458
198.654500,-5.662458
199.877300,-5.662458
201.100100,-5.662458
202.322900,-5.662458
203.545700,-5.662458
204.768400,-5.662458
205.991200,-5.662458
207.214000,-5.662458
208.436800,-5.662458
209.659600,-5.662458
210.882400,-5.662458
212.105200,-5.662458
213.328000,-5.662458
214.550800,-5.662458
215.773500,-5.662458
216.996300,-5.662458
218.219100,-5.662458
219.441900,-5.662458
220.664700,-5.662458
221.887500,-5.662458
223.110300,-5.662458
224.333100,-5.662458
225.555900,-5.662458
226.778700,-5.662458
228.001400,-5.662458
229.224200,-5.662458
230.447000,-5.662458
231.669800,-5.662458
232.892600,-5.662458
234.115400,-5.662458
235.338200,-5.662458
236.561000,-5.662458
237.783800,-5.662458
239.006500,-5.662458
240.229300,-5.662458
241.452100,-5.662458
242.674900,-5.662458
243.897700,-5.662458
245.120500,-5.662458
246.343300,-5.662458
247.566100,-5.662458
248.788900,-5.662458
250.011700,-5.662458
251.234500,-5.662458
252.457200,-5.662458
253.680000,-5.662458
254.902800,-5.662458
256.125600,-5.662458
257.348400,-5.662458
258.571200,-5.662458
259.794000,-5.662458
261.016800,-5.662458
262.239600,-5.662458
263.462300,-5.662458
264.685100,-5.662458
265.907900,-5.662458
267.130700,-5.662458
268.353500,-5.662458
269.576300,-5.662458
270.799100,-5.662458
272.021900,-5.662458
273.244700,-5.662458
274.467400,-5.662458
275.690200,-5.662458
276.913000,-5.662458
278.135800,-5.662458
279.358600,-5.662458
280.581400,-5.662458
281.804200,-5.662458
283.027000,-5.662458
284.249800,-5.662458
285.472600,-5.662458
286.695300,-5.662458
287.918200,-5.662458
289.140900,-5.662458
290.363700,-5.662458
291.586500,-5.662458
292.809300,-5.662458
294.032100,-5.662458
295.254900,-5.662458
296.477700,-5.662458
297.700400,-5.662458
298.923200,-5.662458
300.146000,-5.662458
301.368800,-5.662458
302.591600,-5.662458
303.814400,-5.662458
305.037200,-5.662458
306.260000,-5.662458
307.482800,-5.662458
308.705600,-5.662458
309.928300,-5.662458
311.151200,-5.662458
312.373900,-5.662458
313.596700,-5.662458
0.562570,-4.404134
1.785360,-4.404134
3.008149,-4.404134
4.230939,-4.404134
5.453729,-4.404134
6.676518,-4.404134
7.899308,-4.404134
9.122097,-4.404134
10.344890,-4.404134
11.567680,-4.404134
12.790470,-4.404134
14.013260,-4.404134
15.236050,-4.404134
16.458840,-4.404134
17.681630,-4.404134
18.904420,-4.404134
20.127200,-4.404134
21.349990,-4.404134
22.572780,-4.404134
23.795570,-4.404134
25.018360,-4.404134
26.241150,-4.404134
27.463940,-4.404134
28.686730,-4.404134
29.909520,-4.404134
31.132310,-4.404134
32.355100,-4.404134
33.577890,-4.404134
34.800680,-4.404134
36.023470,-4.404134
37.246260,-4.404134
38.469050,-4.404134
39.691840,-4.404134
40.914630,-4.404134
42.137420,-4.404134
43.360210,-4.404134
44.583000,-4.404134
45.805790,-4.404134
47.028580,-4.404134
48.251370,-4.404134
49.474160,-4.404134
50.696950,-4.404134
51.919730,-4.404134
53.142520,-4.404134
54.365310,-4.404134
55.588100,-4.404134
56.810890,-4.404134
58.033680,-4.404134
59.256470,-4.404134
60.479260,-4.404134
61.702050,-4.404134
62.924840,-4.404134
64.147630,-4.404134
65.370420,-4.404134
66.593210,-4.404134
67.816000,-4.404134
69.038790,-4.404134
70.261580,-4.404134
71.484370,-4.404134
72.707160,-4.404134
73.929950,-4.404134
75.152740,-4.404134
76.375530,-4.404134
77.598320,-4.404134
78.821110,-4.404134
80.043900,-4.404134
81.266690,-4.404134
82.489480,-4.404134
83.712270,-4.404134
84.935060,-4.404134
86.157840,-4.404134
87.380640,-4.404134
88.603420,-4.404134
89.826220,-4.404134
91.049000,-4.404134
92.271790,-4.404134
93.494580,-4.404134
94.717370,-4.404134
95.940160,-4.404134
97.162950,-4.404134
98.385740,-4.404134
99.608530,-4.404134
100.831300,-4.404134
102.054100,-4.404134
103.276900,-4.404134
104.499700,-4.404134
105.722500,-4.404134
106.945300,-4.404134
108.168100,-4.404134
109.390800,-4.404134
110.613600,-4.404134
111.836400,-4.404134
113.059200,-4.404134
114.282000,-4.404134
115.504800,-4.404134
116.727600,-4.404134
117.950400,-4.404134
119.173200,-4.404134
120.396000,-4.404134
121.618700,-4.404134
122.841500,-4.404134
124.064300,-4.404134
125.287100,-4.404134
126.509900,-4.404134
127.732700,-4.404134
128.955500,-4.404134
130.178300,-4.404134
131.401100,-4.404134
132.623900,-4.404134
133.846600,-4.404134
135.069400,-4.404134
136.292200,-4.404134
137.515000,-4.404134
138.737800,-4.404134
139.960600,-4.404134
141.183400,-4.404134
142.406200,-4.404134
143.629000,-4.404134
144.851700,-4.404134
146.074500,-4.404134
147.297300,-4.404134
148.520100,-4.404134
149.742900,-4.404134
150.965700,-4.404134
152.188500,-4.404134
153.411300,-4.404134
154.634100,-4.404134
155.856900,-4.404134
157.079700,-4.404134
158.302400,-4.404134
159.525200,-4.404134
160.748000,-4.404134
161.970800,-4.404134
163.193600,-4.404134
164.416400,-4.404134
165.639200,-4.404134
166.862000,-4.404134
168.084700,-4.404134
169.307500,-4.404134
170.530300,-4.404134
171.753100,-4.404134
172.975900,-4.404134
174.198700,-4.404134
175.421500,-4.404134
176.644300,-4.404134
177.867100,-4.404134
179.089900,-4.404134
180.312700,-4.404134
181.535400,-4.404134
182.758200,-4.404134
183.981000,-4.404134
185.203800,-4.404134
186.426600,-4.404134
187.649400,-4.404134
188.872200,-4.404134
190.095000,-4.404134
191.317700,-4.404134
192.540500,-4.404134
193.763300,-4.404134
194.986100,-4.404134
196.208900,-4.404134
197.431700,-4.404134
198.654500,-4.404134
199.877300,-4.404134
201.100100,-4.404134
202.322900,-4.404134
203.545700,-4.404134
204.768400,-4.404134
205.991200,-4.404134
207.214000,-4.404134
208.436800,-4.404134
209.659600,-4.404134
210.882400,-4.404134
212.105200,-4.404134
213.328000,-4.404134
214.550800,-4.404134
215.773500,-4.404134
216.996300,-4.404134
218.219100,-4.404134
219.441900,-4.404134
220.664700,-4.404134
221.887500,-4.404134
223.110300,-4.404134
224.333100,-4.404134
225.555900,-4.404134
226.778700,-4.404134
228.001400,-4.404134
229.224200,-4.404134
230.447000,-4.404134
231.669800,-4.404134
232.892600,-4.404134
234.115400,-4.404134
235.338200,-4.404134
236.561000,-4.404134
237.783800,-4.404134
239.006500,-4.404134
240.229300,-4.404134
241.452100,-4.404134
242.674900,-4.404134
243.897700,-4.404134
245.120500,-4.404134
246.343300,-4.404134
247.566100,-4.404134
248.788900,-4.404134
250.011700,-4.404134
251.234500,-4.404134
252.457200,-4.404134
253.680000,-4.404134
254.902800,-4.404134
256.125600,-4.404134
257.348400,-4.404134
258.571200,-4.404134
259.794000,-4.404134
261.016800,-4.404134
262.239600,-4.404134
263.462300,-4.404134
264.685100,-4.404134
265.907900,-4.404134
267.130700,-4.404134
268.353500,-4.404134
269.576300,-4.404134
270.799100,-4.404134
272.021900,-4.404134
273.244700,-4.404134
274.467400,-4.404134
275.690200,-4.404134
276.913000,-4.404134
278.135800,-4.404134
279.358600,-4.404134
280.581400,-4.404134
281.804200,-4.404134
283.027000,-4.404134
284.249800,-4.404134
285.472600,-4.404134
286.695300,-4.404134
287.918200,-4.404134
289.140900,-4.404134
290.363700,-4.404134
291.586500,-4.404134
292.809300,-4.404134
294.032100,-4.404134
295.254900,-4.404134
296.477700,-4.404134
297.700400,-4.404134
298.923200,-4.404134
300.146000,-4.404134
301.368800,-4.404134
302.591600,-4.404134
303.814400,-4.404134
305.037200,-4.404134
306.260000,-4.404134
307.482800,-4.404134
308.705600,-4.404134
309.928300,-4.404134
311.151200,-4.404134
312.373900,-4.404134
313.596700,-4.404134
0.562570,-3.145810
1.785360,-3.145810
3.008149,-3.145810
4.230939,-3.145810
5.453729,-3.145810
6.676518,-3.145810
7.899308,-3.145810
9.122097,-3.145810
10.344890,-3.145810
11.567680,-3.145810
12.790470,-3.145810
14.013260,-3.145810
15.236050,-3.145810
16.458840,-3.145810
17.681630,-3.145810
18.904420,-3.145810
20.127200,-3.145810
21.349990,-3.145810
22.572780,-3.145810
23.795570,-3.145810
25.018360,-3.145810
26.241150,-3.145810
27.463940,-3.145810
28.686730,-3.145810
29.909520,-3.145810
31.132310,-3.145810
32.355100,-3.145810
33.577890,-3.145810
34.800680,-3.145810
36.023470,-3.145810
37.246260,-3.145810
38.469050,-3.145810
39.691840,-3.145810
40.914630,-3.145810
42.137420,-3.145810
43.360210,-3.145810
44.583000,-3.145810
45.805790,-3.145810
47.028580,-3.145810
48.251370,-3.145810
49.474160,-3.145810
50.696950,-3.145810
51.919730,-3.145810
53.142520,-3.145810
54.365310,-3.145810
55.588100,-3.145810
56.810890,-3.145810
58.033680,-3.145810
59.256470,-3.145810
60.479260,-3.145810
61.702050,-3.145810
62.924840,-3.145810
64.147630,-3.145810
65.370420,-3.145810
66.593210,-3.145810
67.816000,-3.145810
69.038790,-3.145810
70.261580,-3.145810
71.484370,-3.145810
72.707160,-3.145810
73.929950,-3.145810
75.152740,-3.145810
76.375530,-3.145810
77.598320,-3.145810
78.821110,-3.145810
80.043900,-3.145810
81.266690,-3.145810
82.489480,-3.145810
83.712270,-3.145810
84.935060,-3.145810
86.157840,-3.145810
87.380640,-3.145810
88.603420,-3.145810
89.826220,-3.145810
91.049000,-3.145810
92.271790,-3.145810
93.494580,-3.145810
94.717370,-3.145810
95.940160,-3.145810
97.162950,-3.145810
98.385740,-3.145810
99.608530,-3.145810
100.831300,-3.145810
102.054100,-3.145810
103.276900,-3.145810
104.499700,-3.145810
105.722500,-3.145810
106.945300,-3.145810
108.168100,-3.145810
109.390800,-3.145810
110.613600,-3.145810
111.836400,-3.145810
113.059200,-3.145810
114.282000,-3.145810
115.504800,-3.145810
116.727600,-3.145810
117.950400,-3.145810
119.173200,-3.145810
120.396000,-3.145810
121.618700,-3.145810
122.841500,-3.145810
124.064300,-3.145810
125.287100,-3.145810
126.509900,-3.145810
127.732700,-3.145810
128.955500,-3.145810
130.178300,-3.145810
131.401100,-3.145810
132.623900,-3.145810
133.846600,-3.145810
135.069400,-3.145810
136.292200,-3.145810
137.515000,-3.145810
138.737800,-3.145810
139.960600,-3.145810
141.183400,-3.145810
142.406200,-3.145810
143.629000,-3.145810
144.851700,-3.145810
146.074500,-3.145810
147.297300,-3.145810
148.520100,-3.145810
149.742900,-3.145810
150.965700,-3.145810
152.188500,-3.145810
153.411300,-3.145810
154.634100,-3.145810
155.856900,-3.145810
157.079700,-3.145810
158.302400,-3.145810
159.525200,-3.145810
160.748000,-3.145810
161.970800,-3.145810
163.193600,-3.145810
164.416400,-3.145810
165.639200,-3.145810
166.862000,-3.145810
168.084700,-3.145810
169.307500,-3.145810
170.530300,-3.145810
171.753100,-3.145810
172.975900,-3.145810
174.198700,-3.145810
175.421500,-3.145810
176.644300,-3.145810
177.867100,-3.145810
179.089900,-3.145810
180.312700,-3.145810
181.535400,-3.145810
182.758200,-3.145810
183.981000,-3.145810
185.203800,-3.145810
186.426600,-3.145810
187.649400,-3.145810
188.872200,-3.145810
190.095000,-3.145810
191.317700,-3.145810
192.540500,-3.145810
193.763300,-3.145810
194.986100,-3.145810
196.208900,-3.145810
197.431700,-3.145810
198.654500,-3.145810
199.877300,-3.145810
201.100100,-3.145810
202.322900,-3.145810
203.545700,-3.145810
204.768400,-3.145810
205.991200,-3.145810
207.214000,-3.145810
208.436800,-3.145810
209.659600,-3.145810
210.882400,-3.145810
212.105200,-3.145810
213.328000,-3.145810
214.550800,-3.145810
215.773500,-3.145810
216.996300,-3.145810
218.219100,-3.145810
219.441900,-3.145810
220.664700,-3.145810
221.887500,-3.145810
223.110300,-3.145810
224.333100,-3.145810
225.555900,-3.145810
226.778700,-3.145810
228.001400,-3.145810
229.224200,-3.145810
230.447000,-3.145810
231.669800,-3.145810
232.892600,-3.145810
234.115400,-3.145810
235.338200,-3.145810
236.561000,-3.145810
237.783800,-3.145810
239.006500,-3.145810
240.229300,-3.145810
241.452100,-3.145810
242.674900,-3.145810
243.897700,-3.145810
245.120500,-3.145810
246.343300,-3.145810
247.566100,-3.145810
248.788900,-3.145810
250.011700,-3.145810
251.234500,-3.145810
252.457200,-3.145810
253.680000,-3.145810
254.902800,-3.145810
256.125600,-3.145810
257.348400,-3.145810
258.571200,-3.145810
259.794000,-3.145810
261.016800,-3.145810
262.239600,-3.145810
263.462300,-3.145810
264.685100,-3.145810
265.907900,-3.145810
267.130700,-3.145810
268.353500,-3.145810
269.576300,-3.145810
270.799100,-3.145810
272.021900,-3.145810
273.244700,-3.145810
274.467400,-3.145810
275.690200,-3.145810
276.913000,-3.145810
278.135800,-3.145810
279.358600,-3.145810
280.581400,-3.145810
281.804200,-3.145810
283.027000,-3.145810
284.249800,-3.145810
285.472600,-3.145810
286.695300,-3.145810
287.918200,-3.145810
289.140900,-3.145810
290.363700,-3.145810
291.586500,-3.145810
292.809300,-3.145810
294.032100,-3.145810
295.254900,-3.145810
296.477700,-3.145810
297.700400,-3.145810
298.923200,-3.145810
300.146000,-3.145810
301.368800,-3.145810
302.591600,-3.145810
303.814400,-3.145810
305.037200,-3.145810
306.260000,-3.145810
307.482800,-3.145810
308.705600,-3.145810
309.928300,-3.145810
311.151200,-3.145810
312.373900,-3.145810
313.596700,-3.145810
0.562570,-1.887486
1.785360,-1.887486
3.008149,-1.887486
4.230939,-1.887486
5.453729,-1.887486
6.676518,-1.887486
7.899308,-1.887486
9.122097,-1.887486
10.344890,-1.887486
11.567680,-1.887486
12.790470,-1.887486
14.013260,-1.887486
15.236050,-1.887486
16.458840,-1.887486
17.681630,-1.887486
18.904420,-1.887486
20.127200,-1.887486
21.349990,-1.887486
22.572780,-1.887486
23.795570,-1.887486
25.018360,-1.887486
26.241150,-1.887486
27.463940,-1.887486
28.686730,-1.887486
29.909520,-1.887486
31.132310,-1.887486
32.355100,-1.887486
33.577890,-1.887486
34.800680,-1.887486
36.023470,-1.887486
37.246260,-1.887486
38.469050,-1.887486
39.691840,-1.887486
40.914630,-1.887486
42.137420,-1.887486
43.360210,-1.887486
44.583000,-1.887486
45.805790,-1.887486
47.028580,-1.887486
48.251370,-1.887486
49.474160,-1.887486
50.696950,-1.887486
51.919730,-1.887486
53.142520,-1.887486
54.365310,-1.887486
55.588100,-1.887486
56.810890,-1.887486
58.033680,-1.887486
59.256470,-1.887486
60.479260,-1.887486
61.702050,-1.887486
62.924840,-1.887486
64.147630,-1.887486
65.370420,-1.887486
66.593210,-1.887486
67.816000,-1.887486
69.038790,-1.887486
70.261580,-1.887486
71.484370,-1.887486
72.707160,-1.887486
73.929950,-1.887486
75.152740,-1.887486
76.375530,-1.887486
77.598320,-1.887486
78.821110,-1.887486
80.043900,-1.887486
81.266690,-1.887486
82.489480,-1.887486
83.712270,-1.887486
84.935060,-1.887486
86.157840,-1.887486
87.380640,-1.887486
88.603420,-1.887486
89.826220,-1.887486
91.049000,-1.887486
92.271790,-1.887486
93.494580,-1.887486
94.717370,-1.887486
95.940160,-1.887486
97.162950,-1.887486
98.385740,-1.887486
99.608530,-1.887486
100.831300,-1.887486
102.054100,-1.887486
103.276900,-1.887486
104.499700,-1.887486
105.722500,-1.887486
106.945300,-1.887486
108.168100,-1.887486
109.390800,-1.887486
110.613600,-1.887486
111.836400,-1.887486
113.059200,-1.887486
114.282000,-1.887486
115.504800,-1.887486
116.727600,-1.887486
117.950400,-1.887486
119.173200,-1.887486
120.396000,-1.887486
121.618700,-1.887486
122.841500,-1.887486
124.064300,-1.887486
125.287100,-1.887486
126.509900,-1.887486
127.732700,-1.887486
128.955500,-1.887486
130.178300,-1.887486
131.401100,-1.887486
132.623900,-1.887486
133.846600,-1.887486
135.069400,-1.887486
136.292200,-1.887486
137.515000,-1.887486
138.737800,-1.887486
139.960600,-1.887486
141.183400,-1.887486
142.406200,-1.887486
143.629000,-1.887486
144.851700,-1.887486
146.074500,-1.887486
147.297300,-1.887486
148.520100,-1.887486
149.742900,-1.887486
150.965700,-1.887486
152.188500,-1.887486
153.411300,-1.887486
154.634100,-1.887486
155.856900,-1.887486
157.079700,-1.887486
158.302400,-1.887486
159.525200,-1.887486
160.748000,-1.887486
161.970800,-1.887486
163.193600,-1.887486
164.416400,-1.887486
165.639200,-1.887486
166.862000,-1.887486
168.084700,-1.887486
169.307500,-1.887486
170.530300,-1.887486
171.753100,-1.887486
172.975900,-1.887486
174.198700,-1.887486
175.421500,-1.887486
176.644300,-1.887486
177.867100,-1.887486
179.089900,-1.887486
180.312700,-1.887486
181.535400,-1.887486
182.758200,-1.887486
183.981000,-1.887486
185.203800,-1.887486
186.426600,-1.887486
187.649400,-1.887486
188.872200,-1.887486
190.095000,-1.887486
191.317700,-1.887486
192.540500,-1.887486
193.763300,-1.887486
194.986100,-1.887486
196.208900,-1.887486
197.431700,-1.887486
198.654500,-1.887486
199.877300,-1.887486
201.100100,-1.887486
202.322900,-1.887486
203.545700,-1.887486
204.768400,-1.887486
205.991200,-1.887486
207.214000,-1.887486
208.436800,-1.887486
209.659600,-1.887486
210.882400,-1.887486
212.105200,-1.887486
213.328000,-1.887486
214.550800,-1.887486
215.773500,-1.887486
216.996300,-1.887486
218.219100,-1.887486
219.441900,-1.887486
220.664700,-1.887486
221.887500,-1.887486
223.110300,-1.887486
224.333100,-1.887486
225.555900,-1.887486
226.778700,-1.887486
228.001400,-1.887486
229.224200,-1.887486
230.447000,-1.887486
231.669800,-1.887486
232.892600,-1.887486
234.115400,-1.887486
235.338200,-1.887486
236.561000,-1.887486
237.783800,-1.887486
239.006500,-1.887486
240.229300,-1.887486
241.452100,-1.887486
242.674900,-1.887486
243.897700,-1.887486
245.120500,-1.887486
246.343300,-1.887486
247.566100,-1.887486
248.788900,-1.887486
250.011700,-1.887486
251.234500,-1.887486
252.457200,-1.887486
253.680000,-1.887486
254.902800,-1.887486
256.125600,-1.887486
257.348400,-1.887486
258.571200,-1.887486
259.794000,-1.887486
261.016800,-1.887486
262.239600,-1.887486
263.462300,-1.887486
264.685100,-1.887486
265.907900,-1.887486
267.130700,-1.887486
268.353500,-1.887486
269.576300,-1.887486
270.799100,-1.887486
272.021900,-1.887486
273.244700,-1.887486
274.467400,-1.887486
275.690200,-1.887486
276.913000,-1.887486
278.135800,-1.887486
279.358600,-1.887486
280.581400,-1.887486
281.804200,-1.887486
283.027000,-1.887486
284.249800,-1.887486
285.472600,-1.887486
286.695300,-1.887486
287.918200,-1.887486
289.140900,-1.887486
290.363700,-1.887486
291.586500,-1.887486
292.809300,-1.887486
294.032100,-1.887486
295.254900,-1.887486
296.477700,-1.887486
297.700400,-1.887486
298.923200,-1.887486
300.146000,-1.887486
301.368800,-1.887486
302.591600,-1.887486
303.814400,-1.887486
305.037200,-1.887486
306.260000,-1.887486
307.482800,-1.887486
308.705600,-1.887486
309.928300,-1.887486
311.151200,-1.887486
312.373900,-1.887486
313.596700,-1.887486
0.562570,-0.629162
1.785360,-0.629162
3.008149,-0.629162
4.230939,-0.629162
5.453729,-0.629162
6.676518,-0.629162
7.899308,-0.629162
9.122097,-0.629162
10.344890,-0.629162
11.567680,-0.629162
12.790470,-0.629162
14.013260,-0.629162
15.236050,-0.629162
16.458840,-0.629162
17.681630,-0.629162
18.904420,-0.629162
20.127200,-0.629162
21.349990,-0.629162
22.572780,-0.629162
23.795570,-0.629162
25.018360,-0.629162
26.241150,-0.629162
27.463940,-0.629162
28.686730,-0.629162
29.909520,-0.629162
31.132310,-0.629162
32.355100,-0.629162
33.577890,-0.629162
34.800680,-0.629162
36.023470,-0.629162
37.246260,-0.629162
38.469050,-0.629162
39.691840,-0.629162
40.914630,-0.629162
42.137420,-0.629162
43.360210,-0.629162
44.583000,-0.629162
45.805790,-0.629162
47.028580,-0.629162
48.251370,-0.629162
49.474160,-0.629162
50.696950,-0.629162
51.919730,-0.629162
53.142520,-0.629162
54.365310,-0.629162
55.588100,-0.629162
56.810890,-0.629162
58.033680,-0.629162
59.256470,-0.629162
60.479260,-0.629162
61.702050,-0.629162
62.924840,-0.629162
64.147630,-0.629162
65.370420,-0.629162
66.593210,-0.629162
67.816000,-0.629162
69.038790,-0.629162
70.261580,-0.629162
71.484370,-0.629162
72.707160,-0.629162
73.929950,-0.629162
75.152740,-0.629162
76.375530,-0.629162
77.598320,-0.629162
78.821110,-0.629162
80.043900,-0.629162
81.266690,-0.629162
82.489480,-0.629162
83.712270,-0.629162
84.935060,-0.629162
86.157840,-0.629162
87.380640,-0.629162
88.603420,-0.629162
89.826220,-0.629162
91.049000,-0.629162
92.271790,-0.629162
93.494580,-0.629162
94.717370,-0.629162
95.940160,-0.629162
97.162950,-0.629162
98.385740,-0.629162
99.608530,-0.629162
100.831300,-0.629162
102.054100,-0.629162
103.276900,-0.629162
104.499700,-0.629162
105.722500,-0.629162
106.945300,-0.629162
108.168100,-0.629162
109.390800,-0.629162
110.613600,-0.629162
111.836400,-0.629162
113.059200,-0.629162
114.282000,-0.629162
115.504800,-0.629162
116.727600,-0.629162
117.950400,-0.629162
119.173200,-0.629162
120.396000,-0.629162
121.618700,-0.629162
122.841500,-0.629162
124.064300,-0.629162
125.287100,-0.629162
126.509900,-0.629162
127.732700,-0.629162
128.955500,-0.629162
130.178300,-0.629162
131.401100,-0.629162
132.623900,-0.629162
133.846600,-0.629162
135.069400,-0.629162
136.292200,-0.629162
137.515000,-0.629162
138.737800,-0.629162
139.960600,-0.629162
141.183400,-0.629162
142.406200,-0.629162
143.629000,-0.629162
144.851700,-0.629162
146.074500,-0.629162
147.297300,-0.629162
148.520100,-0.629162
149.742900,-0.629162
150.965700,-0.629162
152.188500,-0.629162
153.411300,-0.629162
154.634100,-0.629162
155.856900,-0.629162
157.079700,-0.629162
158.302400,-0.629162
159.525200,-0.629162
160.748000,-0.629162
161.970800,-0.629162
163.193600,-0.629162
164.416400,-0.629162
165.639200,-0.629162
166.862000,-0.629162
168.084700,-0.629162
169.307500,-0.629162
170.530300,-0.629162
171.753100,-0.629162
172.975900,-0.629162
174.198700,-0.629162
175.421500,-0.629162
176.644300,-0.629162
177.867100,-0.629162
179.089900,-0.629162
180.312700,-0.629162
181.535400,-0.629162
182.758200,-0.629162
183.981000,-0.629162
185.203800,-0.629162
186.426600,-0.629162
187.649400,-0.629162
188.872200,-0.629162
190.095000,-0.629162
191.317700,-0.629162
192.540500,-0.629162
193.763300,-0.629162
194.986100,-0.629162
196.208900,-0.629162
197.431700,-0.629162
198.654500,-0.629162
199.877300,-0.629162
201.100100,-0.629162
202.322900,-0.629162
203.545700,-0.629162
204.768400,-0.629162
205.991200,-0.629162
207.214000,-0.629162
208.436800,-0.629162
209.659600,-0.629162
210.882400,-0.629162
212.105200,-0.629162
213.328000,-0.629162
214.550800,-0.629162
215.773500,-0.629162
216.996300,-0.629162
218.219100,-0.629162
219.441900,-0.629162
220.664700,-0.629162
221.887500,-0.629162
223.110300,-0.629162
224.333100,-0.629162
225.555900,-0.629162
226.778700,-0.629162
228.001400,-0.629162
229.224200,-0.629162
230.447000,-0.629162
231.669800,-0.629162
232.892600,-0.629162
234.115400,-0.629162
235.338200,-0.629162
236.561000,-0.629162
237.783800,-0.629162
239.006500,-0.629162
240.229300,-0.629162
241.452100,-0.629162
242.674900,-0.629162
243.897700,-0.629162
245.120500,-0.629162
246.343300,-0.629162
247.566100,-0.629162
248.788900,-0.629162
250.011700,-0.629162
251.234500,-0.629162
252.457200,-0.629162
253.680000,-0.629162
254.902800,-0.629162
256.125600,-0.629162
257.348400,-0.629162
258.571200,-0.629162
259.794000,-0.629162
261.016800,-0.629162
262.239600,-0.629162
263.462300,-0.629162
264.685100,-0.629162
265.907900,-0.629162
267.130700,-0.629162
268.353500,-0.629162
269.576300,-0.629162
270.799100,-0.629162
272.021900,-0.629162
273.244700,-0.629162
274.467400,-0.629162
275.690200,-0.629162
276.913000,-0.629162
278.135800,-0.629162
279.358600,-0.629162
280.581400,-0.629162
281.804200,-0.629162
283.027000,-0.629162
284.249800,-0.629162
285.472600,-0.629162
286.695300,-0.629162
287.918200,-0.629162
289.140900,-0.629162
290.363700,-0.629162
291.586500,-0.629162
292.809300,-0.629162
294.032100,-0.629162
295.254900,-0.629162
296.477700,-0.629162
297.700400,-0.629162
298.923200,-0.629162
300.146000,-0.629162
301.368800,-0.629162
302.591600,-0.629162
303.814400,-0.629162
305.037200,-0.629162
306.260000,-0.629162
307.482800,-0.629162
308.705600,-0.629162
309.928300,-0.629162
311.151200,-0.629162
312.373900,-0.629162
313.596700,-0.629162
0.562570,0.629162
1.785360,0.629162
3.008149,0.629162
4.230939,0.629162
5.453729,0.629162
6.676518,0.629162
7.899308,0.629162
9.122097,0.629162
10.344890,0.629162
11.567680,0.629162
12.790470,0.629162
14.013260,0.629162
15.236050,0.629162
16.458840,0.629162
17.681630,0.629162
18.904420,0.629162
20.127200,0.629162
21.349990,0.629162
22.572780,0.629162
23.795570,0.629162
25.018360,0.629162
26.241150,0.629162
27.463940,0.629162
28.686730,0.629162
29.909520,0.629162
31.132310,0.629162
32.355100,0.629162
33.577890,0.629162
34.800680,0.629162
36.023470,0.629162
37.246260,0.629162
38.469050,0.629162
39.691840,0.629162
40.914630,0.629162
42.137420,0.629162
43.360210,0.629162
44.583000,0.629162
45.805790,0.629162
47.028580,0.629162
48.251370,0.629162
49.474160,0.629162
50.696950,0.629162
51.919730,0.629162
53.142520,0.629162
54.365310,0.629162
55.588100,0.629162
56.810890,0.629162
58.033680,0.629162
59.256470,0.629162
60.479260,0.629162
61.702050,0.629162
62.924840,0.629162
64.147630,0.629162
65.370420,0.629162
66.593210,0.629162
67.816000,0.629162
69.038790,0.629162
70.261580,0.629162
71.484370,0.629162
72.707160,0.629162
73.929950,0.629162
75.152740,0.629162
76.375530,0.629162
77.598320,0.629162
78.821110,0.629162
80.043900,0.629162
81.266690,0.629162
82.489480,0.629162
83.712270,0.629162
84.935060,0.629162
86.157840,0.629162
87.380640,0.629162
88.603420,0.629162
89.826220,0.629162
91.049000,0.629162
92.271790,0.629162
93.494580,0.629162
94.717370,0.629162
95.940160,0.629162
97.162950,0.629162
98.385740,0.629162
99.608530,0.629162
100.831300,0.629162
102.054100,0.629162
103.276900,0.629162
104.499700,0.629162
105.722500,0.629162
106.945300,0.629162
108.168100,0.629162
109.390800,0.629162
110.613600,0.629162
111.836400,0.629162
113.059200,0.629162
114.282000,0.629162
115.504800,0.629162
116.727600,0.629162
117.950400,0.629162
119.173200,0.629162
120.396000,0.629162
121.618700,0.629162
122.841500,0.629162
124.064300,0.629162
125.287100,0.629162
126.509900,0.629162
127.732700,0.629162
128.955500,0.629162
130.178300,0.629162
131.401100,0.629162
132.623900,0.629162
133.846600,0.629162
135.069400,0.629162
136.292200,0.629162
137.515000,0.629162
138.737800,0.629162
139.960600,0.629162
141.183400,0.629162
142.406200,0.629162
143.629000,0.629162
144.851700,0.629162
146.074500,0.629162
147.297300,0.629162
148.520100,0.629162
149.742900,0.629162
150.965700,0.629162
152.188500,0.629162
153.411300,0.629162
154.634100,0.629162
155.856900,0.629162
157.079700,0.629162
158.302400,0.629162
159.525200,0.629162
160.748000,0.629162
161.970800,0.629162
163.193600,0.629162
164.416400,0.629162
165.639200,0.629162
166.862000,0.629162
168.084700,0.629162
169.307500,0.629162
170.530300,0.629162
171.753100,0.629162
172.975900,0.629162
174.198700,0.629162
175.421500,0.629162
176.644300,0.629162
177.867100,0.629162
179.089900,0.629162
180.312700,0.629162
181.535400,0.629162
182.758200,0.629162
183.981000,0.629162
185.203800,0.629162
186.426600,0.629162
187.649400,0.629162
188.872200,0.629162
190.095000,0.629162
191.317700,0.629162
192.540500,0.629162
193.763300,0.629162
194.986100,0.629162
196.208900,0.629162
197.431700,0.629162
198.654500,0.629162
199.877300,0.629162
201.100100,0.629162
202.322900,0.629162
203.545700,0.629162
204.768400,0.629162
205.991200,0.629162
207.214000,0.629162
208.436800,0.629162
209.659600,0.629162
210.882400,0.629162
212.105200,0.629162
213.328000,0.629162
214.550800,0.629162
215.773500,0.629162
216.996300,0.629162
218.219100,0.629162
219.441900,0.629162
220.664700,0.629162
221.887500,0.629162
223.110300,0.629162
224.333100,0.629162
225.555900,0.629162
226.778700,0.629162
228.001400,0.629162
229.224200,0.629162
230.447000,0.629162
231.669800,0.629162
232.892600,0.629162
234.115400,0.629162
235.338200,0.629162
236.561000,0.629162
237.783800,0.629162
239.006500,0.629162
240.229300,0.629162
241.452100,0.629162
242.674900,0.629162
243.897700,0.629162
245.120500,0.629162
246.343300,0.629162
247.566100,0.629162
248.788900,0.629162
250.011700,0.629162
251.234500,0.629162
252.457200,0.629162
253.680000,0.629162
254.902800,0.629162
256.125600,0.629162
257.348400,0.629162
258.571200,0.629162
259.794000,0.629162
261.016800,0.629162
262.239600,0.629162
263.462300,0.629162
264.685100,0.629162
265.907900,0.629162
267.130700,0.629162
268.353500,0.629162
269.576300,0.629162
270.799100,0.629162
272.021900,0.629162
273.244700,0.629162
274.467400,0.629162
275.690200,0.629162
276.913000,0.629162
278.135800,0.629162
279.358600,0.629162
280.581400,0.629162
281.804200,0.629162
283.027000,0.629162
284.249800,0.629162
285.472600,0.629162
286.695300,0.629162
287.918200,0.629162
289.140900,0.629162
290.363700,0.629162
291.586500,0.629162
292.809300,0.629162
294.032100,0.629162
295.254900,0.629162
296.477700,0.629162
297.700400,0.629162
298.923200,0.629162
300.146000,0.629162
301.368800,0.629162
302.591600,0.629162
303.814400,0.629162
305.037200,0.629162
306.260000,0.629162
307.482800,0.629162
308.705600,0.629162
309.928300,0.629162
311.151200,0.629162
312.373900,0.629162
313.596700,0.629162
0.562570,1.887486
1.785360,1.887486
3.008149,1.887486
4.230939,1.887486
5.453729,1.887486
6.676518,1.887486
7.899308,1.887486
9.122097,1.887486
10.344890,1.887486
11.567680,1.887486
12.790470,1.887486
14.013260,1.887486
15.236050,1.887486
16.458840,1.887486
17.681630,1.887486
18.904420,1.887486
20.127200,1.887486
21.349990,1.887486
22.572780,1.887486
23.795570,1.887486
25.018360,1.887486
26.241150,1.887486
27.463940,1.887486
28.686730,1.887486
29.909520,1.887486
31.132310,1.887486
32.355100,1.887486
33.577890,1.887486
34.800680,1.887486
36.023470,1.887486
37.246260,1.887486
38.469050,1.887486
39.691840,1.887486
40.914630,1.887486
42.137420,1.887486
43.360210,1.887486
44.583000,1.887486
45.805790,1.887486
47.028580,1.887486
48.251370,1.887486
49.474160,1.887486
50.696950,1.887486
51.919730,1.887486
53.142520,1.887486
54.365310,1.887486
55.588100,1.887486
56.810890,1.887486
58.033680,1.887486
59.256470,1.887486
60.479260,1.887486
61.702050,1.887486
62.924840,1.887486
64.147630,1.887486
65.370420,1.887486
66.593210,1.887486
67.816000,1.887486
69.038790,1.887486
70.261580,1.887486
71.484370,1.887486
72.707160,1.887486
73.929950,1.887486
75.152740,1.887486
76.375530,1.887486
77.598320,1.887486
78.821110,1.887486
80.043900,1.887486
81.266690,1.887486
82.489480,1.887486
83.712270,1.887486
84.935060,1.887486
86.157840,1.887486
87.380640,1.887486
88.603420,1.887486
89.826220,1.887486
91.049000,1.887486
92.271790,1.887486
93.494580,1.887486
94.717370,1.887486
95.940160,1.887486
97.162950,1.887486
98.385740,1.887486
99.608530,1.887486
100.831300,1.887486
102.054100,1.887486
103.276900,1.887486
104.499700,1.887486
105.722500,1.887486
106.945300,1.887486
108.168100,1.887486
109.390800,1.887486
110.613600,1.887486
111.836400,1.887486
113.059200,1.887486
114.282000,1.887486
115.504800,1.887486
116.727600,1.887486
117.950400,1.887486
119.173200,1.887486
120.396000,1.887486
121.618700,1.887486
122.841500,1.887486
124.064300,1.887486
125.287100,1.887486
126.509900,1.887486
127.732700,1.887486
128.955500,1.887486
130.178300,1.887486
131.401100,1.887486
132.623900,1.887486
133.846600,1.887486
135.069400,1.887486
136.292200,1.887486
137.515000,1.887486
138.737800,1.887486
139.960600,1.887486
141.183400,1.887486
142.406200,1.887486
143.629000,1.887486
144.851700,1.887486
146.074500,1.887486
147.297300,1.887486
148.520100,1.887486
149.742900,1.887486
150.965700,1.887486
152.188500,1.887486
153.411300,1.887486
154.634100,1.887486
155.856900,1.887486
157.079700,1.887486
158.302400,1.887486
159.525200,1.887486
160.748000,1.887486
161.970800,1.887486
163.193600,1.887486
164.416400,1.887486
165.639200,1.887486
166.862000,1.887486
168.084700,1.887486
169.307500,1.887486
170.530300,1.887486
171.753100,1.887486
172.975900,1.887486
174.198700,1.887486
175.421500,1.887486
176.644300,1.887486
177.867100,1.887486
179.089900,1.887486
180.312700,1.887486
181.535400,1.887486
182.758200,1.887486
183.981000,1.887486
185.203800,1.887486
186.426600,1.887486
187.649400,1.887486
188.872200,1.887486
190.095000,1.887486
191.317700,1.887486
192.540500,1.887486
193.763300,1.887486
194.986100,1.887486
196.208900,1.887486
197.431700,1.887486
198.654500,1.887486
199.877300,1.887486
201.100100,1.887486
202.322900,1.887486
203.545700,1.887486
204.768400,1.887486
205.991200,1.887486
207.214000,1.887486
208.436800,1.887486
209.659600,1.887486
210.882400,1.887486
212.105200,1.887486
213.328000,1.887486
214.550800,1.887486
215.773500,1.887486
216.996300,1.887486
218.219100,1.887486
219.441900,1.887486
220.664700,1.887486
221.887500,1.887486
223.110300,1.887486
224.333100,1.887486
225.555900,1.887486
226.778700,1.887486
228.001400,1.887486
229.224200,1.887486
230.447000,1.887486
231.669800,1.887486
232.892600,1.887486
234.115400,1.887486
235.338200,1.887486
236.561000,1.887486
237.783800,1.887486
239.006500,1.887486
240.229300,1.887486
241.452100,1.887486
242.674900,1.887486
243.897700,1.887486
245.120500,1.887486
246.343300,1.887486
247.566100,1.887486
248.788900,1.887486
250.011700,1.887486
251.234500,1.887486
252.457200,1.887486
253.680000,1.887486
254.902800,1.887486
256.125600,1.887486
257.348400,1.887486
258.571200,1.887486
259.794000,1.887486
261.016800,1.887486
262.239600,1.887486
263.462300,1.887486
264.685100,1.887486
265.907900,1.887486
267.130700,1.887486
268.353500,1.887486
269.576300,1.887486
270.799100,1.887486
272.021900,1.887486
273.244700,1.887486
274.467400,1.887486
275.690200,1.887486
276.913000,1.887486
278.135800,1.887486
279.358600,1.887486
280.581400,1.887486
281.804200,1.887486
283.027000,1.887486
284.249800,1.887486
285.472600,1.887486
286.695300,1.887486
287.918200,1.887486
289.140900,1.887486
290.363700,1.887486
291.586500,1.887486
292.809300,1.887486
294.032100,1.887486
295.254900,1.887486
296.477700,1.887486
297.700400,1.887486
298.923200,1.887486
300.146000,1.887486
301.368800,1.887486
302.591600,1.887486
303.814400,1.887486
305.037200,1.887486
306.260000,1.887486
307.482800,1.887486
308.705600,1.887486
309.928300,1.887486
311.151200,1.887486
312.373900,1.887486
313.596700,1.887486
0.562570,3.145810
1.785360,3.145810
3.008149,3.145810
4.230939,3.145810
5.453729,3.145810
6.676518,3.145810
7.899308,3.145810
9.122097,3.145810
10.344890,3.145810
11.567680,3.145810
12.790470,3.145810
14.013260,3.145810
15.236050,3.145810
16.458840,3.145810
17.681630,3.145810
18.904420,3.145810
20.127200,3.145810
21.349990,3.145810
22.572780,3.145810
23.795570,3.145810
25.018360,3.145810
26.241150,3.145810
27.463940,3.145810
28.686730,3.145810
29.909520,3.145810
31.132310,3.145810
32.355100,3.145810
33.577890,3.145810
34.800680,3.145810
36.023470,3.145810
37.246260,3.145810
38.469050,3.145810
39.691840,3.145810
40.914630,3.145810
42.137420,3.145810
43.360210,3.145810
44.583000,3.145810
45.805790,3.145810
47.028580,3.145810
48.251370,3.145810
49.474160,3.145810
50.696950,3.145810
51.919730,3.145810
53.142520,3.145810
54.365310,3.145810
55.588100,3.145810
56.810890,3.145810
58.033680,3.145810
59.256470,3.145810
60.479260,3.145810
61.702050,3.145810
62.924840,3.145810
64.147630,3.145810
65.370420,3.145810
66.593210,3.145810
67.816000,3.145810
69.038790,3.145810
70.261580,3.145810
71.484370,3.145810
72.707160,3.145810
73.929950,3.145810
75.152740,3.145810
76.375530,3.145810
77.598320,3.145810
78.821110,3.145810
80.043900,3.145810
81.266690,3.145810
82.489480,3.145810
83.712270,3.145810
84.935060,3.145810
86.157840,3.145810
87.380640,3.145810
88.603420,3.145810
89.826220,3.145810
91.049000,3.145810
92.271790,3.145810
93.494580,3.145810
94.717370,3.145810
95.940160,3.145810
97.162950,3.145810
98.385740,3.145810
99.608530,3.145810
100.831300,3.145810
102.054100,3.145810
103.276900,3.145810
104.499700,3.145810
105.722500,3.145810
106.945300,3.145810
108.168100,3.145810
109.390800,3.145810
110.613600,3.145810
111.836400,3.145810
113.059200,3.145810
114.282000,3.145810
115.504800,3.145810
116.727600,3.145810
117.950400,3.145810
119.173200,3.145810
120.396000,3.145810
121.618700,3.145810
122.841500,3.145810
124.064300,3.145810
125.287100,3.145810
126.509900,3.145810
127.732700,3.145810
128.955500,3.145810
130.178300,3.145810
131.401100,3.145810
132.623900,3.145810
133.846600,3.145810
135.069400,3.145810
136.292200,3.145810
137.515000,3.145810
138.737800,3.145810
139.960600,3.145810
141.183400,3.145810
142.406200,3.145810
143.629000,3.145810
144.851700,3.145810
146.074500,3.145810
147.297300,3.145810
148.520100,3.145810
149.742900,3.145810
150.965700,3.145810
152.188500,3.145810
153.411300,3.145810
154.634100,3.145810
155.856900,3.145810
157.079700,3.145810
158.302400,3.145810
159.525200,3.145810
160.748000,3.145810
161.970800,3.145810
163.193600,3.145810
164.416400,3.145810
165.639200,3.145810
166.862000,3.145810
168.084700,3.145810
169.307500,3.145810
170.530300,3.145810
171.753100,3.145810
172.975900,3.145810
174.198700,3.145810
175.421500,3.145810
176.644300,3.145810
177.867100,3.145810
179.089900,3.145810
180.312700,3.145810
181.535400,3.145810
182.758200,3.145810
183.981000,3.145810
185.203800,3.145810
186.426600,3.145810
187.649400,3.145810
188.872200,3.145810
190.095000,3.145810
191.317700,3.145810
192.540500,3.145810
193.763300,3.145810
194.986100,3.145810
196.208900,3.145810
197.431700,3.145810
198.654500,3.145810
199.877300,3.145810
201.100100,3.145810
202.322900,3.145810
203.545700,3.145810
204.768400,3.145810
205.991200,3.145810
207.214000,3.145810
208.436800,3.145810
209.659600,3.145810
210.882400,3.145810
212.105200,3.145810
213.328000,3.145810
214.550800,3.145810
215.773500,3.145810
216.996300,3.145810
218.219100,3.145810
219.441900,3.145810
220.664700,3.145810
221.887500,3.145810
223.110300,3.145810
224.333100,3.145810
225.555900,3.145810
226.778700,3.145810
228.001400,3.145810
229.224200,3.145810
230.447000,3.145810
231.669800,3.145810
232.892600,3.145810
234.115400,3.145810
235.338200,3.145810
236.561000,3.145810
237.783800,3.145810
239.006500,3.145810
240.229300,3.145810
241.452100,3.145810
242.674900,3.145810
243.897700,3.145810
245.120500,3.145810
246.343300,3.145810
247.566100,3.145810
248.788900,3.145810
250.011700,3.145810
251.234500,3.145810
252.457200,3.145810
253.680000,3.145810
254.902800,3.145810
256.125600,3.145810
257.348400,3.145810
258.571200,3.145810
259.794000,3.145810
261.016800,3.145810
262.239600,3.145810
263.462300,3.145810
264.685100,3.145810
265.907900,3.145810
267.130700,3.145810
268.353500,3.145810
269.576300,3.145810
270.799100,3.145810
272.021900,3.145810
273.244700,3.145810
274.467400,3.145810
275.690200,3.145810
276.913000,3.145810
278.135800,3.145810
279.358600,3.145810
280.581400,3.145810
281.804200,3.145810
283.027000,3.145810
284.249800,3.145810
285.472600,3.145810
286.695300,3.145810
287.918200,3.145810
289.140900,3.145810
290.363700,3.145810
291.586500,3.145810
292.809300,3.145810
294.032100,3.145810
295.254900,3.145810
296.477700,3.145810
297.700400,3.145810
298.923200,3.145810
300.146000,3.145810
301.368800,3.145810
302.591600,3.145810
303.814400,3.145810
305.037200,3.145810
306.260000,3.145810
307.482800,3.145810
308.705600,3.145810
309.928300,3.145810
311.151200,3.145810
312.373900,3.145810
313.596700,3.145810
0.562570,4.404134
1.785360,4.404134
3.008149,4.404134
4.230939,4.404134
5.453729,4.404134
6.676518,4.404134
7.899308,4.404134
9.122097,4.404134
10.344890,4.404134
11.567680,4.404134
12.790470,4.404134
14.013260,4.404134
15.236050,4.404134
16.458840,4.404134
17.681630,4.404134
18.904420,4.404134
20.127200,4.404134
21.349990,4.404134
22.572780,4.404134
23.795570,4.404134
25.018360,4.404134
26.241150,4.404134
27.463940,4.404134
28.686730,4.404134
29.909520,4.404134
31.132310,4.404134
32.355100,4.404134
33.577890,4.404134
34.800680,4.404134
36.023470,4.404134
37.246260,4.404134
38.469050,4.404134
39.691840,4.404134
40.914630,4.404134
42.137420,4.404134
43.360210,4.404134
44.583000,4.404134
45.805790,4.404134
47.028580,4.404134
48.251370,4.404134
49.474160,4.404134
50.696950,4.404134
51.919730,4.404134
53.142520,4.404134
54.365310,4.404134
55.588100,4.404134
56.810890,4.404134
58.033680,4.404134
59.256470,4.404134
60.479260,4.404134
61.702050,4.404134
62.924840,4.404134
64.147630,4.404134
65.370420,4.404134
66.593210,4.404134
67.816000,4.404134
69.038790,4.404134
70.261580,4.404134
71.484370,4.404134
72.707160,4.404134
73.929950,4.404134
75.152740,4.404134
76.375530,4.404134
77.598320,4.404134
78.821110,4.404134
80.043900,4.404134
81.266690,4.404134
82.489480,4.404134
83.712270,4.404134
84.935060,4.404134
86.157840,4.404134
87.380640,4.404134
88.603420,4.404134
89.826220,4.404134
91.049000,4.404134
92.271790,4.404134
93.494580,4.404134
94.717370,4.404134
95.940160,4.404134
97.162950,4.404134
98.385740,4.404134
99.608530,4.404134
100.831300,4.404134
102.054100,4.404134
103.276900,4.404134
104.499700,4.404134
105.722500,4.404134
106.945300,4.404134
108.168100,4.404134
109.390800,4.404134
110.613600,4.404134
111.836400,4.404134
113.059200,4.404134
114.282000,4.404134
115.504800,4.404134
116.727600,4.404134
117.950400,4.404134
119.173200,4.404134
120.396000,4.404134
121.618700,4.404134
122.841500,4.404134
124.064300,4.404134
125.287100,4.404134
126.509900,4.404134
127.732700,4.404134
128.955500,4.404134
130.178300,4.404134
131.401100,4.404134
132.623900,4.404134
133.846600,4.404134
135.069400,4.404134
136.292200,4.404134
137.515000,4.404134
138.737800,4.404134
139.960600,4.404134
141.183400,4.404134
142.406200,4.404134
143.629000,4.404134
144.851700,4.404134
146.074500,4.404134
147.297300,4.404134
148.520100,4.404134
149.742900,4.404134
150.965700,4.404134
152.188500,4.404134
153.411300,4.404134
154.634100,4.404134
155.856900,4.404134
157.079700,4.404134
158.302400,4.404134
159.525200,4.404134
160.748000,4.404134
161.970800,4.404134
163.193600,4.404134
164.416400,4.404134
165.639200,4.404134
166.862000,4.404134
168.084700,4.404134
169.307500,4.404134
170.530300,4.404134
171.753100,4.404134
172.975900,4.404134
174.198700,4.404134
175.421500,4.404134
176.644300,4.404134
177.867100,4.404134
179.089900,4.404134
180.312700,4.404134
181.535400,4.404134
182.758200,4.404134
183.981000,4.404134
185.203800,4.404134
186.426600,4.404134
187.649400,4.404134
188.872200,4.404134
190.095000,4.404134
191.317700,4.404134
192.540500,4.404134
193.763300,4.404134
194.986100,4.404134
196.208900,4.404134
197.431700,4.404134
198.654500,4.404134
199.877300,4.404134
201.100100,4.404134
202.322900,4.404134
203.545700,4.404134
204.768400,4.404134
205.991200,4.404134
207.214000,4.404134
208.436800,4.404134
209.659600,4.404134
210.882400,4.404134
212.105200,4.404134
213.328000,4.404134
214.550800,4.404134
215.773500,4.404134
216.996300,4.404134
218.219100,4.404134
219.441900,4.404134
220.664700,4.404134
221.887500,4.404134
223.110300,4.404134
224.333100,4.404134
225.555900,4.404134
226.778700,4.404134
228.001400,4.404134
229.224200,4.404134
230.447000,4.404134
231.669800,4.404134
232.892600,4.404134
234.115400,4.404134
235.338200,4.404134
236.561000,4.404134
237.783800,4.404134
239.006500,4.404134
240.229300,4.404134
241.452100,4.404134
242.674900,4.404134
243.897700,4.404134
245.120500,4.404134
246.343300,4.404134
247.566100,4.404134
248.788900,4.404134
250.011700,4.404134
251.234500,4.404134
252.457200,4.404134
253.680000,4.404134
254.902800,4.404134
256.125600,4.404134
257.348400,4.404134
258.571200,4.404134
259.794000,4.404134
261.016800,4.404134
262.239600,4.404134
263.462300,4.404134
264.685100,4.404134
265.907900,4.404134
267.130700,4.404134
268.353500,4.404134
269.576300,4.404134
270.799100,4.404134
272.021900,4.404134
273.244700,4.404134
274.467400,4.404134
275.690200,4.404134
276.913000,4.404134
278.135800,4.404134
279.358600,4.404134
280.581400,4.404134
281.804200,4.404134
283.027000,4.404134
284.249800,4.404134
285.472600,4.404134
286.695300,4.404134
287.918200,4.404134
289.140900,4.404134
290.363700,4.404134
291.586500,4.404134
292.809300,4.404134
294.032100,4.404134
295.254900,4.404134
296.477700,4.404134
297.700400,4.404134
298.923200,4.404134
300.146000,4.404134
301.368800,4.404134
302.591600,4.404134
303.814400,4.404134
305.037200,4.404134
306.260000,4.404134
307.482800,4.404134
308.705600,4.404134
309.928300,4.404134
311.151200,4.404134
312.373900,4.404134
313.596700,4.404134
0.562570,5.662458
1.785360,5.662458
3.008149,5.662458
4.230939,5.662458
5.453729,5.662458
6.676518,5.662458
7.899308,5.662458
9.122097,5.662458
10.344890,5.662458
11.567680,5.662458
12.790470,5.662458
14.013260,5.662458
15.236050,5.662458
16.458840,5.662458
17.681630,5.662458
18.904420,5.662458
20.127200,5.662458
21.349990,5.662458
22.572780,5.662458
23.795570,5.662458
25.018360,5.662458
26.241150,5.662458
27.463940,5.662458
28.686730,5.662458
29.909520,5.662458
31.132310,5.662458
32.355100,5.662458
33.577890,5.662458
34.800680,5.662458
36.023470,5.662458
37.246260,5.662458
38.469050,5.662458
39.691840,5.662458
40.914630,5.662458
42.137420,5.662458
43.360210,5.662458
44.583000,5.662458
45.805790,5.662458
47.028580,5.662458
48.251370,5.662458
49.474160,5.662458
50.696950,5.662458
51.919730,5.662458
53.142520,5.662458
54.365310,5.662458
55.588100,5.662458
56.810890,5.662458
58.033680,5.662458
59.256470,5.662458
60.479260,5.662458
61.702050,5.662458
62.924840,5.662458
64.147630,5.662458
65.370420,5.662458
66.593210,5.662458
67.816000,5.662458
69.038790,5.662458
70.261580,5.662458
71.484370,5.662458
72.707160,5.662458
73.929950,5.662458
75.152740,5.662458
76.375530,5.662458
77.598320,5.662458
78.821110,5.662458
80.043900,5.662458
81.266690,5.662458
82.489480,5.662458
83.712270,5.662458
84.935060,5.662458
86.157840,5.662458
87.380640,5.662458
88.603420,5.662458
89.826220,5.662458
91.049000,5.662458
92.271790,5.662458
93.494580,5.662458
94.717370,5.662458
95.940160,5.662458
97.162950,5.662458
98.385740,5.662458
99.608530,5.662458
100.831300,5.662458
102.054100,5.662458
103.276900,5.662458
104.499700,5.662458
105.722500,5.662458
106.945300,5.662458
108.168100,5.662458
109.390800,5.662458
110.613600,5.662458
111.836400,5.662458
113.059200,5.662458
114.282000,5.662458
115.504800,5.662458
116.727600,5.662458
117.950400,5.662458
119.173200,5.662458
120.396000,5.662458
121.618700,5.662458
122.841500,5.662458
124.064300,5.662458
125.287100,5.662458
126.509900,5.662458
127.732700,5.662458
128.955500,5.662458
130.178300,5.662458
131.401100,5.662458
132.623900,5.662458
133.846600,5.662458
135.069400,5.662458
136.292200,5.662458
137.515000,5.662458
138.737800,5.662458
139.960600,5.662458
141.183400,5.662458
142.406200,5.662458
143.629000,5.662458
144.851700,5.662458
146.074500,5.662458
147.297300,5.662458
148.520100,5.662458
149.742900,5.662458
150.965700,5.662458
152.188500,5.662458
153.411300,5.662458
154.634100,5.662458
155.856900,5.662458
157.079700,5.662458
158.302400,5.662458
159.525200,5.662458
160.748000,5.662458
161.970800,5.662458
163.193600,5.662458
164.416400,5.662458
165.639200,5.662458
166.862000,5.662458
168.084700,5.662458
169.307500,5.662458
170.530300,5.662458
171.753100,5.662458
172.975900,5.662458
174.198700,5.662458
175.421500,5.662458
176.644300,5.662458
177.867100,5.662458
179.089900,5.662458
180.312700,5.662458
181.535400,5.662458
182.758200,5.662458
183.981000,5.662458
185.203800,5.662458
186.426600,5.662458
187.649400,5.662458
188.872200,5.662458
190.095000,5.662458
191.317700,5.662458
192.540500,5.662458
193.763300,5.662458
194.986100,5.662458
196.208900,5.662458
197.431700,5.662458
198.654500,5.662458
199.877300,5.662458
201.100100,5.662458
202.322900,5.662458
203.545700,5.662458
204.768400,5.662458
205.991200,5.662458
207.214000,5.662458
208.436800,5.662458
209.659600,5.662458
210.882400,5.662458
212.105200,5.662458
213.328000,5.662458
214.550800,5.662458
215.773500,5.662458
216.996300,5.662458
218.219100,5.662458
219.441900,5.662458
220.664700,5.662458
221.887500,5.662458
223.110300,5.662458
224.333100,5.662458
225.555900,5.662458
226.778700,5.662458
228.001400,5.662458
229.224200,5.662458
230.447000,5.662458
231.669800,5.662458
232.892600,5.662458
234.115400,5.662458
235.338200,5.662458
236.561000,5.662458
237.783800,5.662458
239.006500,5.662458
240.229300,5.662458
241.452100,5.662458
242.674900,5.662458
243.897700,5.662458
245.120500,5.662458
246.343300,5.662458
247.566100,5.662458
248.788900,5.662458
250.011700,5.662458
251.234500,5.662458
252.457200,5.662458
253.680000,5.662458
254.902800,5.662458
256.125600,5.662458
257.348400,5.662458
258.571200,5.662458
259.794000,5.662458
261.016800,5.662458
262.239600,5.662458
263.462300,5.662458
264.685100,5.662458
265.907900,5.662458
267.130700,5.662458
268.353500,5.662458
269.576300,5.662458
270.799100,5.662458
272.021900,5.662458
273.244700,5.662458
274.467400,5.662458
275.690200,5.662458
276.913000,5.662458
278.135800,5.662458
279.358600,5.662458
280.581400,5.662458
281.804200,5.662458
283.027000,5.662458
284.249800,5.662458
285.472600,5.662458
286.695300,5.662458
287.918200,5.662458
289.140900,5.662458
290.363700,5.662458
291.586500,5.662458
292.809300,5.662458
294.032100,5.662458
295.254900,5.662458
296.477700,5.662458
297.700400,5.662458
298.923200,5.662458
300.146000,5.662458
301.368800,5.662458
302.591600,5.662458
303.814400,5.662458
305.037200,5.662458
306.260000,5.662458
307.482800,5.662458
308.705600,5.662458
309.928300,5.662458
311.151200,5.662458
312.373900,5.662458
313.596700,5.662458
0.562570,6.920782
1.785360,6.920782
3.008149,6.920782
4.230939,6.920782
5.453729,6.920782
6.676518,6.920782
7.899308,6.920782
9.122097,6.920782
10.344890,6.920782
11.567680,6.920782
12.790470,6.920782
14.013260,6.920782
15.236050,6.920782
16.458840,6.920782
17.681630,6.920782
18.904420,6.920782
20.127200,6.920782
21.349990,6.920782
22.572780,6.920782
23.795570,6.920782
25.018360,6.920782
26.241150,6.920782
27.463940,6.920782
28.686730,6.920782
29.909520,6.920782
31.132310,6.920782
32.355100,6.920782
33.577890,6.920782
34.800680,6.920782
36.023470,6.920782
37.246260,6.920782
38.469050,6.920782
39.691840,6.920782
40.914630,6.920782
42.137420,6.920782
43.360210,6.920782
44.583000,6.920782
45.805790,6.920782
47.028580,6.920782
48.251370,6.920782
49.474160,6.920782
50.696950,6.920782
51.919730,6.920782
53.142520,6.920782
54.365310,6.920782
55.588100,6.920782
56.810890,6.920782
58.033680,6.920782
59.256470,6.920782
60.479260,6.920782
61.702050,6.920782
62.924840,6.920782
64.147630,6.920782
65.370420,6.920782
66.593210,6.920782
67.816000,6.920782
69.038790,6.920782
70.261580,6.920782
71.484370,6.920782
72.707160,6.920782
73.929950,6.920782
75.152740,6.920782
76.375530,6.920782
77.598320,6.920782
78.821110,6.920782
80.043900,6.920782
81.266690,6.920782
82.489480,6.920782
83.712270,6.920782
84.935060,6.920782
86.157840,6.920782
87.380640,6.920782
88.603420,6.920782
89.826220,6.920782
91.049000,6.920782
92.271790,6.920782
93.494580,6.920782
94.717370,6.920782
95.940160,6.920782
97.162950,6.920782
98.385740,6.920782
99.608530,6.920782
100.831300,6.920782
102.054100,6.920782
103.276900,6.920782
104.499700,6.920782
105.722500,6.920782
106.945300,6.920782
108.168100,6.920782
109.390800,6.920782
110.613600,6.920782
111.836400,6.920782
113.059200,6.920782
114.282000,6.920782
115.504800,6.920782
116.727600,6.920782
117.950400,6.920782
119.173200,6.920782
120.396000,6.920782
121.618700,6.920782
122.841500,6.920782
124.064300,6.920782
125.287100,6.920782
126.509900,6.920782
127.732700,6.920782
128.955500,6.920782
130.178300,6.920782
131.401100,6.920782
132.623900,6.920782
133.846600,6.920782
135.069400,6.920782
136.292200,6.920782
137.515000,6.920782
138.737800,6.920782
139.960600,6.920782
141.183400,6.920782
142.406200,6.920782
143.629000,6.920782
144.851700,6.920782
146.074500,6.920782
147.297300,6.920782
148.520100,6.920782
149.742900,6.920782
150.965700,6.920782
152.188500,6.920782
153.411300,6.920782
154.634100,6.920782
155.856900,6.920782
157.079700,6.920782
158.302400,6.920782
159.525200,6.920782
160.748000,6.920782
161.970800,6.920782
163.193600,6.920782
164.416400,6.920782
165.639200,6.920782
166.862000,6.920782
168.084700,6.920782
169.307500,6.920782
170.530300,6.920782
171.753100,6.920782
172.975900,6.920782
174.198700,6.920782
175.421500,6.920782
176.644300,6.920782
177.867100,6.920782
179.089900,6.920782
180.312700,6.920782
181.535400,6.920782
182.758200,6.920782
183.981000,6.920782
185.203800,6.920782
186.426600,6.920782
187.649400,6.920782
188.872200,6.920782
190.095000,6.920782
191.317700,6.920782
192.540500,6.920782
193.763300,6.920782
194.986100,6.920782
196.208900,6.920782
197.431700,6.920782
198.654500,6.920782
199.877300,6.920782
201.100100,6.920782
202.322900,6.920782
203.545700,6.920782
204.768400,6.920782
205.991200,6.920782
207.214000,6.920782
208.436800,6.920782
209.659600,6.920782
210.882400,6.920782
212.105200,6.920782
213.328000,6.920782
214.550800,6.920782
215.773500,6.920782
216.996300,6.920782
218.219100,6.920782
219.441900,6.920782
220.664700,6.920782
221.887500,6.920782
223.110300,6.920782
224.333100,6.920782
225.555900,6.920782
226.778700,6.920782
228.001400,6.920782
229.224200,6.920782
230.447000,6.920782
231.669800,6.920782
232.892600,6.920782
234.115400,6.920782
235.338200,6.920782
236.561000,6.920782
237.783800,6.920782
239.006500,6.920782
240.229300,6.920782
241.452100,6.920782
242.674900,6.920782
243.897700,6.920782
245.120500,6.920782
246.343300,6.920782
247.566100,6.920782
248.788900,6.920782
250.011700,6.920782
251.234500,6.920782
252.457200,6.920782
253.680000,6.920782
254.902800,6.920782
256.125600,6.920782
257.348400,6.920782
258.571200,6.920782
259.794000,6.920782
261.016800,6.920782
262.239600,6.920782
263.462300,6.920782
264.685100,6.920782
265.907900,6.920782
267.130700,6.920782
268.353500,6.920782
269.576300,6.920782
270.799100,6.920782
272.021900,6.920782
273.244700,6.920782
274.467400,6.920782
275.690200,6.920782
276.913000,6.920782
278.135800,6.920782
279.358600,6.920782
280.581400,6.920782
281.804200,6.920782
283.027000,6.920782
284.249800,6.920782
285.472600,6.920782
286.695300,6.920782
287.918200,6.920782
289.140900,6.920782
290.363700,6.920782
291.586500,6.920782
292.809300,6.920782
294.032100,6.920782
295.254900,6.920782
296.477700,6.920782
297.700400,6.920782
298.923200,6.920782
300.146000,6.920782
301.368800,6.920782
302.591600,6.920782
303.814400,6.920782
305.037200,6.920782
306.260000,6.920782
307.482800,6.920782
308.705600,6.920782
309.928300,6.920782
311.151200,6.920782
312.373900,6.920782
313.596700,6.920782
0.562570,8.179106
1.785360,8.179106
3.008149,8.179106
4.230939,8.179106
5.453729,8.179106
6.676518,8.179106
7.899308,8.179106
9.122097,8.179106
10.344890,8.179106
11.567680,8.179106
12.790470,8.179106
14.013260,8.179106
15.236050,8.179106
16.458840,8.179106
17.681630,8.179106
18.904420,8.179106
20.127200,8.179106
21.349990,8.179106
22.572780,8.179106
23.795570,8.179106
25.018360,8.179106
26.241150,8.179106
27.463940,8.179106
28.686730,8.179106
29.909520,8.179106
31.132310,8.179106
32.355100,8.179106
33.577890,8.179106
34.800680,8.179106
36.023470,8.179106
37.246260,8.179106
38.469050,8.179106
39.691840,8.179106
40.914630,8.179106
42.137420,8.179106
43.360210,8.179106
44.583000,8.179106
45.805790,8.179106
47.028580,8.179106
48.251370,8.179106
49.474160,8.179106
50.696950,8.179106
51.919730,8.179106
53.142520,8.179106
54.365310,8.179106
55.588100,8.179106
56.810890,8.179106
58.033680,8.179106
59.256470,8.179106
60.479260,8.179106
61.702050,8.179106
62.924840,8.179106
64.147630,8.179106
65.370420,8.179106
66.593210,8.179106
67.816000,8.179106
69.038790,8.179106
70.261580,8.179106
71.484370,8.179106
72.707160,8.179106
73.929950,8.179106
75.152740,8.179106
76.375530,8.179106
77.598320,8.179106
78.821110,8.179106
80.043900,8.179106
81.266690,8.179106
82.489480,8.179106
83.712270,8.179106
84.935060,8.179106
86.157840,8.179106
87.380640,8.179106
88.603420,8.179106
89.826220,8.179106
91.049000,8.179106
92.271790,8.179106
93.494580,8.179106
94.717370,8.179106
95.940160,8.179106
97.162950,8.179106
98.385740,8.179106
99.608530,8.179106
100.831300,8.179106
102.054100,8.179106
103.276900,8.179106
104.499700,8.179106
105.722500,8.179106
106.945300,8.179106
108.168100,8.179106
109.390800,8.179106
110.613600,8.179106
111.836400,8.179106
113.059200,8.179106
114.282000,8.179106
115.504800,8.179106
116.727600,8.179106
117.950400,8.179106
119.173200,8.179106
120.396000,8.179106
121.618700,8.179106
122.841500,8.179106
124.064300,8.179106
125.287100,8.179106
126.509900,8.179106
127.732700,8.179106
128.955500,8.179106
130.178300,8.179106
131.401100,8.179106
132.623900,8.179106
133.846600,8.179106
135.069400,8.179106
136.292200,8.179106
137.515000,8.179106
138.737800,8.179106
139.960600,8.179106
141.183400,8.179106
142.406200,8.179106
143.629000,8.179106
144.851700,8.179106
146.074500,8.179106
147.297300,8.179106
148.520100,8.179106
149.742900,8.179106
150.965700,8.179106
152.188500,8.179106
153.411300,8.179106
154.634100,8.179106
155.856900,8.179106
157.079700,8.179106
158.302400,8.179106
159.525200,8.179106
160.748000,8.179106
161.970800,8.179106
163.193600,8.179106
164.416400,8.179106
165.639200,8.179106
166.862000,8.179106
168.084700,8.179106
169.307500,8.179106
170.530300,8.179106
171.753100,8.179106
172.975900,8.179106
174.198700,8.179106
175.421500,8.179106
176.644300,8.179106
177.867100,8.179106
179.089900,8.179106
180.312700,8.179106
181.535400,8.179106
182.758200,8.179106
183.981000,8.179106
185.203800,8.179106
186.426600,8.179106
187.649400,8.179106
188.872200,8.179106
190.095000,8.179106
191.317700,8.179106
192.540500,8.179106
193.763300,8.179106
194.986100,8.179106
196.208900,8.179106
197.431700,8.179106
198.654500,8.179106
199.877300,8.179106
201.100100,8.179106
202.322900,8.179106
203.545700,8.179106
204.768400,8.179106
205.991200,8.179106
207.214000,8.179106
208.436800,8.179106
209.659600,8.179106
210.882400,8.179106
212.105200,8.179106
213.328000,8.179106
214.550800,8.179106
215.773500,8.179106
216.996300,8.179106
218.219100,8.179106
219.441900,8.179106
220.664700,8.179106
221.887500,8.179106
223.110300,8.179106
224.333100,8.179106
225.555900,8.179106
226.778700,8.179106
228.001400,8.179106
229.224200,8.179106
230.447000,8.179106
231.669800,8.179106
232.892600,8.179106
234.115400,8.179106
235.338200,8.179106
236.561000,8.179106
237.783800,8.179106
239.006500,8.179106
240.229300,8.179106
241.452100,8.179106
242.674900,8.179106
243.897700,8.179106
245.120500,8.179106
246.343300,8.179106
247.566100,8.179106
248.788900,8.179106
250.011700,8.179106
251.234500,8.179106
252.457200,8.179106
253.680000,8.179106
254.902800,8.179106
256.125600,8.179106
257.348400,8.179106
258.571200,8.179106
259.794000,8.179106
261.016800,8.179106
262.239600,8.179106
263.462300,8.179106
264.685100,8.179106
265.907900,8.179106
267.130700,8.179106
268.353500,8.179106
269.576300,8.179106
270.799100,8.179106
272.021900,8.179106
273.244700,8.179106
274.467400,8.179106
275.690200,8.179106
276.913000,8.179106
278.135800,8.179106
279.358600,8.179106
280.581400,8.179106
281.804200,8.179106
283.027000,8.179106
284.249800,8.179106
285.472600,8.179106
286.695300,8.179106
287.918200,8.179106
289.140900,8.179106
290.363700,8.179106
291.586500,8.179106
292.809300,8.179106
294.032100,8.179106
295.254900,8.179106
296.477700,8.179106
297.700400,8.179106
298.923200,8.179106
300.146000,8.179106
301.368800,8.179106
302.591600,8.179106
303.814400,8.179106
305.037200,8.179106
306.260000,8.179106
307.482800,8.179106
308.705600,8.179106
309.928300,8.179106
311.151200,8.179106
312.373900,8.179106
313.596700,8.179106
0.562570,9.437430
1.785360,9.437430
3.008149,9.437430
4.230939,9.437430
5.453729,9.437430
6.676518,9.437430
7.899308,9.437430
9.122097,9.437430
10.344890,9.437430
11.567680,9.437430
12.790470,9.437430
14.013260,9.437430
15.236050,9.437430
16.458840,9.437430
17.681630,9.437430
18.904420,9.437430
20.127200,9.437430
21.349990,9.437430
22.572780,9.437430
23.795570,9.437430
25.018360,9.437430
26.241150,9.437430
27.463940,9.437430
28.686730,9.437430
29.909520,9.437430
31.132310,9.437430
32.355100,9.437430
33.577890,9.437430
34.800680,9.437430
36.023470,9.437430
37.246260,9.437430
38.469050,9.437430
39.691840,9.437430
40.914630,9.437430
42.137420,9.437430
43.360210,9.437430
44.583000,9.437430
45.805790,9.437430
47.028580,9.437430
48.251370,9.437430
49.474160,9.437430
50.696950,9.437430
51.919730,9.437430
53.142520,9.437430
54.365310,9.437430
55.588100,9.437430
56.810890,9.437430
58.033680,9.437430
59.256470,9.437430
60.479260,9.437430
61.702050,9.437430
62.924840,9.437430
64.147630,9.437430
65.370420,9.437430
66.593210,9.437430
67.816000,9.437430
69.038790,9.437430
70.261580,9.437430
71.484370,9.437430
72.707160,9.437430
73.929950,9.437430
75.152740,9.437430
76.375530,9.437430
77.598320,9.437430
78.821110,9.437430
80.043900,9.437430
81.266690,9.437430
82.489480,9.437430
83.712270,9.437430
84.935060,9.437430
86.157840,9.437430
87.380640,9.437430
88.603420,9.437430
89.826220,9.437430
91.049000,9.437430
92.271790,9.437430
93.494580,9.437430
94.717370,9.437430
95.940160,9.437430
97.162950,9.437430
98.385740,9.437430
99.608530,9.437430
100.831300,9.437430
102.054100,9.437430
103.276900,9.437430
104.499700,9.437430
105.722500,9.437430
106.945300,9.437430
108.168100,9.437430
109.390800,9.437430
110.613600,9.437430
111.836400,9.437430
113.059200,9.437430
114.282000,9.437430
115.504800,9.437430
116.727600,9.437430
117.950400,9.437430
119.173200,9.437430
120.396000,9.437430
121.618700,9.437430
122.841500,9.437430
124.064300,9.437430
125.287100,9.437430
126.509900,9.437430
127.732700,9.437430
128.955500,9.437430
130.178300,9.437430
131.401100,9.437430
132.623900,9.437430
133.846600,9.437430
135.069400,9.437430
136.292200,9.437430
137.515000,9.437430
138.737800,9.437430
139.960600,9.437430
141.183400,9.437430
142.406200,9.437430
143.629000,9.437430
144.851700,9.437430
146.074500,9.437430
147.297300,9.437430
148.520100,9.437430
149.742900,9.437430
150.965700,9.437430
152.188500,9.437430
153.411300,9.437430
154.634100,9.437430
155.856900,9.437430
157.079700,9.437430
158.302400,9.437430
159.525200,9.437430
160.748000,9.437430
161.970800,9.437430
163.193600,9.437430
164.416400,9.437430
165.639200,9.437430
166.862000,9.437430
168.084700,9.437430
169.307500,9.437430
170.530300,9.437430
171.753100,9.437430
172.975900,9.437430
174.198700,9.437430
175.421500,9.437430
176.644300,9.437430
177.867100,9.437430
179.089900,9.437430
180.312700,9.437430
181.535400,9.437430
182.758200,9.437430
183.981000,9.437430
185.203800,9.437430
186.426600,9.437430
187.649400,9.437430
188.872200,9.437430
190.095000,9.437430
191.317700,9.437430
192.540500,9.437430
193.763300,9.437430
194.986100,9.437430
196.208900,9.437430
197.431700,9.437430
198.654500,9.437430
199.877300,9.437430
201.100100,9.437430
202.322900,9.437430
203.545700,9.437430
204.768400,9.437430
205.991200,9.437430
207.214000,9.437430
208.436800,9.437430
209.659600,9.437430
210.882400,9.437430
212.105200,9.437430
213.328000,9.437430
214.550800,9.437430
215.773500,9.437430
216.996300,9.437430
218.219100,9.437430
219.441900,9.437430
220.664700,9.437430
221.887500,9.437430
223.110300,9.437430
224.333100,9.437430
225.555900,9.437430
226.778700,9.437430
228.001400,9.437430
229.224200,9.437430
230.447000,9.437430
231.669800,9.437430
232.892600,9.437430
234.115400,9.437430
235.338200,9.437430
236.561000,9.437430
237.783800,9.437430
239.006500,9.437430
240.229300,9.437430
241.452100,9.437430
242.674900,9.437430
243.897700,9.437430
245.120500,9.437430
246.343300,9.437430
247.566100,9.437430
248.788900,9.437430
250.011700,9.437430
251.234500,9.437430
252.457200,9.437430
253.680000,9.437430
254.902800,9.437430
256.125600,9.437430
257.348400,9.437430
258.571200,9.437430
259.794000,9.437430
261.016800,9.437430
262.239600,9.437430
263.462300,9.437430
264.685100,9.437430
265.907900,9.437430
267.130700,9.437430
268.353500,9.437430
269.576300,9.437430
270.799100,9.437430
272.021900,9.437430
273.244700,9.437430
274.467400,9.437430
275.690200,9.437430
276.913000,9.437430
278.135800,9.437430
279.358600,9.437430
280.581400,9.437430
281.804200,9.437430
283.027000,9.437430
284.249800,9.437430
285.472600,9.437430
286.695300,9.437430
287.918200,9.437430
289.140900,9.437430
290.363700,9.437430
291.586500,9.437430
292.809300,9.437430
294.032100,9.437430
295.254900,9.437430
296.477700,9.437430
297.700400,9.437430
298.923200,9.437430
300.146000,9.437430
301.368800,9.437430
302.591600,9.437430
303.814400,9.437430
305.037200,9.437430
306.260000,9.437430
307.482800,9.437430
308.705600,9.437430
309.928300,9.437430
311.151200,9.437430
312.373900,9.437430
313.596700,9.437430
