266.996700,-8.213694
93.982030,8.219365
154.246300,1.100181
11.107470,7.010273
43.816570,1.759389
162.057400,-3.553471
109.219500,-3.756683
165.500700,8.173707
192.077900,0.115880
236.713300,-4.693007
46.864350,0.189175
140.492600,-4.683963
114.956500,8.205099
27.124920,8.208956
156.900000,5.708501
174.481400,-2.421244
156.230900,2.251788
162.719800,-2.401152
44.379160,-4.054660
279.433400,2.530025
188.787400,-2.376394
237.870100,0.008886
272.119800,-3.954679
303.347900,4.710938
283.939100,7.059817
255.426800,-1.632757
306.147800,-3.525416
249.883100,4.911909
214.657900,-4.639172
277.750200,4.622370
22.376240,-4.785707
21.113320,-2.455889
32.358880,-3.330769
44.945800,-1.865470
240.602400,-7.017973
10.470060,5.851274
127.760700,-6.735304
166.617400,-7.025338
307.441800,-5.848492
163.352000,-5.866235
41.142020,3.755491
308.471800,2.380658
49.973000,-3.066028
94.704350,-0.373960
20.502010,-1.277878
296.944700,4.897732
276.173300,-5.951280
21.352810,9.331919
114.950100,5.929945
110.751700,0.694675
105.380300,-8.031849
9.516680,-9.331697
93.788480,1.663400
219.659300,7.019802
138.452700,3.488245
207.556700,2.052589
201.132500,-5.865154
270.357100,8.186913
180.379300,9.332059
73.618200,-4.978679
110.302300,-4.496313
115.307600,-1.770966
8.252067,-0.062432
38.666410,-0.285988
281.136000,0.529539
37.200180,6.014743
192.053400,9.329265
111.507700,-3.976921
214.384200,2.396430
53.229270,-8.220760
16.875890,8.173008
307.438700,-3.529755
66.246280,-0.474401
97.312930,-7.945778
297.583000,8.222341
211.790600,7.020207
203.910900,4.761004
45.636440,-4.352322
60.215240,2.857663
313.287700,-7.019557
105.595000,-5.425890
31.210490,-2.694824
256.761400,-8.195710
120.798400,7.024828
16.001910,-0.057225
106.477500,2.522694
8.234944,-7.012939
293.050300,7.127587
71.872580,1.227691
277.731000,1.152173
53.016030,-0.783665
261.444400,9.340110
126.691600,-2.098671
63.600350,2.454238
65.221340,-6.248841
243.823100,5.921819
241.114700,-1.176910
259.193700,-0.486520
302.937000,-6.993746
182.937500,-5.871321
66.121020,2.934013
100.526400,5.921401
147.658800,-8.167631
39.998350,-5.287601
243.855800,-5.879826
37.963920,9.367661
216.587800,-3.463208
250.353300,-8.200788
70.291330,2.781574
299.700900,-3.596864
306.798100,-2.370137
291.733900,-3.867829
7.595737,-3.539066
241.698100,0.006324
148.975000,-3.527423
204.575900,-2.081510
206.302400,-8.200305
3.402538,2.353329
245.791900,9.340424
234.698200,8.168669
28.727580,2.720526
279.445700,-6.772726
34.586490,-2.666354
27.486870,-9.351577
181.472100,0.052070
133.871300,6.996919
237.232500,-1.154362
2.094123,2.349401
209.817600,5.874835
136.429700,9.328548
288.645400,-7.236205
73.002220,5.668191
201.220000,-1.256983
272.838400,-5.026877
32.151970,2.795856
251.050300,4.283279
14.033850,-3.531453
102.571200,2.529083
186.181500,-2.394583
113.635500,5.939817
22.788040,2.116344
77.745560,-9.346272
142.439300,-5.849603
196.684400,3.568876
31.330240,6.639009
205.644100,-4.121079
67.624030,6.398797
210.301500,0.043723
199.840700,-5.852149
93.667650,0.347903
90.711040,7.094851
46.542500,-3.404632
43.760640,-9.393640
47.134360,-1.101442
8.888627,-3.535371
167.494500,1.121564
51.306480,-9.342663
184.252700,-8.178770
282.051800,2.992055
166.826900,-0.026537
145.710400,-2.367496
14.982840,2.368246
243.168000,9.338523
124.326600,-8.689559
11.753710,5.848609
72.105290,4.690054
97.256230,4.852210
283.169300,-7.104851
129.922600,4.716586
177.778200,9.332622
57.690120,-1.037080
263.777600,3.288280
127.259300,2.413883
182.316100,8.174048
294.311500,4.826638
212.410600,-1.068326
288.388900,0.549480
133.142600,-1.070950
236.661200,4.690969
261.860800,-8.198500
127.932200,-0.091276
223.679300,-2.275617
290.509500,4.874326
309.133800,5.858373
106.452700,4.904740
12.729320,-8.172873
51.269270,-7.041484
74.613330,4.083705
301.614500,-2.392955
272.212000,-6.106463
36.244770,5.089568
293.681100,5.964816
5.974890,9.330113
49.122450,-0.667680
45.780610,4.865689
81.940060,3.251061
256.677800,-1.246485
90.887070,-4.716773
27.784820,1.875991
194.660400,-3.507904
112.992800,7.076553
207.566500,-5.911759
74.278830,5.370263
168.612400,-1.260163
58.552570,-2.033096
105.485900,-6.722416
47.407200,-9.346243
208.516200,8.184047
76.844570,-0.061508
61.410450,9.344917
167.924500,-7.025410
33.392290,2.419702
259.877000,2.312239
254.865600,-6.727209
35.353390,9.351297
235.939100,-1.147245
167.276600,-5.871902
305.910600,2.397726
93.068650,-6.103855
219.195300,-3.450199
312.629100,-8.174644
299.714300,-5.904899
39.919250,-0.616953
247.337400,-1.587038
103.157400,3.699855
272.074900,5.836490
45.153590,3.770435
117.839700,2.022454
266.548300,9.368665
125.452600,-9.344975
253.195100,3.605707
295.524400,1.600984
43.253230,-8.321413
248.573700,4.753021
295.196500,-9.350227
131.882600,3.552075
264.284500,0.854304
227.513500,2.385217
30.378990,5.723121
38.058900,-2.450136
56.177590,9.355634
101.177800,4.781054
70.356770,-1.868910
76.286220,-9.369137
82.240180,1.882322
257.557300,9.345464
252.871500,2.344937
188.145100,-5.844736
88.985440,3.704957
43.690470,-1.576665
68.280560,5.321771
276.450300,0.975966
38.518900,-8.288195
125.512200,-4.071271
276.868700,-1.273229
233.400300,1.213911
133.835200,9.329665
288.482500,-9.343986
60.638720,0.690820
263.075100,-5.866081
10.176910,-3.534377
284.584300,8.211609
-0.206232,-1.241613
118.212800,7.029320
258.030900,-8.193045
211.797800,9.331099
176.481000,9.332672
240.577500,4.714790
137.100900,-1.122097
265.951400,8.214340
206.938900,-3.402902
216.364200,-1.056194
146.989400,-0.035697
197.988900,5.875919
122.059600,4.709484
230.782800,8.169836
216.374200,5.862592
44.033760,-2.812380
81.586560,7.107038
112.920400,-0.837919
260.790000,1.146461
196.626400,-2.358590
99.875660,7.072387
245.788700,-4.873433
156.237100,4.558379
179.027400,-8.183705
274.675400,-3.802469
207.197700,5.896067
159.052300,8.171005
213.988000,-3.486338
84.472500,3.405079
253.130000,-5.821828
43.341100,-0.362410
27.248830,-1.472589
220.310100,-1.055636
286.515300,7.097890
185.524800,-1.244442
275.641500,5.438866
292.554000,-7.134907
156.174000,-2.382372
226.237100,-9.328647
103.211400,-6.528352
47.431550,-2.460347
29.717160,8.231554
76.802600,4.633018
158.120200,-5.856876
31.003300,7.920088
37.229990,-8.131793
6.949924,-7.017243
143.725300,5.764453
42.199190,-4.675194
235.415500,-4.690265
266.892900,4.915253
292.613600,-1.627298
69.082610,-5.976995
293.534900,-2.573374
110.167800,-5.763857
191.411500,1.261360
231.407700,0.046122
161.524000,2.253706
273.050900,-1.753563
36.815410,2.577580
131.182700,0.115190
264.657500,2.239948
17.893410,-3.550861
296.941500,2.048604
215.988800,-6.942184
71.063350,-7.069012
211.079300,1.249440
214.073200,-8.126999
224.393200,-3.467482
308.055600,-9.332119
133.843800,2.379214
13.376680,-7.013313
122.732000,5.890326
115.399300,-0.457715
178.369700,-4.727705
176.434500,-1.264798
34.925760,0.775251
186.834600,-3.545514
99.058800,-2.108323
301.415300,3.548972
117.388200,-8.012887
73.046010,-8.210271
213.066000,2.395868
139.845900,-3.523417
311.323100,-5.861979
189.419300,4.698145
278.956500,-2.133348
150.952000,2.260052
228.824200,4.696522
196.697200,1.266283
267.419700,6.104044
233.467900,-5.841673
123.217100,-5.370503
170.560500,-2.418864
249.686300,3.703122
80.255300,9.350013
98.664120,-6.009635
311.975400,-7.018003
239.949400,-8.173088
172.150200,-0.003748
83.376330,2.517958
179.677600,-7.030975
251.027300,-4.374013
30.648180,4.452513
169.254700,-2.414775
211.777400,4.712189
113.908400,-2.896917
203.045000,-9.338368
285.426800,2.402238
170.819900,6.866852
228.821800,2.380836
70.935870,0.285977
309.386500,-2.381292
49.014020,1.437595
310.402700,3.526726
229.470400,1.220572
89.800030,-6.720882
258.867800,4.786393
160.191500,-0.048787
73.704510,3.133164
122.185500,-0.741403
90.821980,-2.080692
215.046300,-1.059945
30.130220,-4.877367
85.661090,2.846158
239.306800,-4.702992
104.457100,3.781677
58.755260,7.134034
62.102450,-5.880760
33.324750,-5.957463
280.741700,-6.565684
111.374400,-5.274054
232.171400,-5.836472
122.087500,-4.698094
252.316900,9.356918
281.405200,-5.195199
193.379900,4.718273
24.966590,-4.831759
47.704770,1.417454
313.295700,-2.395858
190.089600,1.254898
125.363500,8.186569
258.856300,9.342279
89.642750,-1.472181
253.562600,-9.343865
17.865560,-8.180281
44.256920,0.562299
54.227790,8.224258
292.226500,-2.773459
105.825400,3.813375
104.204400,-8.600370
163.346900,-8.176237
148.970600,1.112122
213.751700,5.864837
18.788270,4.698421
20.730380,1.100281
296.282700,-0.468694
194.044700,3.567880
85.407170,4.352052
115.402800,-5.614615
288.598400,-5.029264
79.363600,3.897734
125.943700,2.458613
272.948300,4.851123
123.197900,-8.019094
34.636150,2.042673
154.253300,3.408498
188.766800,1.244863
244.218500,0.023869
270.820700,5.564029
236.654400,7.009309
249.737900,7.120622
202.428600,-5.882959
299.517600,2.352787
280.298500,4.911860
139.811500,-8.170777
306.800400,-0.059585
236.050900,-8.171260
99.207680,3.626305
197.818400,-9.329202
291.811100,0.184240
219.762300,-2.257509
11.110700,2.369868
144.366400,2.291006
176.414000,-8.184323
55.803820,-5.947595
116.097700,-8.038548
211.382000,-3.513175
78.069180,-0.386814
17.265270,-2.385150
164.170200,-0.037257
9.829109,4.691083
194.003800,-4.662269
312.639400,-1.240309
176.813400,1.173722
186.770300,4.672864
183.605900,-9.332019
45.096260,1.546411
23.935690,6.848704
171.843300,-9.332236
223.590700,9.329043
53.878170,-9.349096
83.540900,8.215816
227.639800,-4.648776
300.368700,-7.034386
245.141500,3.675573
291.269300,-9.372907
279.007200,1.328853
177.476800,2.323303
220.316600,8.174986
251.000600,-9.342526
118.829800,-0.014685
259.473900,-3.941829
7.589319,-8.172291
124.450900,-0.757411
193.354400,-1.200898
38.042640,2.219097
98.144820,-0.042015
48.706540,-2.783293
61.630530,-7.097140
109.060600,9.355245
53.415710,-2.935604
265.093300,3.494004
145.702100,6.908788
18.550710,-2.398089
88.740510,-8.728618
245.141200,-8.211018
237.300400,8.167779
247.121500,7.070031
261.187300,-7.077795
137.119200,1.188528
94.287610,-4.218894
239.273700,4.702684
216.359400,1.247479
228.162200,1.225018
25.731120,6.024055
236.063200,-3.531536
190.087700,8.170679
84.600700,2.080796
119.798300,-6.000106
157.561900,6.858953
30.834660,-1.491947
302.721700,8.175830
269.680500,9.334638
228.932200,-4.656674
109.564900,0.127425
165.962400,-8.178366
37.779470,-9.340807
254.795900,0.544612
184.118800,6.948716
273.602700,9.363059
199.340500,1.269983
71.921540,8.219834
136.531800,-9.327861
59.050740,-9.373954
186.186400,-4.705260
75.653470,-4.485365
280.230500,-1.931274
284.523000,-0.042426
220.966100,4.708859
228.286900,-3.489347
285.897400,3.636924
26.175060,-9.360151
165.502400,2.263517
162.925300,8.173370
153.548100,-4.692237
237.983100,2.380817
222.932200,3.553150
239.158900,0.005923
280.722300,2.720765
289.654400,-2.650674
186.769300,6.963322
245.805500,7.066408
175.112200,-5.878611
25.583420,-8.231888
102.117800,-5.705222
288.002500,-6.185160
56.851100,3.700249
23.689280,-2.568105
147.431300,8.165008
258.261900,0.424312
15.939230,-9.331486
139.191000,-4.684113
246.483100,5.933702
260.152300,9.341055
180.800100,3.489488
248.232300,-2.547471
32.273280,7.560835
291.914100,-8.261375
294.533800,-8.228759
227.626800,-6.973691
212.449400,8.175286
263.784700,-9.341352
28.222290,-3.745755
311.326900,-3.549621
158.148000,-1.230757
288.458400,3.890204
209.174000,9.332463
230.785400,3.532741
171.856600,-4.722172
113.648600,8.209300
112.819400,-2.139215
135.952000,-3.514037
310.038800,-1.227473
8.874551,-8.171295
7.590813,-5.856157
14.667270,-4.692222
140.416400,2.317435
125.475100,-6.711446
303.565500,-3.528290
252.982800,8.220654
50.717930,-5.582139
306.147000,-1.213554
15.306360,-5.852456
103.884100,2.600033
131.234000,4.708883
228.863800,-9.327371
52.406460,-3.614905
131.247600,7.015173
228.149000,-1.090927
150.933900,-4.688519
80.959400,5.948325
4.054612,8.174656
288.811300,-1.639248
303.578200,-8.151528
56.177910,4.842511
59.459450,8.220986
4.370834,-0.080755
7.599947,-1.220602
62.940050,-7.073875
233.400600,3.529233
300.790800,7.018899
270.256000,-2.451921
238.602500,8.172429
137.815300,6.963704
135.803400,1.201277
42.760460,2.447332
80.621810,-6.156420
255.603800,8.220840
147.014800,-4.687698
-0.216264,-5.863789
196.009400,7.025423
279.292600,-4.403304
179.032100,-1.260598
180.133800,4.631683
271.668500,4.605163
231.438200,4.690467
143.735700,-8.169404
156.158000,-7.012513
25.412800,1.639421
54.704120,-2.793579
6.949219,-4.698617
189.441500,-3.526221
293.036600,9.360720
64.309210,-9.344245
146.346300,3.435607
304.854200,-8.155564
128.906300,-2.165748
201.310900,2.434747
196.506800,-9.329214
69.691590,-4.806102
151.307600,8.165669
93.188710,-3.456182
257.299200,-3.431365
23.060990,-1.393578
247.782100,-5.956457
143.036400,-0.013439
300.800900,9.334470
283.622900,-5.921094
153.886500,8.167112
313.649000,4.664802
40.533390,1.554973
133.211000,5.847433
40.241470,-1.871482
49.675480,7.099635
71.577770,-2.256172
146.138200,8.165475
95.365130,-4.989158
154.849200,-9.327762
292.582000,-9.364983
167.269900,-8.178386
111.689300,9.350759
154.921700,6.866971
21.729570,-8.203333
36.169710,0.403872
200.612900,8.184202
221.153900,-4.610974
254.207300,-8.190723
299.116200,-9.340515
29.919950,-2.449991
85.934000,0.222806
191.396600,-2.359072
50.418300,-0.802221
159.533200,1.101633
271.569200,-7.175572
197.288100,-1.206809
301.479200,1.226033
96.665110,-3.163497
184.779700,5.804956
143.755000,-3.527782
50.021030,-6.671169
69.769040,-7.088719
5.348964,3.525107
153.543300,-7.010670
263.210200,-2.952609
148.315100,2.270569
131.238800,9.330407
232.744800,4.689480
243.942200,1.324495
245.795300,-9.346572
44.920600,-8.930109
122.754900,8.187145
152.284900,6.876802
276.172000,9.203234
210.157200,-5.861955
203.244900,8.190221
228.809100,0.063334
260.730200,-3.575491
81.798450,-2.869237
75.361090,-3.190081
1.444587,3.505333
35.257410,-9.341620
154.856200,-4.694029
79.576350,-6.946429
239.907300,8.176865
150.275800,-1.207357
256.909800,5.932003
255.109400,-2.915125
25.602270,-5.971910
245.131100,5.949805
279.846100,0.313059
293.794100,-4.860341
1.454932,8.180195
126.722100,-0.770825
169.374200,8.175924
205.884000,3.627908
301.001900,-5.868356
212.066500,-4.665751
132.539300,9.330360
158.406100,9.330897
283.241300,-0.258840
107.682700,-8.135729
160.075500,-9.330337
142.427600,-8.169229
260.455700,-6.018681
167.922700,-9.332081
86.786770,9.341937
251.977200,-1.492612
211.911700,-2.297412
105.280400,-9.345387
148.333500,6.894931
161.528000,4.553132
102.482200,9.349794
52.282020,7.098480
188.870100,-9.330504
305.931900,9.334369
224.393500,-5.791655
244.489600,-7.071467
311.712900,8.168615
125.629500,1.201127
285.146100,4.719570
193.354800,-3.506741
139.114700,4.639648
116.855000,4.308156
73.699420,-9.341832
161.396700,-4.707912
57.691790,-4.535140
30.101150,-7.115467
14.655360,-7.011202
138.377900,8.166864
150.306100,5.728822
192.060700,4.714536
252.255000,-4.840838
5.657804,-7.017495
200.660600,1.283705
287.091600,0.347220
306.155100,-5.845142
54.903090,4.850070
228.267300,-8.138809
188.110600,0.093330
146.361400,-3.527357
302.290600,-5.850984
257.566000,7.067389
121.211600,2.762544
236.713200,-2.375362
83.549850,1.275343
145.039000,5.755760
217.039100,9.329044
309.149300,8.172788
160.866300,5.702781
37.957860,7.096427
15.320230,-3.534029
156.811900,-5.855646
161.517400,-0.046070
118.215600,9.333571
48.373420,7.098483
269.601500,-8.248625
197.325600,7.027872
3.724223,-3.553339
170.538500,-7.027619
7.252905,9.331729
230.883000,-3.506339
31.391600,-7.112406
218.349600,9.329349
80.732770,-7.466407
28.885930,7.234084
74.996680,-9.340107
9.822968,7.012330
15.346720,-1.214917
63.209160,1.205067
273.540300,-6.083370
175.109900,-8.181924
226.860200,3.544636
163.509800,1.108637
21.183910,-0.137652
57.587050,2.512236
41.860330,4.859243
101.840100,3.630394
268.593000,2.934343
96.025540,1.428541
87.265820,-1.628718
262.979100,4.742328
199.880000,-3.535311
9.179749,1.210886
265.685300,-5.933212
220.509900,-5.766796
78.952610,9.345128
205.223000,4.769706
27.728540,6.715071
286.463600,4.830208
141.121000,-8.170256
219.630200,-9.331841
82.891590,7.091131
274.218900,-7.154748
199.128500,-9.330049
108.422400,3.742989
92.666380,3.691058
252.915000,-2.374630
59.428020,3.847022
141.732400,2.309131
264.411100,-8.200652
187.442000,1.235962
149.368900,9.327968
163.565800,9.331214
242.410000,-1.184691
54.886200,7.094013
206.817500,-2.093679
61.450150,7.080381
37.417460,0.060341
95.060990,-9.328229
288.807500,1.740716
290.116900,-1.426263
299.507800,7.024815
154.910100,2.253464
19.794010,-7.038804
272.294400,9.347404
46.446820,3.723152
116.798900,2.739805
281.583700,1.759796
141.067300,1.156667
114.291600,4.807795
38.087070,-7.116104
53.238580,-5.969716
262.104300,8.195481
275.542400,-7.108739
234.053100,2.371435
276.034600,-0.235793
254.487400,-0.731823
172.516800,-3.572044
127.782800,-4.105027
302.077200,2.397136
201.822300,-4.722443
282.677300,7.190195
247.255200,4.766991
1.766774,-0.088249
201.273300,7.037360
270.252200,-7.153598
118.950300,1.375389
237.335600,1.220615
276.781400,8.038298
41.219870,6.007149
79.721500,-8.245002
293.856400,-1.320719
33.326150,-2.324953
64.053670,7.118716
208.506700,5.881003
47.607300,-7.086376
260.163800,7.065298
35.484650,-6.981584
236.013400,3.531804
263.390400,8.194873
48.376370,4.835077
198.575300,-3.523839
87.531860,-5.507495
185.444100,4.662893
285.872900,8.216881
230.863100,-8.153711
301.439300,8.176029
158.773100,-7.013971
23.325730,5.687711
120.757600,4.520751
101.313300,-2.353747
217.917900,-5.767673
172.151900,4.579742
245.458200,0.156290
82.817170,-4.706107
204.348600,-9.337917
177.066100,-9.333457
295.840000,-8.215482
150.927400,-7.008444
71.245990,7.134431
135.175400,4.674881
255.653000,3.309540
222.932400,5.863050
281.508500,-1.714076
168.824900,1.127540
89.399060,7.090923
6.948013,-9.332855
137.188200,-8.171747
278.571800,0.118992
96.603720,8.218867
168.156600,-0.020649
149.620300,-7.007767
212.685800,-3.495863
46.125160,-9.334984
214.419800,9.330048
112.358100,-8.643322
187.499900,-7.007364
206.543500,7.046788
41.987900,-8.109332
276.727700,-4.765153
90.703300,4.834785
62.805950,-0.012116
81.759750,-9.345979
158.793600,-2.391034
179.024600,-5.879137
248.417400,3.440332
195.946900,-5.823593
224.896400,2.393696
211.728400,0.091242
113.789500,-4.209898
285.188300,-8.199884
186.785100,0.083994
210.422400,2.405299
48.087120,-8.264358
59.353190,0.450057
40.846980,0.308155
224.245300,5.862339
22.398880,-2.504290
97.495120,-6.538322
106.673300,-6.159172
96.349750,-7.066370
43.837190,-6.247217
42.451520,-9.344978
34.340600,3.308467
48.368400,2.564639
208.972100,-0.130964
97.156660,-9.335093
278.491500,-3.367775
48.371170,9.354854
164.837200,1.112245
173.479400,6.878685
120.955200,-4.026617
154.193600,-8.169228
11.448720,-5.851150
156.894500,3.404670
92.679930,5.954294
126.769500,0.548455
71.541760,2.482728
158.115600,-8.170427
19.458800,1.142354
159.437700,-3.549469
265.067500,-9.343084
101.051700,-4.945106
85.304700,-6.901627
81.256000,1.023350
260.412400,-4.803835
164.842800,5.704841
68.179950,2.149822
62.872380,-3.380934
291.729300,9.360856
58.978050,-4.254844
225.552500,5.860623
308.729400,-3.536905
148.971500,-5.847114
103.121400,-7.850924
132.528800,2.393379
281.148500,3.901344
139.779300,5.791387
199.806100,-8.167886
218.454700,-2.258493
57.455280,7.114610
209.168100,7.030548
310.370200,1.204189
160.087900,-4.705444
297.124200,-3.717866
132.499800,0.091271
67.834230,-8.276025
34.930680,-3.903787
90.909500,-7.347586
20.438880,-8.195469
297.756400,-4.814111
57.458140,4.852387
32.031730,-8.240118
136.501100,6.974710
215.838900,-2.271554
8.545075,2.370177
152.939800,5.719519
193.332800,-8.125776
69.140590,-8.233611
251.645000,1.988940
262.989800,-4.554038
228.923000,-6.980599
67.776360,-6.050015
273.566000,-8.271354
139.672400,8.165938
36.795920,-2.106740
80.298800,7.129291
261.198400,2.402969
265.702600,-8.209987
67.610380,8.590166
55.169790,-7.097004
22.253050,3.333079
137.899300,-2.356410
225.543300,-1.076549
122.361100,3.420583
24.545420,0.704870
152.235500,-9.328113
290.282300,3.600485
59.373150,6.052137
152.599300,8.166505
213.727800,-1.061185
169.900000,-3.568102
142.408500,5.772803
176.143400,4.605241
120.938200,-5.347773
89.415350,4.871017
221.620700,-1.058505
148.324300,4.582761
57.749990,-7.040818
168.725200,9.331880
167.496800,3.416078
103.448300,-3.910215
274.917900,9.367797
155.565700,1.099618
118.123200,4.727305
93.981380,3.657155
108.859200,-7.581248
8.889503,-1.216723
18.155210,5.859138
268.392300,-3.817593
4.381006,-2.398074
141.611300,9.328418
6.313320,-1.226612
222.928100,1.245559
150.278100,-5.848424
71.673610,-5.915727
48.330000,-1.565346
79.070000,-9.353446
294.387400,-3.704176
266.098500,5.945257
255.723600,-5.104413
58.079700,6.003088
246.462500,-5.977584
21.089630,-4.756302
107.295000,0.260262
238.611500,5.855151
218.992800,3.555092
78.035930,4.261295
72.511990,-1.295661
267.718800,0.536791
174.815200,2.305734
295.288100,0.374727
40.226460,2.797238
167.947500,-2.412000
311.676500,1.202537
2.097623,4.663565
274.324300,-1.602827
40.559170,9.354675
280.583700,-4.189230
74.355720,0.592352
234.053400,4.688250
242.553100,-5.869767
5.977601,2.368393
94.635060,9.347529
306.555700,3.552992
10.820830,-2.374270
78.153650,-5.157659
67.409810,3.175717
1.097687,-5.862872
268.663100,8.519275
256.361200,-2.530809
95.938980,4.848812
31.601780,5.345393
249.165400,1.219420
150.296100,3.418271
141.720800,-0.003321
94.200400,-5.521406
12.084600,-9.331592
285.840900,5.947324
289.679000,0.785792
213.101200,7.020039
305.450300,-9.331800
29.475750,-5.996572
238.000400,-9.330008
179.670300,-4.723120
5.015519,-5.862332
243.204500,-2.413569
148.320800,-4.687520
253.631400,7.093523
180.312200,-3.570049
20.732670,5.855367
81.571920,9.353623
54.332040,-0.602693
175.476600,5.746029
62.703880,9.351035
314.294800,3.506663
160.746800,-3.551764
165.505700,6.852897
220.496600,-3.451383
192.042200,-8.121594
10.815260,-4.692867
116.576900,0.116803
284.459400,-3.489695
259.539400,3.597756
153.602800,6.871954
124.347300,-6.041802
85.487300,9.341619
228.170700,3.539896
86.787220,7.065317
265.044400,-7.059353
278.158900,-6.997439
195.353500,5.872761
243.865900,-3.562351
194.054800,1.268029
36.526500,3.838639
237.956800,7.011494
123.190700,-9.340480
187.546200,-9.329986
264.374100,-5.919387
166.168000,3.412263
93.719740,-9.372730
130.536900,-8.111612
126.653600,-3.426861
273.466300,-0.601047
166.830900,2.267245
99.482600,1.818959
173.891800,9.332565
241.257200,-3.554723
272.237600,-8.273364
23.269050,8.181591
95.297150,3.714617
10.832210,-0.059412
263.905900,-0.406954
3.071331,-2.397982
173.810600,-5.875584
76.498440,5.877307
191.397300,-4.665748
180.326400,-1.262326
12.734330,-5.853189
68.617520,9.373615
294.046000,-0.014748
232.047300,-1.120363
92.674200,8.218123
293.224900,-8.242155
221.618100,3.555513
212.399300,1.242893
219.662700,9.329219
79.446090,-5.560982
128.626400,7.027428
286.194700,-5.821556
2.402760,-8.175580
59.765220,1.659468
247.800700,5.941370
245.800600,-7.088478
43.161910,7.108959
296.474800,-7.075280
295.170200,-7.091122
300.138100,5.860036
182.801600,0.059629
204.456400,-4.714036
114.010700,-1.589399
51.932120,-8.202312
99.584240,-8.081413
205.073200,1.840413
261.689200,-4.566355
199.254300,-2.362297
283.349400,3.206466
266.659800,-3.549911
71.271040,-0.964081
242.958000,0.012684
282.334900,-2.723267
166.640500,-2.409940
145.672100,-0.029510
5.331823,5.845557
222.281400,7.017353
226.988400,-5.806515
47.071080,7.096540
100.383200,-0.272848
31.488440,0.646198
61.517250,-0.261851
37.802300,-5.882687
150.016600,8.164682
258.250100,-4.337220
171.224300,-1.266219
25.633460,-3.712664
217.279200,-6.929551
163.365700,-3.557850
164.662700,-5.866586
61.932700,0.946660
228.900900,-2.310209
29.690360,3.578729
193.373200,7.021543
305.500100,-2.367920
149.623500,-0.046870
33.687530,1.147267
51.018140,0.332733
253.541900,0.158754
63.722420,-4.317208
122.114500,-3.381696
163.514300,3.406098
230.130800,7.009692
190.746100,-3.516269
251.051100,-0.583871
140.429300,4.630527
195.962900,-3.509667
150.960700,4.570724
216.364700,3.553495
192.047300,-3.509822
213.364400,-4.653499
115.795400,3.510177
94.384470,-2.923969
294.293400,1.238085
206.536300,4.759004
243.169700,7.055344
45.118520,8.229161
238.660500,-3.544954
226.208300,7.015508
203.700900,-8.193589
207.181100,3.368146
307.430500,-8.167194
45.810270,2.608659
89.234750,1.112817
150.657900,9.327578
150.967700,6.882324
300.229700,1.208868
65.868410,-7.290656
14.656510,-9.331393
33.104550,3.679014
5.978210,4.688387
18.245680,3.493389
139.102500,2.326707
6.960415,-0.067465
110.387800,2.522177
89.345820,-0.200497
247.113500,-7.086074
13.044730,3.525693
152.245000,-2.372009
31.201550,1.915303
10.164600,-8.171447
21.088260,-9.341920
305.928700,7.020535
196.608800,-4.669044
149.632700,2.265015
3.364838,6.993479
143.087000,-7.009543
231.524800,-4.670612
260.581200,-8.220310
55.822880,-8.212662
278.723200,9.339964
287.952700,-0.650194
176.807600,5.756051
285.307400,-4.507296
193.398300,0.118915
258.545500,-3.047918
236.023100,1.215698
45.770720,7.100415
243.178900,4.757733
76.194780,2.461145
217.147000,-2.264875
103.135500,8.221359
135.823900,3.512928
17.221570,-7.022688
38.961830,3.119511
63.988570,3.679881
18.504380,-7.030223
236.708100,-7.013095
254.454200,-5.484656
46.423310,5.973569
103.794700,9.348352
282.649800,9.363093
251.664800,-5.947149
22.481740,-0.194575
76.266010,7.109267
88.746340,8.214801
153.596000,4.563022
241.864700,7.037026
126.660600,5.885409
222.452000,-4.621458
54.190370,1.559287
201.185300,-3.561014
49.024200,8.225995
2.744324,5.824271
133.916700,-9.328265
105.118000,4.885602
219.210400,-5.764242
208.150100,-4.754478
283.693300,0.964178
52.273200,2.614493
293.690900,8.237184
227.551200,-9.327674
119.811500,-7.335385
49.028880,5.970269
232.087300,8.168848
17.873980,-5.869803
131.442500,-2.305970
139.154400,-9.328553
145.030000,3.443428
290.076400,2.013831
49.677040,4.843235
136.487000,4.663202
116.251600,5.916739
192.067700,2.413146
96.421290,-5.766242
158.767500,-9.329054
274.137800,-4.956943
113.330100,3.043535
118.678000,-3.978761
28.769130,-9.348170
33.973650,-9.349216
76.990460,8.199518
73.364270,4.407501
269.027500,0.770872
41.504640,-2.196952
0.454849,-0.087282
110.425000,-3.211238
174.470400,-4.724177
178.145000,1.183345
224.900300,9.329570
196.031200,2.418208
134.487800,1.216342
133.361300,-3.493640
12.394920,4.684500
19.151530,-8.185978
89.747410,-4.093104
33.050670,-1.006666
190.739100,-1.210554
26.898060,-5.987233
157.463100,-9.328646
246.453100,-8.218304
291.099400,6.027699
254.289500,5.975431
231.436700,7.010499
146.356400,5.748964
231.515800,-6.993837
125.571400,-1.425804
45.995840,-5.592558
76.594090,-3.548012
101.824500,8.212420
314.607900,-2.397681
82.233840,8.227819
186.227300,-9.331280
13.684540,4.682191
16.897700,1.195341
127.968900,5.880152
249.806500,-0.949948
132.060900,-3.474717
113.502900,-8.019997
306.138600,-8.162342
274.305800,1.761876
256.103500,-7.074356
246.926500,-2.716456
234.004000,0.031607
36.649230,9.351820
195.303400,-4.663861
124.041100,5.897200
81.480840,-0.272624
300.348200,-4.733946
148.076200,9.327975
168.826200,3.420757
217.890000,-3.454393
169.490600,6.861465
183.462300,1.209773
213.521700,-9.329345
254.291900,8.222429
240.555300,9.332881
307.445800,-1.216220
99.871020,9.345374
210.481500,7.025095
278.224900,5.839817
214.032100,-5.805861
83.851180,-1.314040
23.748010,4.434077
5.663797,-2.389780
101.562600,0.249204
116.262000,8.198483
243.208300,-4.718373
101.832100,-9.390864
298.848600,5.867270
74.681720,-0.671876
183.578500,-2.410084
270.725700,-1.216730
139.197300,-2.362461
135.872900,-8.169080
202.624600,2.294238
102.254900,-4.420746
69.943400,9.376030
93.124500,-4.769019
25.181380,7.126703
87.566890,-6.801191
112.583600,-4.732542
185.450400,2.369007
230.129500,2.377022
87.489040,-4.210478
275.538300,-9.349688
20.443220,-5.896651
23.895300,9.350488
164.859600,9.332402
206.831400,-4.712425
169.490700,2.275901
288.491500,5.975716
184.317900,9.334608
145.682600,2.283133
85.017630,-1.835557
210.486600,9.330832
251.935400,3.292461
308.747400,-1.220822
215.361600,-8.112411
270.916400,-8.265483
32.443450,1.526921
155.579500,5.711897
75.277410,1.531931
50.327730,5.974481
287.300700,-5.190804
142.396800,3.460653
295.002900,3.728404
3.066200,-4.709486
221.801500,-5.775735
197.874200,-6.995844
68.954580,6.393569
281.272900,-8.284559
50.980270,9.353215
249.736200,9.358557
51.630440,5.976265
13.690330,2.367887
218.341300,4.709084
193.369800,9.329159
55.082700,-4.897310
181.462800,4.639896
205.005700,-5.902315
185.643000,9.333433
130.586300,5.865399
271.214700,6.953151
0.129571,1.196991
187.488600,-4.694716
268.596300,-0.437345
177.721100,-8.185567
213.056200,0.089310
72.361780,-7.106101
293.861600,-7.107063
103.129400,5.966612
224.384000,-8.113104
109.675200,1.424896
295.614800,4.879749
161.388600,-7.018481
242.543400,-8.182308
169.918200,-1.263742
313.662500,9.331045
0.785819,2.351950
175.772700,-4.727495
219.654000,4.709651
17.220620,-9.334636
60.721270,4.034633
25.015380,-2.566161
107.754100,7.114512
265.368500,-3.562408
137.082700,8.169221
36.522220,-9.343120
226.864600,5.856468
288.474500,8.228211
312.633900,-5.862861
248.417700,9.352653
234.702600,5.848039
164.655100,-8.176393
195.376300,1.268865
99.220750,8.211747
159.542900,5.703730
141.093900,5.781816
28.039170,0.537195
91.361120,3.730403
216.622800,-5.776684
100.681000,2.352637
23.670000,-4.806774
209.535300,-7.029575
140.966000,8.166146
160.342600,8.169194
0.436412,-9.330182
88.101400,4.692481
313.003200,5.825819
37.755180,3.499250
252.979400,5.945142
56.262100,2.552042
5.018246,-1.234095
150.281600,-3.528621
173.803900,-8.182328
227.514900,4.699685
198.019000,1.266372
277.301300,3.404075
107.087000,8.237827
7.255552,2.369993
10.163580,-5.851470
186.190400,8.137948
44.531770,2.701751
109.716900,3.696140
241.879500,4.730589
31.470590,-4.871340
167.498200,5.708675
50.979250,2.599280
245.891400,2.594390
276.422400,-2.484426
158.884000,6.857003
82.801730,4.891565
304.141800,-9.335770
71.256320,9.359643
119.505400,6.980724
84.048000,-6.608146
166.165400,1.117200
95.287890,5.962210
234.109200,-7.006817
34.045120,-4.866107
28.683330,-2.023543
190.739700,4.707707
202.593500,4.749455
32.794750,9.374171
287.966200,2.723953
11.110010,4.688734
260.458200,-0.129163
125.353200,5.896686
154.199400,-5.851594
210.765200,-4.687291
141.758300,6.933331
215.050500,3.554318
120.938200,-6.672522
95.235730,-7.580671
116.354400,-3.934056
184.122600,2.359604
224.898800,4.705514
298.877300,8.199074
297.520900,3.341327
297.803500,-9.343047
77.459210,2.118073
234.711300,1.212978
137.214100,-5.847761
272.892700,-7.175015
133.934300,-6.989337
129.278300,5.872305
308.087200,-4.691090
281.579300,5.043727
100.671500,-8.831348
50.324260,3.716387
155.573600,3.405815
19.806820,-4.732780
27.538820,-7.129724
217.019400,0.095976
250.387500,-3.221283
49.627910,-1.834083
76.897760,-4.804803
313.715400,7.000906
13.401480,-2.372443
19.830630,-2.420046
84.884970,-0.533399
201.927000,8.188251
106.571400,-7.462183
310.421300,5.849548
266.042400,-0.982013
244.490500,-9.341543
171.486100,5.722353
139.753200,1.166034
268.223200,5.093681
157.465500,-7.013440
162.191300,5.703574
98.422760,2.554688
269.069900,4.118028
160.732100,-8.175670
164.688600,-1.252091
128.633100,9.333225
200.466200,-7.017311
224.890000,0.083254
12.092210,-7.011953
208.239600,-7.047724
190.197000,-9.331272
289.133800,7.108322
311.974700,-9.331162
24.333630,-1.494251
304.856400,-3.526385
275.500200,7.822689
46.376010,-6.841208
80.534580,-4.847696
182.999700,9.333446
109.063100,2.569901
244.480300,7.067895
262.301100,-2.006787
33.969440,-7.118439
280.793800,6.063337
67.018050,5.274534
284.152900,2.195592
169.884700,-8.179266
48.175940,0.205894
21.728650,-5.916607
222.937000,8.173326
124.685600,4.757830
289.776600,8.244054
296.930400,7.102140
15.300050,-8.170626
229.480100,5.852301
232.820800,-4.677640
304.849200,-1.215365
304.217300,-4.683671
37.464490,-4.631194
171.207000,-3.570361
162.843400,-0.042554
85.789200,1.531433
55.171420,-9.348306
298.988400,1.153509
268.944100,-7.119672
81.805480,-6.733749
309.122300,3.537464
168.161700,6.857212
182.926300,-3.565371
50.979640,4.854101
232.746700,2.371014
66.960620,1.963521
39.283630,1.878808
218.998100,5.864577
101.441700,-1.059064
274.340100,5.203165
192.714100,8.174616
303.358900,7.020424
30.362290,9.351816
280.103600,-5.426156
159.457400,-1.237502
136.472600,2.350501
263.127200,-8.192621
120.989500,-2.709101
54.875530,0.566605
253.630800,9.347994
120.936700,-9.338883
302.928900,-4.690212
224.242800,3.551418
197.350100,2.417387
20.086730,7.012747
186.861300,-8.170983
5.661203,-4.703115
289.886000,-4.916673
281.331500,9.374001
166.615200,-9.331225
91.370300,5.964562
104.518500,-4.677274
50.658830,-8.193226
147.007100,-9.327604
296.488500,-2.666333
112.998600,9.346417
0.442741,-4.707841
118.682800,-8.005686
156.822500,-3.540542
115.617900,2.190694
35.933650,-8.194804
311.680400,3.519438
84.744380,0.768241
176.145600,2.315048
182.133800,1.202336
9.521726,-7.012366
133.993500,-4.660151
304.225900,-6.996004
278.071700,8.183325
79.710510,2.666861
95.467860,-3.692990
157.470000,-4.699051
283.848600,4.467230
218.554900,-4.609015
8.545326,4.688256
118.846300,5.832778
36.698270,7.201603
87.924710,3.001370
167.286400,-3.564328
146.783200,9.327337
95.586910,-2.399013
77.779560,0.870869
42.905490,-7.136523
186.202700,-7.016948
200.571000,-2.398374
58.129950,8.244390
9.528140,-4.695895
155.525300,-1.224472
105.848500,-2.843494
32.686600,-7.109939
153.589900,2.255129
291.519900,3.820488
34.983570,5.446596
130.678800,-5.734632
234.767300,-3.525463
6.957154,-2.382553
226.862400,8.172020
61.622730,-3.651516
67.497670,-0.216309
202.586400,9.334678
38.989060,-1.535428
257.939700,-0.863800
53.573950,0.410440
234.708500,3.529520
298.356200,-1.354624
80.003650,1.422483
221.797400,-3.455891
54.497220,-5.992808
253.857700,-3.283789
103.791200,7.103322
273.356900,6.042178
100.250200,-1.579168
44.461040,7.100684
59.826250,-1.757168
106.924800,-3.575134
230.779300,1.216706
307.855600,5.860948
299.519800,9.338992
108.376800,-0.435199
165.999200,-1.255657
70.847820,4.938363
155.504300,-5.853993
158.780300,-4.701385
149.627000,-4.687776
293.180500,-6.005824
109.458700,-1.171928
29.415440,4.835962
101.827500,5.934109
271.236900,3.391348
162.039500,-8.174602
73.693830,-7.065218
111.683200,7.084158
35.224690,-0.495742
300.772300,4.699378
240.609900,-4.708318
77.587840,-7.261475
82.954700,-7.332788
287.024600,-3.026241
143.712200,3.450942
107.586200,-9.380230
33.984950,-0.121116
138.498200,-8.172311
173.149500,-9.333250
111.022800,5.962115
98.796760,-4.704193
194.029100,8.175999
107.180700,-1.018996
119.920800,-0.712357
95.897800,0.159745
51.208780,-3.291338
137.769400,0.027291
47.733710,3.705005
141.773900,-9.328059
172.504400,-5.876183
300.246700,-0.111741
245.146700,-5.953405
252.328800,7.082317
248.584100,-1.300029
207.602300,-8.196474
162.276700,9.331908
218.997200,-1.055106
11.459820,-3.531183
281.962500,-9.363376
201.950600,3.590160
228.825900,9.328238
64.472080,1.473700
303.995700,3.557625
102.735000,0.764408
261.723200,0.196538
139.825000,-5.851276
90.057650,8.220476
1.437193,1.194653
264.011100,9.342496
9.544002,-0.058682
13.665680,9.330729
278.773100,-8.170320
246.397000,-3.799189
311.700200,5.836119
86.743970,3.556367
127.978500,8.183137
239.955800,-5.863090
72.453930,3.441214
90.189570,3.179918
142.255400,8.164310
142.385600,1.147711
299.045500,-2.468609
206.111600,-0.198758
170.533900,-9.331613
42.561020,-5.898528
65.370990,7.190262
85.141240,-3.123439
69.042660,-1.559446
194.687500,9.329965
72.546970,9.343429
60.718270,-2.696255
126.672400,8.185063
53.062400,-4.704734
25.185080,9.353118
117.662400,-0.613961
157.765700,8.168685
125.602700,-0.109651
50.041960,-9.368331
145.486300,9.328108
60.842520,5.955819
1.443434,5.817176
310.662100,-9.331336
33.646440,-3.608147
139.765800,3.478422
194.008800,-2.353605
249.059800,-8.204576
78.420620,-8.220133
46.774370,-8.174913
281.865500,-7.195143
154.534300,9.329407
216.384000,8.174849
267.314500,-0.677167
310.017300,-3.543678
147.662100,-5.849190
34.640630,-8.212920
247.647800,-0.385334
116.910700,7.051938
172.528500,-1.268592
238.002100,-7.016771
221.627100,8.173510
311.980000,-4.706723
205.884500,8.191696
144.388700,6.916727
209.762200,1.257510
112.274500,3.699446
137.787200,2.338240
76.305000,-7.041962
84.192630,9.346252
278.583300,3.577873
51.716050,-0.924365
131.856200,1.251816
189.462500,-8.147271
225.039400,-6.956143
211.138300,8.177687
299.078500,-7.060334
135.241700,-6.999812
272.017600,-0.987097
308.504100,7.016042
309.377200,-4.698719
302.822300,-9.342460
223.085800,-8.104034
21.779090,-1.319437
111.934200,1.234083
219.865100,-6.923385
74.470340,7.801699
255.472700,-8.197384
205.000800,-8.194106
141.081000,3.469607
294.334700,7.101070
289.232000,2.929550
74.445350,-4.075606
236.587800,0.011878
129.254600,3.571759
264.104900,-3.896959
127.730300,-8.056122
124.333000,-7.364797
220.957400,-9.331344
64.000170,9.359982
114.512100,3.548979
145.017400,1.131306
258.211900,8.207141
250.408600,1.606691
259.529100,0.796307
249.753900,-4.715168
159.422000,-8.172668
221.067300,-2.261057
73.434080,-0.345451
242.549300,3.587927
291.081700,8.253795
84.836650,5.797973
28.808350,-7.125972
84.195240,7.063735
65.272100,3.925550
168.161100,2.270949
69.387320,1.839993
286.530500,9.350117
182.276900,-4.720409
117.516200,-3.256784
63.690440,-0.962797
18.876690,2.330652
147.669600,-3.526904
85.481580,7.057620
188.090300,6.985069
36.479150,-0.854985
209.151300,4.726116
126.616600,-6.069881
185.445700,6.953980
174.812900,4.595243
235.364600,2.371692
156.474600,8.168779
106.797100,-4.868136
215.289200,-3.475061
297.104200,-5.939764
77.587170,7.020897
68.868510,-3.793063
296.268200,5.992155
283.286700,5.642658
203.247900,5.901896
297.779100,-7.070158
247.732800,-3.728807
279.373000,8.214190
152.925200,1.101984
39.656620,-4.040310
180.982400,-7.027697
167.933400,-4.721249
120.060900,3.401125
304.190200,-0.065411
177.481300,0.034303
31.871970,4.067653
28.390060,8.317108
94.064930,-6.962062
243.824400,8.199778
138.522400,-5.848041
249.452900,2.477293
286.550800,-4.221575
267.259900,2.711715
172.151900,2.288498
303.577100,-5.838280
277.220800,-3.543266
162.701900,-4.711038
165.309300,-7.023180
15.636410,3.521408
230.876300,-5.829084
287.187400,3.766493
210.465200,4.717611
230.108400,0.055104
100.525000,8.208010
88.642140,-4.803746
99.329570,0.507134
287.104300,-7.085565
17.515080,7.016542
54.254520,3.715281
296.524500,0.792899
92.438190,-9.344139
109.082700,-5.031509
170.020100,9.332828
91.134670,-9.338120
20.721380,8.171160
187.483900,-2.385666
291.239300,-7.157858
104.401900,-5.976925
131.905200,-8.145506
275.430100,-4.872692
0.792410,4.661197
179.682900,-9.332977
154.864300,-2.378717
43.813950,5.970267
229.583300,-3.497168
277.487400,-8.192618
222.927300,-1.063339
203.859100,1.201084
144.402100,-4.688412
133.861700,4.686672
209.571700,-9.334979
45.294930,-3.110251
243.236600,2.451944
217.694500,8.173582
19.443620,5.855573
129.937900,7.020784
3.058099,-9.331792
0.437930,-7.018409
201.102600,-8.179085
221.798100,-8.096080
28.446320,3.988278
257.412500,-7.044502
75.927700,-0.999777
168.084500,8.175166
44.237800,-7.507741
306.543300,1.235060
140.443800,6.943985
78.454170,-6.381578
245.799200,-2.085360
313.016900,8.173178
310.434100,8.169048
131.211200,2.408077
197.212600,-8.149357
262.737200,9.341022
94.248230,-8.272731
89.400830,9.346013
41.166190,-0.948311
154.213700,-1.219425
179.469000,5.773310
287.166400,-9.344209
219.217500,-8.078615
165.969400,-5.869701
235.406100,-7.010319
275.154900,-2.627512
72.950100,-6.005693
12.401710,2.369935
6.300900,-5.858413
292.112500,1.701290
312.393500,7.002752
306.798200,-4.686679
138.466900,5.802572
290.599700,-8.280215
171.191100,-8.179065
110.648800,-0.616438
41.859590,7.109983
128.935600,-6.112012
224.984800,-2.278701
31.376200,-9.354317
14.946460,9.332296
98.335340,-8.749520
54.256190,5.971066
134.508700,3.526566
180.137500,2.338661
239.255400,9.331190
110.370200,4.829877
144.391600,-7.012064
109.067700,7.105942
290.444500,-3.709186
311.990300,-0.084518
7.900586,3.528874
66.785130,-2.668052
103.133500,-9.334515
96.121440,-8.530354
224.234900,-1.070525
197.980200,8.179247
175.134000,-3.573126
304.203900,-2.369338
226.993100,-3.481897
105.112800,9.353660
160.986400,9.330134
82.671230,-0.773789
137.138100,3.501045
309.100500,1.216252
52.261220,-2.222047
268.981500,-2.656105
148.978300,3.423891
312.355700,9.330223
151.586300,-3.529071
157.483700,-2.385332
215.699800,0.094274
205.649000,-9.339877
143.060100,4.611950
314.316800,8.177146
44.468580,9.356771
71.012890,-4.769596
112.334400,5.945820
86.135250,8.203154
266.424400,0.268881
152.886500,-8.168039
231.437900,2.372870
41.850210,-3.438809
261.386100,-1.063648
139.085100,0.015272
219.649500,2.402903
201.333500,0.151550
15.977450,-2.377708
152.934200,3.410286
1.751288,-7.019488
40.772850,-7.735985
108.785600,-8.882453
253.649700,4.831133
93.982790,5.952691
5.659425,-9.334564
162.853400,6.853204
231.504300,-2.333497
170.155200,1.132965
175.480300,3.455185
175.185500,9.333725
47.724700,5.973903
304.633400,4.712843
207.259900,-0.857084
213.090000,4.709659
174.810500,6.885612
261.765600,-5.885357
264.071100,7.057326
116.706800,-5.569679
160.763400,-1.241825
303.999100,1.238912
239.956700,-3.550677
276.934800,5.657765
226.196600,0.078337
144.197600,9.327908
170.821400,4.574663
130.495700,-1.012322
39.240810,7.089290
171.869200,-2.419755
38.734760,-4.969560
287.173300,8.222389
108.138600,-3.024809
266.340300,-7.076979
127.794900,-2.799445
226.208600,9.328869
40.592610,4.944653
66.618360,9.374996
17.524770,4.698281
296.424200,-4.803287
212.783600,-8.140709
249.715700,-7.057137
78.910640,7.076509
78.938200,5.104966
225.555900,8.173259
166.149300,9.332064
284.555000,-9.340720
211.746200,2.399162
88.174320,0.399447
96.615090,3.748771
294.489700,-5.967252
248.439100,-4.804063
65.786630,-5.078361
294.589500,2.501442
94.632470,7.093060
259.260700,-5.450411
58.906590,2.661552
123.370000,4.750145
26.011430,4.813028
311.076200,7.005504
165.305400,-9.330710
143.101300,-2.367263
220.962800,2.402769
48.176460,-4.916206
90.919270,-6.045915
18.179470,1.173942
8.246439,-2.377898
69.044530,3.081300
50.948180,-2.006170
80.686550,-2.405596
181.633000,-5.874684
33.362460,8.290312
257.561000,4.787016
86.781380,4.813683
270.994400,9.334260
68.359670,-4.919138
222.274800,0.093223
64.976460,-0.720236
45.117970,5.970630
187.435800,3.531834
200.435600,-9.330572
166.834300,6.854712
226.974700,-8.131115
121.453000,8.184391
270.923900,-3.554023
192.701400,-2.355722
305.497200,-0.061028
82.231410,5.994723
52.573070,-7.083920
237.311200,5.852003
278.121300,-9.335809
302.274700,-3.542989
107.775400,2.665350
224.920600,-9.328278
207.201700,8.189842
165.978800,-3.562386
152.262300,-0.052108
83.542840,5.942821
230.752500,-1.108962
302.058900,4.706469
243.849700,3.622767
144.844800,8.164180
143.702100,1.138412
89.699260,-2.777523
232.739200,9.327842
185.542100,-5.865319
123.410000,9.335536
56.447510,-1.334303
44.454350,4.846555
145.696800,-9.327398
213.720100,1.242502
34.667690,8.174664
180.975000,-2.417852
86.416420,-6.216896
11.750590,1.211644
153.242600,9.328808
18.510940,-9.335628
101.871300,-8.186814
215.725300,7.017980
35.871380,1.673161
189.409900,9.329410
0.807590,9.332900
224.240000,1.240015
103.790900,4.858582
203.719400,-5.888994
276.195400,-8.215178
286.695600,2.574417
2.041000,6.994962
232.089400,5.848931
313.302500,-0.086047
308.715000,-8.175244
232.741500,7.008224
64.857780,2.705399
111.704800,2.525403
98.504200,-7.358054
258.672400,-6.700843
279.404000,-0.909886
265.575800,4.734084
163.381100,-1.249477
291.164500,-4.956411
199.304800,5.879268
45.111410,-6.555356
196.019200,4.720396
88.587880,-3.486757
182.790900,4.647044
172.817800,1.145706
88.092380,7.077720
275.945600,-3.688730
169.487200,-0.015554
79.678820,6.041748
55.563630,3.705897
23.761370,-0.317106
135.838500,5.825540
132.695500,-4.645448
41.475860,2.498358
250.377400,-5.884192
124.391200,-3.401147
61.113110,-1.471818
46.394700,1.421173
56.771790,5.980724
134.016200,-2.340794
285.243100,9.346903
111.731000,-1.377917
166.628100,-4.717309
12.389500,9.331876
234.046100,9.327388
261.055700,-2.330200
293.362800,2.099821
160.099900,-2.395065
56.006970,-2.551226
197.320100,9.330654
198.670300,2.419274
289.290600,-6.091356
47.254860,-5.861582
241.242500,3.566615
205.881300,5.909132
188.781400,8.164834
186.776300,2.379205
18.797530,7.016349
273.877200,3.959019
154.259900,5.715915
78.401760,3.026869
138.419100,-1.133934
39.500500,-7.478416
192.716900,5.868803
175.785300,-2.422402
61.842460,4.641133
270.273500,-4.899496
111.271700,-9.338203
36.795350,-6.878859
295.853800,2.745073
275.180400,0.779109
277.493900,-5.849038
13.675730,7.005084
256.258100,4.781600
182.290400,-7.027184
61.997040,-2.430841
310.678100,-2.391072
148.314600,-9.327104
271.578300,-9.364537
222.280900,-9.330056
241.921500,2.422662
275.594800,1.989764
58.950550,-0.787530
262.507600,-9.342676
116.082200,-9.342200
291.196700,2.600294
213.218700,-2.284320
313.639600,2.353999
164.028200,-2.404146
190.732300,7.013118
258.862500,7.064287
98.571530,4.812031
126.633700,3.585702
264.273400,4.534768
179.475700,1.189320
250.427200,6.021503
160.858400,1.103583
239.308000,-2.389408
173.829400,-1.268481
118.616000,-5.342974
92.648210,1.083856
37.325710,8.264574
237.352900,-8.174129
295.796500,-5.945442
114.079900,-5.501460
47.080830,4.849501
24.612030,5.401356
155.500500,-8.169435
174.152200,1.154792
15.943910,-7.015853
246.451600,8.203067
8.230141,-9.331949
47.067830,9.352797
119.431800,4.567371
43.813610,8.232851
249.078900,-5.922213
202.398400,-8.185660
146.325900,-1.188859
119.977500,0.605585
93.046420,-7.816385
186.826200,-1.236105
107.744400,9.351019
184.899300,8.152686
148.307000,-0.041236
14.689970,-2.373077
105.190800,2.781679
62.325240,-8.217617
180.131800,6.924362
149.625700,-2.368272
146.355600,-5.848747
122.065100,-8.672844
29.153760,6.069007
97.197860,2.047932
293.699800,3.465181
102.380300,-3.130188
164.673400,-3.558776
147.008800,-7.008832
282.869600,1.982206
102.475800,7.083638
110.051600,-6.997589
215.730400,9.329999
198.638000,9.331455
81.718710,-5.432350
66.958370,7.470961
125.492800,-5.395471
148.313100,-7.008234
311.026600,2.360760
144.353200,-0.021401
257.951500,-5.609960
109.976500,-9.397441
159.695900,9.329942
152.233900,-7.008534
131.397000,-4.620976
307.188600,2.390176
94.631210,4.820082
171.486300,1.139223
104.448700,5.991168
190.744200,-5.823619
137.893800,-4.678365
307.217100,9.333921
260.811600,8.199625
205.700700,-2.794204
136.593600,-4.676310
169.229900,-9.332150
43.472430,-4.991885
108.404800,8.234875
244.549100,2.504678
236.061900,-5.851338
22.528890,4.632769
151.950600,9.328302
196.039200,0.117634
261.469200,7.058537
191.394800,-6.972816
16.233190,9.332194
84.047190,-8.027093
236.004000,5.849079
212.201400,-9.329541
138.435400,1.176341
72.788920,2.174406
225.548000,1.237453
208.860700,-5.887984
180.324300,-5.875808
262.646900,-0.736108
228.823800,7.011573
141.130800,-5.849026
277.680800,-2.322593
289.272900,-8.315261
26.922740,-3.744745
160.206400,6.854085
88.743700,5.956693
142.904300,9.327926
256.911700,8.209816
12.747530,-3.531606
215.700600,2.399612
184.224500,-1.251769
12.097080,-4.691227
177.722200,-5.881504
77.122200,3.367368
271.644700,1.214659
15.609460,1.206553
76.956590,-8.311330
35.293050,4.196624
160.738300,-5.862376
290.436600,7.132210
259.294900,-8.227057
114.798600,-8.051759
199.956900,7.031302
198.651700,4.725184
243.705300,-1.197019
84.053500,-3.964507
4.051870,1.196942
308.504300,9.332501
80.653760,3.593062
24.312070,-8.218608
225.692900,-5.798137
1.754225,-4.708660
102.506200,-1.837703
73.217730,8.139384
151.621800,5.724637
19.216100,-1.248991
273.883100,-2.767354
192.691400,-6.967631
25.842200,8.220191
123.350000,2.540664
14.312370,8.168887
80.492150,-1.116248
309.350300,-9.332491
6.305980,-3.543852
290.550800,-0.179226
311.987600,-2.396698
202.495700,0.969965
76.270730,-2.274551
13.383330,-4.691737
232.174900,-3.511526
311.072800,9.331007
225.678800,-8.123989
239.965900,1.243399
298.231100,2.246110
17.296310,-0.066445
3.714546,-8.176427
272.538900,3.642340
199.988900,2.426970
49.462940,-5.261293
85.353370,-9.383289
68.465730,-7.137594
81.628380,-4.135617
199.952900,9.332030
234.761100,-5.848189
131.990600,-5.805100
233.348000,-1.127045
295.009200,-0.831530
120.806100,9.335049
218.334100,0.097873
255.616200,5.986258
298.223800,7.075204
91.996670,-5.370127
14.951570,7.010265
135.289900,-4.672736
185.557900,-8.176167
173.824700,-3.572258
158.210100,1.100490
66.642020,0.759942
268.295600,-5.979202
99.866610,4.781738
184.783400,3.511448
178.996300,-3.573101
127.940300,3.580414
249.704800,-9.342349
11.450000,-8.171315
136.452600,0.039320
265.284500,9.349021
235.356400,4.690011
175.131200,-1.269448
87.602740,-8.099059
216.170500,-9.331106
78.735570,1.780193
155.514000,-3.537544
95.292620,8.219836
95.944610,9.346722
147.641500,-1.194973
274.733100,2.977539
226.205300,2.390274
82.882450,9.346663
223.584300,0.088776
141.746300,4.621199
57.111850,-8.202585
90.058880,5.975383
124.059500,8.188335
147.670600,5.741929
224.899900,7.017991
99.990810,-4.177592
269.276200,7.461044
67.582790,-3.728831
213.738700,3.553462
16.582300,-8.175253
234.111700,-2.353970
125.542300,-2.749485
59.414210,-3.002907
42.421620,-1.275473
194.664300,-1.201876
268.722200,6.284371
188.760100,3.541891
293.889200,-9.358616
19.439090,8.173140
91.366580,8.224952
150.928800,-9.327485
67.165610,-7.207754
151.613900,3.413833
313.286500,-9.329054
109.723400,5.972362
58.138610,3.721527
143.080600,-9.327703
3.404109,9.329678
157.544900,-0.051179
39.074980,-6.236750
113.014700,0.466843
172.817900,3.437457
295.708800,-3.680575
307.836000,3.546078
148.987100,5.734596
175.761600,-7.032870
23.019800,-5.932808
63.382110,-5.856384
129.861800,0.143264
203.931900,2.496034
106.107300,-0.292736
42.971470,0.863090
32.828660,4.959429
9.184772,3.529613
241.905800,-2.403934
48.717380,-9.372251
215.328600,-5.790778
159.538900,3.402631
213.108700,9.329959
266.665600,7.130652
87.632510,-9.371303
72.589320,6.956348
189.432700,-1.217826
58.727650,4.905164
97.091320,0.721899
257.306700,1.301800
21.368410,7.010664
12.128610,-0.055904
174.456700,-7.030131
280.042600,-7.939348
41.768540,1.243033
78.790140,-3.022928
278.158800,2.364407
266.351500,-9.345113
101.716000,1.560478
260.816500,5.936034
16.610050,-3.540277
255.102900,1.828812
222.447900,-6.939081
264.810100,-1.343331
60.829740,-6.050216
164.175600,2.259390
86.854230,2.265075
178.811900,0.039698
274.224700,-9.358767
26.879580,-8.243552
289.809300,6.001413
265.954200,2.483806
281.373800,7.180086
108.478200,0.877225
235.412900,-2.364755
256.698000,-5.955564
4.370791,-7.021252
16.881060,5.856966
289.258900,-0.435768
55.573980,-3.754060
223.588700,4.707759
14.315560,5.846160
258.871200,-1.767567
302.705600,3.556748
247.763400,8.214206
72.325620,-4.784080
3.720829,-5.865323
173.176200,-2.421680
267.643300,-9.351084
270.379500,4.351043
308.729700,-5.855898
76.527310,1.200212
91.920170,-0.045957
223.097300,-3.464273
143.745300,-5.849752
182.791000,6.942448
258.652800,-9.353031
215.955200,-4.625229
13.368010,-9.330821
86.455150,-7.498154
34.596410,-6.053490
82.824710,-2.092907
312.981800,1.200536
200.009900,0.121712
137.249600,-3.517086
186.117100,1.226466
182.295100,-9.332351
110.371400,7.097570
94.717290,2.553749
252.606300,-3.622017
180.990300,-9.334262
105.107000,1.627738
170.156800,3.425675
4.368791,-9.332661
28.998540,1.429053
291.811100,4.978985
261.229600,-9.345799
130.758900,-3.439354
235.351500,7.009169
45.559300,0.339745
5.334899,8.167532
137.150500,5.812888
231.481800,-9.327804
284.485300,-7.014656
241.242100,-8.175565
62.074410,8.209287
244.989000,-1.054308
71.863950,-3.544814
97.913260,8.216764
234.048400,7.007666
278.010500,-4.598667
209.467800,-4.725897
77.849830,-3.905663
173.481400,4.587732
133.232100,-8.155311
63.630070,-8.208256
184.789900,1.217871
4.681598,7.005133
56.397520,-4.778015
263.426900,1.779371
180.798200,5.781999
313.940500,-8.173956
107.761600,-6.870245
210.076600,-3.534434
259.515500,5.921445
257.610800,-2.143226
239.820100,-1.169687
222.373600,-2.266337
30.102950,6.982772
115.491100,0.864665
296.496000,-9.347612
200.618900,5.884093
135.781800,-1.109474
269.470500,1.966809
211.109700,3.559148
62.995810,-9.347700
106.459400,-8.772060
30.727510,-8.239406
220.973100,9.330311
148.959700,-1.200670
292.407800,6.047047
104.294100,-7.286578
137.844300,-9.328334
183.453100,5.798261
226.845700,-1.084289
208.476900,-1.360899
144.377700,4.604213
30.533630,-0.227983
193.390200,2.417228
298.442800,-8.203783
1.107848,-1.242236
290.944900,1.109980
230.131900,9.327936
114.296200,7.069964
5.336277,1.205648
40.024730,-8.702154
169.232100,-7.026960
101.187200,-3.648531
91.993190,-2.711313
23.023780,-8.218672
52.584930,-9.348981
143.552400,8.165670
286.492600,-8.208975
43.117820,-3.750797
241.906900,-4.711502
289.939100,-7.194031
49.674400,9.350151
100.523000,1.041210
41.858160,9.351878
57.203700,1.240705
129.210800,1.280054
37.142040,-3.354704
309.368000,-7.017056
103.573600,-2.614731
309.750400,2.371284
2.419346,-1.242917
248.430400,7.087173
9.182591,8.173119
151.589000,-1.211776
248.223800,2.120410
172.598700,9.333554
223.097400,-5.782340
307.818400,1.224949
149.621900,-9.327499
73.812310,9.325325
68.231860,0.875251
19.172110,-3.565960
232.815900,-6.999056
134.486400,8.170019
237.969000,4.694863
227.518800,7.012561
267.641000,-7.097267
233.397400,5.848857
228.280300,-5.815560
183.591300,-7.025838
295.831000,-1.683622
134.463000,-1.090940
29.589700,-1.123018
302.082100,9.333117
124.705500,7.040227
86.325220,-3.647205
192.725300,3.565690
97.897840,3.706579
184.238500,-5.869918
139.127400,6.953492
69.802450,-9.352223
268.994600,-4.900807
250.110300,0.328127
297.139600,-8.208069
214.702100,-6.959438
206.171100,1.102978
68.295580,4.089198
251.638500,-2.777220
287.502800,-1.834481
109.340900,-2.470236
1.102571,-3.552865
295.638000,9.357873
305.921800,4.708980
9.819804,9.331332
297.766000,-2.562974
34.758590,6.861211
204.576900,3.625976
43.165580,9.351366
74.947470,2.803051
29.419490,-8.244058
203.061800,-7.038254
201.932900,5.893684
222.281300,9.329148
36.223810,-4.256207
18.517220,-4.714910
304.641600,7.022320
109.718700,8.227498
182.276400,-2.413067
141.777400,-7.009495
164.179000,6.852289
229.477800,3.536567
133.296800,-5.825876
133.195000,3.539266
75.688590,8.235433
116.097200,-6.731453
247.101400,-9.350015
284.037300,-4.705150
35.531750,-1.755836
155.182600,8.167574
60.109510,9.345214
281.996400,8.282028
16.278130,2.361553
305.279100,3.553637
59.700680,-8.292070
196.582500,-6.985606
69.915700,7.224100
301.639500,-4.705109
227.594200,-2.298066
163.517000,5.704294
173.483800,2.295392
53.595660,4.848827
118.758700,-1.335068
284.629100,3.430384
235.396300,-9.328773
70.608670,8.261994
64.246020,-7.070528
222.275300,4.709234
210.824200,-7.008210
202.051000,-2.310563
289.119400,9.355415
294.967100,5.977581
252.933900,-8.194504
76.370060,9.348989
175.761100,-9.333506
132.558100,7.007490
115.607900,4.787658
205.646500,-7.054496
279.394100,-9.331649
108.259300,-1.735617
22.367860,-7.071136
137.725600,9.328632
221.158900,-6.930238
9.829848,2.369154
111.625400,-2.679456
116.911800,9.340846
230.232100,-4.664991
171.195700,-5.873611
23.609120,3.142654
126.590500,-8.705090
126.013600,7.037160
118.683100,-6.672886
71.735460,-8.215733
145.059300,-3.528646
156.162000,-4.696580
20.459030,-3.590285
60.374740,-9.373841
52.928090,8.224059
247.760900,-8.215606
60.135330,7.084961
65.362490,0.499480
199.319200,3.574063
160.203800,4.553014
32.756770,-4.595898
208.904000,-8.189103
283.893600,-8.195204
191.402600,3.560620
3.079171,-0.088066
166.790100,8.175149
122.103600,9.334286
197.909900,-4.677706
283.306100,8.251829
250.728800,-1.867450
279.505300,5.967905
70.004550,-0.640053
38.392210,-3.711626
27.745620,9.374087
111.030300,8.219051
263.756900,-7.053312
252.309800,-7.050386
149.641400,4.576159
236.001700,8.168816
216.653800,-8.096462
205.222800,9.337703
100.772800,-7.526590
266.403300,3.708639
256.050700,0.929019
242.514100,8.191123
249.490700,-2.259098
278.799800,-5.637208
61.067360,1.899429
266.986200,-5.952115
21.998880,8.169391
179.720700,8.176984
197.361300,0.115620
190.098100,-6.983006
313.291400,-4.707618
265.167400,-0.059627
10.473850,3.528212
187.432000,5.825122
270.895200,-6.077028
151.581900,-8.167662
137.855600,-7.011170
73.758130,-1.604663
310.668500,-4.704052
157.558500,4.555050
10.801980,-7.010961
202.481000,-3.581024
195.287000,-6.979609
179.673900,-2.417540
240.609800,2.403031
55.915350,1.303233
236.700800,-9.330377
230.131600,4.692861
117.392300,-6.694266
304.867100,-5.839824
276.874100,2.186839
215.071200,8.174118
159.428300,-5.859826
59.549760,-6.144541
14.017530,-5.851933
74.093830,-2.851431
127.716200,-9.352535
201.742600,-9.333293
251.697700,5.762358
134.603000,-5.836271
304.001600,8.178391
18.157350,8.173450
104.645100,-3.386434
131.891300,8.171586
30.768670,-5.985202
117.387800,-9.332099
187.481500,8.156404
17.571780,2.349467
178.804600,4.622316
186.110300,3.521566
213.410300,-6.973272
226.206100,4.702400
33.330290,-8.234008
85.334950,-8.154293
296.331300,3.828133
94.842160,0.929514
164.211000,8.173019
229.449400,-1.101161
274.826300,6.445302
220.305500,3.556139
26.958590,5.691517
104.896200,-0.832042
52.285300,4.858045
207.315200,0.454717
132.549200,4.697737
251.688300,8.244437
248.404700,-9.344320
72.828110,-2.545527
58.376400,-5.644899
282.596700,-8.253482
63.476740,5.948785
278.136000,-1.097737
285.855300,-9.344470
162.188200,3.404362
272.491800,7.054106
218.991000,1.249509
251.649600,-8.191684
234.640200,-1.136273
42.511890,8.232868
68.761380,-0.313822
183.608900,8.164804
221.623200,5.863076
78.357730,-1.662796
99.480360,-9.359160
29.504510,-3.704585
91.436230,2.468639
311.040300,4.682795
108.958000,-6.305326
266.889500,-1.898976
50.976800,7.097249
61.495100,3.108248
190.092100,-4.674060
223.589600,7.017545
158.216700,3.402723
30.790960,-3.805677
290.956900,-2.447732
60.316720,-7.181868
269.925600,3.152728
58.480100,1.441585
32.120400,-1.865020
282.558000,4.216480
279.860900,3.726895
41.650700,-6.827760
242.611800,1.287133
143.048400,2.299224
18.591210,-0.081532
151.607300,1.103490
16.590640,-5.858875
238.656100,-5.859248
258.666700,1.773645
36.542240,-5.585773
113.531300,-6.707378
84.069470,-9.345761
107.059700,-2.300282
26.238410,-7.108695
62.500260,-4.639577
263.000500,0.530698
165.333900,-2.407894
88.673680,-6.109306
98.568110,7.079771
86.979800,0.961822
194.717600,0.117840
177.471700,6.906387
279.769200,-3.166405
188.139200,-3.534548
96.013930,2.648647
122.219700,1.913892
226.343500,-4.641207
304.638100,2.398733
56.855500,-3.541402
61.691580,-9.356830
111.281700,-6.598518
135.135700,0.054037
245.770100,4.853849
45.871120,-0.908877
269.607700,-6.025131
73.161260,-3.781142
190.746400,2.407129
67.404740,-1.511551
238.628600,3.540519
184.880300,-2.403307
267.640000,-4.846932
93.137790,-0.834824
287.821600,9.348975
254.173800,-2.009948
273.396900,-3.913668
244.510000,-4.720203
62.157160,5.909235
270.015900,6.510452
299.640500,-1.285067
302.244300,-1.229385
178.141000,3.472486
306.566600,5.864230
154.205500,-3.534938
32.743270,0.258363
241.216400,5.876559
105.720400,-4.134804
164.001500,-7.021793
194.711300,2.418005
309.401900,-0.067424
255.740000,-0.350875
119.831600,-3.347628
229.580200,-5.822617
120.141400,5.690930
196.663900,8.179165
281.960100,-0.480349
135.908500,-5.845797
75.536820,5.013774
99.853000,-5.474577
193.348400,-5.816600
107.095300,5.999565
72.186780,-0.025458
241.896900,-7.021866
310.011800,-5.859359
142.371200,-1.164817
281.877700,-3.959117
97.863990,-2.639462
180.333100,-8.180716
122.095000,7.035948
190.091600,-2.368510
91.815860,-8.219695
299.744000,-8.197585
104.771400,-2.096558
190.755900,0.109679
171.486600,3.431536
103.697500,-1.313706
55.157350,-1.589202
146.351300,-8.168431
6.613161,1.209843
85.236590,-4.376857
285.806300,0.157849
308.487900,4.701066
79.597690,8.213547
132.727600,-2.328613
100.906300,-6.230806
165.320000,-4.714112
89.783610,-5.413800
257.625200,2.546301
65.898060,-1.684193
267.975200,7.297852
249.099100,-3.558747
29.279910,0.148830
188.803200,-6.996620
206.280600,2.394203
176.150200,0.023734
89.847370,-9.353084
271.187400,0.004180
115.609600,9.341415
176.140800,6.896469
244.479400,9.342566
88.090550,9.344331
219.850800,-4.607118
292.873700,-0.448956
39.055020,-9.406012
144.389200,-9.328101
206.941800,-7.058676
18.796880,9.332545
192.733300,1.265675
24.308340,-5.950703
124.714500,9.335862
194.627400,-8.135441
51.631180,8.226767
169.890300,-5.873439
282.414900,0.750046
178.375000,-7.034175
112.343900,8.213800
53.584790,7.100281
31.594060,9.069322
247.113100,-4.865232
199.173800,-7.003677
254.943100,9.346846
181.621100,-3.568438
124.531300,1.939453
4.693351,4.677065
117.540600,5.898677
177.129000,8.178658
49.397610,-8.305918
266.832600,1.496809
292.464300,2.989902
77.790750,5.715514
239.936100,3.551851
212.422100,3.555668
209.294800,-2.408911
94.401440,-1.628735
75.014470,-1.928618
286.248100,1.363467
19.888150,-0.103674
246.287900,-0.848883
114.304600,9.342704
8.543330,7.012226
69.509080,-2.753244
304.647700,9.333492
14.324490,1.209366
153.554600,-2.374782
29.958340,2.305174
245.166800,-3.414913
135.308200,-2.350101
82.939120,-8.748973
121.032400,-1.393342
311.319900,-8.174445
111.662700,4.828246
296.936600,9.353022
254.470100,3.814827
71.734570,5.935305
40.924500,-4.363089
301.031100,-8.176265
37.481080,4.758482
265.699300,-2.304700
175.482300,1.164987
196.672300,5.873555
89.115980,2.422475
41.153450,-9.336610
269.667200,-3.759904
214.411900,7.018768
272.987900,8.244649
129.018400,-0.854161
252.292800,-0.210208
173.154500,-7.028958
104.448800,8.225915
297.577300,5.973187
297.083600,-1.477606
249.111300,5.959873
11.759770,3.527180
314.304100,5.817349
97.255260,7.092813
308.077300,-7.012007
268.175300,-1.642652
264.784300,5.803573
206.541700,9.334955
58.802800,9.353866
80.989160,2.316989
113.463100,-9.337478
239.303200,-7.018296
298.418900,-5.935456
120.081300,2.071453
240.429600,0.003939
285.214100,7.075689
250.391100,8.255907
162.693900,-7.020506
97.915840,5.957617
54.164250,-3.998433
75.183140,6.343882
123.399400,7.043625
170.550200,-4.721089
93.332280,4.811364
273.431600,2.708421
14.335770,3.525690
275.602100,-1.435517
21.304270,4.668684
280.658600,-9.358855
268.141100,1.735581
240.593500,-9.330818
122.071700,-7.345273
93.327070,7.089392
301.658000,-7.010469
223.584000,2.398752
33.776800,5.838250
17.923230,-1.232583
4.045912,3.515252
35.906420,6.298316
274.850300,-6.025312
63.287910,-2.168582
219.005500,8.174485
110.374700,9.347943
31.790740,-0.620333
182.945700,-8.180770
77.657530,9.341588
209.785200,-1.179989
50.323730,8.223345
235.296700,0.020270
274.754400,-0.419871
230.204500,-2.320075
229.477000,8.168844
233.457500,-8.164796
38.605880,8.231081
203.412300,-2.683781
214.845400,-9.329612
135.782900,8.168719
71.097740,-9.347301
188.161800,-8.158388
97.611010,-5.232546
253.527500,-4.559974
198.001000,3.571727
26.472250,9.352900
21.737650,-3.627123
62.348400,2.177379
39.842180,5.961884
11.748970,8.168923
287.808300,-8.211074
2.407035,-5.864431
193.987600,-6.970824
85.250980,-5.640781
6.625228,3.531443
78.287290,8.206883
126.017700,9.335299
8.536220,9.331268
181.642000,-8.180679
262.774400,7.056348
263.551900,-1.676571
185.532600,-3.553802
56.829060,-0.022737
164.840300,3.409672
103.888900,1.296824
135.156300,2.363530
154.902000,-0.053828
243.835100,-8.195111
302.908000,-2.378449
48.494740,-6.107926
292.489400,-4.913477
112.982600,4.796319
90.292050,1.858410
266.336900,-4.803733
257.386400,-9.343670
289.145300,-3.848677
312.345700,4.673615
290.566500,-6.059963
293.044300,0.828726
41.278630,-5.594952
220.305300,1.249485
272.496300,0.240125
105.981900,-1.567875
3.405894,4.676061
201.762200,-7.028271
170.155700,5.717856
165.498400,-0.032194
203.257300,3.612679
237.358100,-5.855650
300.797100,2.390236
134.554400,-8.163475
264.453900,-2.622855
153.542200,-9.327588
67.192250,-9.378562
183.581900,-4.717880
7.900178,8.171086
123.240400,-4.051855
244.498300,-2.278490
191.396200,5.863949
98.927950,-3.406431
198.539300,-5.840020
42.457610,3.711758
236.651500,9.327744
256.251300,9.348163
209.829300,8.180038
26.163750,3.538402
256.993500,-4.704566
306.755600,-9.332144
5.020823,-8.177683
158.875500,2.251378
256.266200,7.089228
130.538700,1.270810
114.346500,2.267882
49.092690,-4.016417
137.802800,4.650875
55.522670,8.227745
110.538400,-1.918946
21.487950,2.246782
45.772010,9.353077
127.890600,1.247417
168.577100,-8.180708
44.613240,-0.637993
218.347700,7.018318
196.004000,9.331002
224.244300,8.173343
46.419010,8.223239
241.256000,-5.864435
30.918630,3.184273
140.464300,-9.327908
302.073600,7.017006
98.273930,1.274732
131.326000,-6.953603
272.605100,-2.870076
107.876100,-5.587640
119.867400,-2.031170
35.583000,2.939725
168.825900,5.713386
58.382270,-8.274223
27.202660,4.395543
232.093600,3.530834
155.825100,9.330258
67.072980,-4.940025
65.720020,1.717599
177.474300,4.614204
284.552600,5.900239
302.294300,-8.148046
282.753200,-4.917024
300.159600,8.179094
56.464070,-7.065446
169.491400,4.568928
241.211200,8.183652
285.358900,-1.047934
204.525000,-3.402464
74.587780,-5.829439
44.733860,-5.298463
296.287800,8.230904
22.659390,7.018300
171.844800,-7.027658
143.071700,6.925322
283.176600,-3.703892
87.450370,5.928144
300.436500,-9.339276
177.733200,-1.256520
291.876900,-6.043119
102.481300,4.807352
46.898010,-4.632284
101.981000,-6.967253
308.093000,-2.376524
124.366100,-4.723136
178.802600,6.914577
21.078690,-7.053318
237.323500,3.533465
77.522510,-2.637997
188.082400,9.330563
132.630000,-6.972244
2.746790,1.195166
39.601010,0.625499
119.510600,9.333438
283.268900,-9.350350
203.906200,7.047612
265.357600,7.033472
183.456300,3.503078
207.857800,9.333861
8.236472,-4.693743
211.128800,5.867912
42.513010,5.978663
145.046100,-8.169927
217.036400,7.018999
262.506700,2.627486
101.173900,9.346289
213.760400,8.175346
271.672700,8.186425
272.096400,2.425485
141.797800,-4.686609
127.327600,9.333178
252.338800,4.608365
6.617550,5.849353
51.625140,3.731312
95.745840,-1.131377
128.870200,-4.794572
182.924600,-1.256541
310.661800,-7.018005
259.511900,8.199746
154.847900,-7.010164
311.342000,-1.239285
140.318300,9.327670
271.539000,-5.011295
100.122900,-2.876981
254.112400,2.651782
297.755100,1.025373
305.280700,5.866928
254.975300,4.902309
303.999300,5.866294
179.080900,9.332452
309.790300,7.013683
162.183900,1.105170
188.128800,-1.228293
309.789700,9.330877
244.471000,4.793087
301.564700,-0.087000
79.119570,-4.290463
152.897100,-3.532225
198.511700,-8.159278
239.294800,2.389826
4.691355,9.332775
1.748115,-9.331830
206.957900,-9.339942
200.636000,3.579988
167.439300,9.331939
223.746400,-4.625238
210.204200,-8.176564
252.280900,-9.338969
170.818000,-0.008858
99.222450,5.936910
245.139300,8.201185
56.159430,7.103252
20.075720,9.333282
53.866230,-7.112049
7.900988,1.209960
157.552500,2.252201
127.303000,4.734100
83.194490,3.722395
113.123400,1.765196
226.289600,-2.290026
130.106200,-4.553445
223.601000,-9.328148
171.951200,8.177257
174.455700,-9.333548
24.971940,4.117836
8.882443,-5.855109
93.185460,-2.144506
75.866520,3.733763
212.739100,-5.820868
35.970870,8.230286
99.198560,-0.806929
298.421600,-3.664102
301.419700,5.857961
212.440200,5.865245
197.270800,-3.515143
53.567530,2.632262
133.191800,8.170295
122.210700,0.586237
125.462800,-8.032448
219.648800,0.097557
108.409300,5.984740
135.132900,9.329016
22.005150,1.038545
241.890100,-9.332428
286.654200,-0.841795
208.461700,1.090903
236.674500,2.374261
32.053290,-5.991506
57.102600,-5.891670
80.241920,4.852088
249.076400,8.233101
47.719450,8.225255
192.701200,-4.662610
40.580120,-3.121922
130.014100,-9.334396
97.732580,-3.933054
143.098100,-4.687850
39.839380,3.986418
305.291300,8.177195
15.601720,5.851024
123.331700,-0.087903
300.984900,-3.562306
60.354210,-3.886625
274.303300,8.289392
310.007000,-8.175530
107.357100,1.522939
177.085900,-2.414136
203.905900,9.334970
99.701680,-6.782656
242.518500,5.894441
79.536360,-2.000240
64.590450,-1.919375
92.102580,-6.919064
286.189900,-2.045016
189.424300,2.398468
130.586500,8.173916
217.934300,-8.083695
259.880100,-7.126396
114.103900,-0.290984
202.367400,-0.652585
234.752000,-8.169844
63.131180,4.689353
269.891100,-0.217579
17.510600,9.332390
292.393100,8.248790
105.767200,8.235453
248.423200,-7.071479
212.115400,-6.988835
220.970600,7.018332
28.188550,-5.997681
225.550800,3.548605
247.103500,9.342256
254.784500,-4.197423
161.383500,-9.329463
84.841570,8.201209
238.651600,-8.173376
152.277200,4.566730
56.823490,8.235696
3.728766,-1.243849
129.098400,-3.483233
100.521100,3.641385
299.064300,-4.785217
189.434300,0.102024
88.045490,1.699081
121.430100,5.869244
160.863000,3.402767
156.835600,-1.228683
62.402990,-1.212422
80.264990,0.153083
118.864100,8.177919
12.389290,7.007434
195.316800,-2.354561
181.467300,2.345433
123.354300,1.234086
25.958260,-1.348426
164.012600,-4.712088
149.649500,6.887534
188.096100,4.684012
157.115600,9.329173
238.526400,-1.159412
162.691700,-9.330549
168.161900,4.564558
165.505600,4.558445
19.562730,3.465782
150.274800,-8.168392
98.566250,9.348770
1.759715,-2.397128
252.587200,1.065429
105.014800,0.401039
265.026500,-4.806863
9.186309,5.850445
43.767740,3.723917
79.294600,-0.735178
189.411500,7.001899
95.942000,7.096184
203.519300,-0.049583
251.048400,7.123803
287.143300,5.982415
199.295800,8.182498
108.004700,-4.306269
121.071400,-0.068551
151.584600,-5.849155
2.414276,-3.553650
140.472500,-7.011038
82.896690,-6.013081
75.895520,-5.783254
178.377400,-2.411856
73.115630,0.915802
195.363900,3.568130
181.021200,8.180342
215.039200,1.245720
14.012080,-8.171505
87.436000,8.209126
195.976900,-1.203982
193.870300,-9.331409
107.760700,4.868201
141.147400,-3.524512
211.094200,-1.075189
60.003280,5.011366
123.270000,-2.730229
208.943300,2.329242
26.513280,2.296512
30.238780,1.032669
217.678700,3.555151
240.561900,7.026374
231.437400,9.327482
208.263800,-9.338933
57.743610,-9.363844
267.241200,8.297838
172.815200,5.729738
139.165400,-7.010425
197.938800,-2.363297
156.155800,-9.328574
308.099300,-0.064333
35.867930,-3.005240
66.549640,4.127594
9.531962,-2.376734
16.939970,3.512975
72.399550,-9.346539
103.806800,-0.014964
246.675900,0.426136
158.220300,5.706177
307.204700,4.706583
166.833600,4.561049
95.234200,-6.298122
150.943400,-0.050945
277.429500,6.893647
302.711800,5.861762
50.341640,1.481248
116.409400,-2.527338
176.454000,-3.569365
256.361900,2.210824
70.548650,-3.540077
217.680700,-1.055976
305.276900,1.238982
96.541690,-4.461178
298.817700,3.468334
13.420670,-0.054831
126.638000,-4.749449
19.153480,-5.877668
300.324800,-2.420540
302.880200,-0.069802
69.283130,8.286742
97.257210,9.345482
47.808270,-3.690974
92.021000,9.346677
228.170500,5.855484
200.510900,-4.701900
52.905380,1.497329
23.279620,0.896364
234.094200,-9.328469
91.939090,-1.382144
174.145900,5.737108
81.664360,-1.571922
287.776600,4.910756
182.794900,2.352939
194.644400,-5.817235
23.655710,-7.082716
142.452500,-3.526289
49.735330,0.371900
121.099200,1.258701
38.348970,0.963638
199.207900,-4.686008
22.620870,9.333392
230.786700,5.851322
25.025780,2.855223
190.082900,3.552145
184.916100,-9.330788
64.086250,0.243106
284.069300,-1.267752
34.045620,4.565445
26.315230,-2.588881
140.402100,0.005064
90.766270,-0.762362
53.860620,-1.779302
64.672350,8.255677
25.822610,0.423564
195.918000,-8.141944
139.020100,9.328074
74.029180,1.864054
160.199300,2.253096
276.852800,-7.057240
49.026920,3.703365
260.844400,3.655426
158.131100,-3.544491
199.909400,-1.204454
275.177200,4.209408
23.702070,-9.348541
80.213460,-3.590515
262.474500,-7.034256
148.720100,8.166654
180.805300,1.194645
204.989600,0.515235
147.009500,4.588826
190.076100,5.854932
14.055640,-1.211511
96.948800,-0.582393
276.469000,4.429891
146.999300,2.276520
15.956830,-4.695810
106.431500,7.121250
176.419600,-5.881784
27.474530,3.137032
245.289900,1.428601
294.834700,-2.486086
70.436310,-8.215073
201.269200,9.333958
274.886600,-8.244389
83.693420,-0.010282
161.408800,-2.396815
40.539250,7.093527
81.865640,-8.049995
188.790500,-4.684592
182.128500,3.496477
284.910300,-5.761748
270.256900,-9.366222
291.402400,-1.169344
215.715700,4.707320
198.597500,-1.208946
86.390630,-4.941267
32.546080,6.237209
226.853900,1.231632
233.471000,-3.519701
232.810000,-2.342414
298.923500,-0.165138
156.240300,6.862906
190.755200,-8.132706
24.540060,8.219563
118.945000,2.714710
154.915800,4.560482
65.467830,-2.889846
86.209890,-2.376112
147.653300,1.117278
48.880420,-7.242610
300.938100,-1.250348
303.355300,2.399741
182.126600,5.790873
218.568900,-6.922524
39.317430,-2.794439
201.281400,4.736308
232.788900,-9.327723
90.709290,9.352462
225.043300,-4.632129
145.709500,-4.687848
279.025500,4.784240
117.877200,3.456470
41.200940,8.224511
64.505530,-5.272052
214.401000,4.708524
238.012700,-2.382362
192.048400,-5.815717
24.944220,-7.092614
220.963800,0.095168
160.078500,-7.017706
227.519300,9.328854
70.384250,-5.930230
139.735700,-1.146589
207.856100,7.039686
62.751930,7.066863
158.866900,-0.050864
124.420100,-2.076531
161.631300,8.172042
129.936700,9.330296
297.597700,-0.270751
171.310900,9.331721
134.652400,-3.508197
118.698900,-2.655620
239.913800,5.864341
178.422600,8.178482
282.104200,6.108799
189.444500,-5.834281
66.298670,-3.884065
80.924610,8.240377
103.323600,-5.213727
143.688800,-1.173893
229.562800,-8.146773
51.647160,-4.657526
230.222900,-6.987966
144.407000,-2.368417
42.768100,-2.506444
260.160300,4.776825
293.068200,-3.769612
111.830000,-0.072478
186.106500,5.812157
34.085030,9.355708
69.926790,4.016672
133.174300,1.233600
168.584100,-5.873056
192.545600,-9.334354
256.919600,3.641132
75.003960,-7.059861
232.088400,1.213066
120.940800,-8.001307
262.139500,3.792281
65.311760,9.366664
90.385350,0.496901
294.987700,8.231360
43.144530,4.845962
7.252425,7.007699
211.497500,-8.158695
312.329900,2.359808
10.800960,-9.331958
58.090540,0.208179
68.502280,-9.359770
16.633070,-1.219404
299.478800,4.700693
146.334300,1.123445
282.344800,-6.077963
261.980400,-3.283156
102.626000,-0.535693
54.878580,9.351451
82.915360,-3.411677
223.741200,-6.947498
263.467800,5.925382
153.581900,-0.053132
129.281600,8.177456
5.663635,-0.073819
174.540200,8.178015
101.174100,7.069846
114.202800,0.991253
57.488090,9.353581
276.024500,3.201745
253.229600,-1.105926
26.963410,-0.231833
89.850590,-8.052305
246.413700,3.796147
190.733300,9.329268
272.961100,1.474175
34.274860,-1.403867
172.497500,-8.181056
298.231300,9.343835
63.369950,8.228421
32.679990,-9.358217
128.865900,-8.739212
2.745650,3.508075
148.965400,-8.167209
192.048800,-1.204835
51.629020,1.470921
64.162290,-3.123887
66.502220,-8.347430
88.311030,-0.904208
53.579900,9.349370
82.487290,0.544628
27.597040,-2.660350
12.108340,-2.373942
11.108070,9.331627
152.238200,-4.689126
125.324100,3.608871
225.695200,-3.475179
119.798000,-4.676292
270.336900,0.988281
92.730820,2.403960
233.394700,8.167644
42.074480,-0.038225
117.522700,-4.571000
83.976850,-2.635500
86.070470,-1.074912
127.322100,7.032830
217.675800,1.248883
177.070000,-7.034420
246.839100,1.678148
215.063400,5.862543
120.152500,8.176521
188.100000,2.389100
128.872200,-7.435303
176.809800,3.464398
285.728300,-3.257418
130.029800,-6.871665
131.821400,-1.045162
180.142000,0.045920
298.191300,4.626268
192.053800,7.020012
294.341800,9.358423
228.172700,8.170029
281.051000,-2.948067
194.036100,5.869903
5.015590,-3.550566
178.138100,5.765001
234.119600,-4.684134
65.713190,5.152694
131.898000,5.857648
141.801800,-2.366026
147.663100,3.429125
256.040200,-3.815480
59.986500,-5.047051
75.658730,-8.200602
93.326170,9.346810
181.625000,-1.260569
208.481400,3.574410
156.810500,-8.171724
65.632180,-9.335446
148.321000,-2.367419
107.102200,3.753790
12.765980,-1.212888
4.693625,2.362125
162.043800,-5.865346
184.118300,4.655478
169.240700,-4.719399
247.235200,2.899091
295.103800,-4.821292
269.536400,5.308157
184.229800,-3.560416
291.740900,7.137892
52.294350,0.317933
257.001500,0.030417
14.709590,-0.055527
217.019200,2.401672
309.763200,4.694541
267.695300,-2.817643
77.153220,-1.330981
195.348400,8.177147
64.947620,-8.200036
230.173000,-9.328481
303.546400,-1.217639
90.866820,-3.397028
204.354400,-7.047082
261.453900,4.829180
302.739100,1.240408
307.219200,7.021343
241.859800,9.336546
116.676300,1.428874
251.001700,-7.056208
289.950500,-9.373606
248.874600,-0.033085
188.754400,5.841933
273.883600,0.573274
288.343100,-2.826297
198.641400,7.029817
1.093483,-8.174951
170.660600,8.176711
4.046004,5.839961
6.611091,8.170198
256.115000,-9.341189
71.200680,3.717188
135.223300,-9.328127
55.616060,-0.398369
271.530500,-2.216866
168.596100,-3.566293
29.075300,9.365227
13.038620,1.210533
237.359500,-3.537129
203.461500,-1.374215
30.073360,-9.357588
184.884600,-4.713778
22.388550,-9.345629
295.622600,7.108511
86.130390,5.927102
86.489240,-8.801211
241.286400,1.261134
118.695600,-9.335520
178.373600,-9.333405
258.215500,5.925908
126.607400,-7.383944
207.841600,4.733243
172.149500,6.871039
105.110100,7.111624
88.519340,-2.182764
259.940600,-9.351325
285.799800,-7.059587
254.837400,-9.344275
124.478300,0.568506
129.893200,2.419340
60.768880,8.210108
131.309800,-9.329246
280.678000,8.260127
106.205900,0.991276
204.564000,5.908981
22.030940,5.857080
6.307253,-8.174742
3.061187,-7.020128
116.489600,-1.203407
179.470800,3.481104
150.287300,1.107033
214.381200,0.092222
115.096500,-4.361422
16.249200,4.692060
68.192400,-2.569800
135.187300,6.985764
28.176940,5.266035
70.445650,6.126717
2.115389,9.332660
52.930740,3.738758
123.299200,-1.409917
88.707970,-7.422577
66.492410,-6.133954
109.964000,-8.211815
52.281820,9.352960
87.118870,-0.337314
260.122300,-1.403564
66.303290,6.336742
175.834100,8.178194
253.837800,1.416670
60.226860,-0.521982
114.803900,-6.761343
47.077030,2.564841
112.710400,-3.436152
114.773800,-9.348453
77.177560,-6.047845
61.021250,-8.254927
205.719800,-1.447715
59.006340,-7.218861
51.955890,-5.927564
2.754104,8.170138
56.465230,-9.344295
109.068600,4.850421
167.306000,-1.258474
194.699100,4.719296
199.967500,4.728938
214.527900,-2.279142
238.649700,1.230371
220.312100,5.863988
127.753600,-5.431735
39.262640,9.353433
305.509500,-7.001496
264.672900,8.195918
195.190600,-9.330913
50.377120,-4.312974
164.179300,4.555876
16.238200,7.012472
20.181680,2.295715
262.068800,1.429616
259.795700,-2.671904
243.186100,-9.336966
283.622300,-2.487555
19.797990,-9.341092
70.622470,1.535115
250.698200,2.892580
147.012300,-2.366325
152.901900,-1.214943
197.241400,-5.831093
65.988080,8.286685
91.418830,1.194340
186.843300,-5.855021
17.240720,-4.705209
278.745900,7.050777
20.056420,4.687659
162.072900,-1.244312
128.573500,2.428750
163.998600,-9.330617
7.901137,5.848993
180.972600,-4.722672
136.606800,-2.355882
24.099700,1.929698
306.794700,-7.005871
280.291300,1.526451
276.124700,6.680684
13.033560,5.845303
262.150000,5.915837
217.256200,-4.614389
147.019400,6.901356
122.147400,-2.060560
268.950100,-9.355311
38.762650,4.650681
283.955700,9.355422
269.450800,-1.437890
254.946100,7.102478
92.014280,-4.043527
177.071500,-4.731158
37.734430,-1.197754
46.204260,-2.145279
161.529900,6.852525
27.558300,-4.869320
54.943020,2.581321
13.031690,8.168234
312.988100,3.512859
239.256100,7.016242
238.008100,-4.699672
247.902300,0.884004
217.499100,-9.330863
173.247300,8.176747
184.130300,0.067008
203.140300,-4.716921
174.818800,0.014050
293.035400,4.591671
125.995500,4.743610
307.858500,8.178049
312.637800,-3.551391
237.950000,9.329009
289.209600,4.875293
181.462100,6.933965
119.814600,-8.667221
10.183540,-1.216331
310.699200,-0.077322
174.148600,3.445162
202.587500,7.045002
210.884800,-9.331316
96.807510,-1.882802
73.885140,6.636814
133.817500,0.071280
7.262614,4.690528
132.611900,-9.328875
158.879600,4.554174
74.350330,-8.198343
166.169800,5.706215
98.006420,-1.344838
84.117930,4.686162
251.349800,0.699320
68.276920,7.492325
134.525500,5.835462
28.331310,-0.748255
152.889000,-5.849746
207.994200,-2.590949
205.225200,7.050527
282.786100,-1.491697
156.887100,1.100477
20.884520,3.420667
265.532400,1.237020
37.111370,1.319577
220.504200,-8.087205
276.836400,-9.342065
141.055300,-1.154465
28.855850,-4.858219
111.008200,3.676082
106.424800,9.354534
5.965868,7.008790
105.775000,6.003925
79.025160,0.526834
178.807900,2.332025
26.256250,-4.858243
145.051700,-5.850633
162.848800,2.255636
138.545300,-3.520846
290.421100,9.360480
15.589430,8.172581
35.346080,-5.116801
210.602200,-2.310315
222.272800,2.401053
287.828700,7.091533
64.800270,6.074921
62.722680,3.442234
69.547290,5.222697
87.412920,-2.909124
115.606600,7.060662
156.221600,-0.052813
280.680400,-0.699913
313.949400,-3.553035
181.688400,9.331595
287.834200,-4.009046
217.028500,4.708426
145.701500,-7.009781
284.971700,1.176756
227.504400,0.070787
145.008200,-1.182303
117.758800,0.707143
112.383400,-7.326425
191.398700,8.174752
305.506300,-4.681119
258.238000,3.658314
64.411700,4.896870
253.607000,-7.041111
122.073600,-6.020241
54.528210,-8.221797
115.213700,-3.073202
242.559000,-3.563517
96.600190,5.967423
83.994120,-5.282004
33.498880,7.063337
270.786800,2.185544
112.448700,-6.018005
69.671760,0.610609
211.450300,-5.838451
4.374083,-4.708746
162.852300,4.554254
136.548600,-7.009582
40.368040,-6.510127
206.283100,-5.901875
140.500600,-2.361791
306.578100,8.177211
218.334900,2.402664
226.334900,-6.964357
272.903100,-9.372958
58.130080,-3.283989
130.169200,-2.281204
128.613400,4.725432
61.250810,-4.858236
92.021710,7.089816
232.708800,0.037552
173.486800,0.005634
65.004060,-4.073739
152.270500,2.257207
80.440480,-9.335860
117.586900,-1.937684
268.293100,-8.235483
130.566900,3.561856
280.061600,7.125861
277.439800,9.337260
11.474900,-1.215352
52.942990,5.977752
267.727500,3.915025
145.693100,4.595634
75.075680,9.356037
209.795000,3.569015
38.525330,5.927160
14.968610,4.689704
39.902090,8.221177
287.530300,1.549093
232.160000,-8.157862
243.199300,-7.031960
273.787000,7.205010
170.821200,2.281707
45.519580,-7.801247
123.204500,-6.693131
23.028260,-3.666067
25.018650,-0.495509
240.607000,-2.397342
117.565900,8.187304
235.348700,9.328684
111.239300,-7.952363
81.532240,4.580707
26.845870,1.057284
197.335500,4.723629
75.598240,0.262174
300.116500,3.537221
204.564900,8.192766
26.483550,7.074572
127.834400,-1.435264
185.457800,0.074852
239.295800,-9.330359
208.773300,-3.616294
284.897900,-2.262525
24.332960,-3.683194
150.933700,-2.369125
49.671990,2.582705
277.304300,-0.066210
204.621200,-0.748654
267.831600,9.401621
124.026300,3.625265
194.689600,7.023646
173.164300,-4.724905
303.363800,9.334332
217.686300,5.863896
57.288540,-2.303055
92.023420,4.832772
10.460690,8.170374
280.014600,9.358346
221.616700,1.248637
184.899200,-7.023395
198.684800,0.115470
10.464370,1.211093
