0.562570,-9.628528
0.562570,-8.300287
0.562570,-6.972047
0.562570,-5.643806
0.562570,-4.315566
0.562570,-2.987326
0.562570,-1.659085
0.562570,-0.330845
0.562570,0.997396
0.562570,2.325636
0.562570,3.653876
0.562570,4.982117
0.562570,6.310357
0.562570,7.638597
0.562570,8.966838
1.712860,-8.964407
1.712860,-7.636167
1.712860,-6.307927
1.712860,-4.979686
1.712860,-3.651446
1.712860,-2.323205
1.712860,-0.994965
1.712860,0.333275
1.712860,1.661516
1.712860,2.989756
1.712860,4.317997
1.712860,5.646237
1.712860,6.974477
1.712860,8.302717
1.712860,9.630959
2.863150,-9.628528
2.863150,-8.300287
2.863150,-6.972047
2.863150,-5.643806
2.863150,-4.315566
2.863150,-2.987326
2.863150,-1.659085
2.863150,-0.330845
2.863150,0.997396
2.863150,2.325636
2.863150,3.653876
2.863150,4.982117
2.863150,6.310357
2.863150,7.638597
2.863150,8.966838
4.013440,-8.964407
4.013440,-7.636167
4.013440,-6.307927
4.013440,-4.979686
4.013440,-3.651446
4.013440,-2.323205
4.013440,-0.994965
4.013440,0.333275
4.013440,1.661516
4.013440,2.989756
4.013440,4.317997
4.013440,5.646237
4.013440,6.974477
4.013440,8.302717
4.013440,9.630959
5.163730,-9.628528
5.163730,-8.300287
5.163730,-6.972047
5.163730,-5.643806
5.163730,-4.315566
5.163730,-2.987326
5.163730,-1.659085
5.163730,-0.330845
5.163730,0.997396
5.163730,2.325636
5.163730,3.653876
5.163730,4.982117
5.163730,6.310357
5.163730,7.638597
5.163730,8.966838
6.314019,-8.964407
6.314019,-7.636167
6.314019,-6.307927
6.314019,-4.979686
6.314019,-3.651446
6.314019,-2.323205
6.314019,-0.994965
6.314019,0.333275
6.314019,1.661516
6.314019,2.989756
6.314019,4.317997
6.314019,5.646237
6.314019,6.974477
6.314019,8.302717
6.314019,9.630959
7.464309,-9.628528
7.464309,-8.300287
7.464309,-6.972047
7.464309,-5.643806
7.464309,-4.315566
7.464309,-2.987326
7.464309,-1.659085
7.464309,-0.330845
7.464309,0.997396
7.464309,2.325636
7.464309,3.653876
7.464309,4.982117
7.464309,6.310357
7.464309,7.638597
7.464309,8.966838
8.614599,-8.964407
8.614599,-7.636167
8.614599,-6.307927
8.614599,-4.979686
8.614599,-3.651446
8.614599,-2.323205
8.614599,-0.994965
8.614599,0.333275
8.614599,1.661516
8.614599,2.989756
8.614599,4.317997
8.614599,5.646237
8.614599,6.974477
8.614599,8.302717
8.614599,9.630959
9.764889,-9.628528
9.764889,-8.300287
9.764889,-6.972047
9.764889,-5.643806
9.764889,-4.315566
9.764889,-2.987326
9.764889,-1.659085
9.764889,-0.330845
9.764889,0.997396
9.764889,2.325636
9.764889,3.653876
9.764889,4.982117
9.764889,6.310357
9.764889,7.638597
9.764889,8.966838
10.915180,-8.964407
10.915180,-7.636167
10.915180,-6.307927
10.915180,-4.979686
10.915180,-3.651446
10.915180,-2.323205
10.915180,-0.994965
10.915180,0.333275
10.915180,1.661516
10.915180,2.989756
10.915180,4.317997
10.915180,5.646237
10.915180,6.974477
10.915180,8.302717
10.915180,9.630959
12.065470,-9.628528
12.065470,-8.300287
12.065470,-6.972047
12.065470,-5.643806
12.065470,-4.315566
12.065470,-2.987326
12.065470,-1.659085
12.065470,-0.330845
12.065470,0.997396
12.065470,2.325636
12.065470,3.653876
12.065470,4.982117
12.065470,6.310357
12.065470,7.638597
12.065470,8.966838
13.215760,-8.964407
13.215760,-7.636167
13.215760,-6.307927
13.215760,-4.979686
13.215760,-3.651446
13.215760,-2.323205
13.215760,-0.994965
13.215760,0.333275
13.215760,1.661516
13.215760,2.989756
13.215760,4.317997
13.215760,5.646237
13.215760,6.974477
13.215760,8.302717
13.215760,9.630959
14.366050,-9.628528
14.366050,-8.300287
14.366050,-6.972047
14.366050,-5.643806
14.366050,-4.315566
14.366050,-2.987326
14.366050,-1.659085
14.366050,-0.330845
14.366050,0.997396
14.366050,2.325636
14.366050,3.653876
14.366050,4.982117
14.366050,6.310357
14.366050,7.638597
14.366050,8.966838
15.516340,-8.964407
15.516340,-7.636167
15.516340,-6.307927
15.516340,-4.979686
15.516340,-3.651446
15.516340,-2.323205
15.516340,-0.994965
15.516340,0.333275
15.516340,1.661516
15.516340,2.989756
15.516340,4.317997
15.516340,5.646237
15.516340,6.974477
15.516340,8.302717
15.516340,9.630959
16.666630,-9.628528
16.666630,-8.300287
16.666630,-6.972047
16.666630,-5.643806
16.666630,-4.315566
16.666630,-2.987326
16.666630,-1.659085
16.666630,-0.330845
16.666630,0.997396
16.666630,2.325636
16.666630,3.653876
16.666630,4.982117
16.666630,6.310357
16.666630,7.638597
16.666630,8.966838
17.816920,-8.964407
17.816920,-7.636167
17.816920,-6.307927
17.816920,-4.979686
17.816920,-3.651446
17.816920,-2.323205
17.816920,-0.994965
17.816920,0.333275
17.816920,1.661516
17.816920,2.989756
17.816920,4.317997
17.816920,5.646237
17.816920,6.974477
17.816920,8.302717
17.816920,9.630959
18.967210,-9.628528
18.967210,-8.300287
18.967210,-6.972047
18.967210,-5.643806
18.967210,-4.315566
18.967210,-2.987326
18.967210,-1.659085
18.967210,-0.330845
18.967210,0.997396
18.967210,2.325636
18.967210,3.653876
18.967210,4.982117
18.967210,6.310357
18.967210,7.638597
18.967210,8.966838
20.117500,-8.964407
20.117500,-7.636167
20.117500,-6.307927
20.117500,-4.979686
20.117500,-3.651446
20.117500,-2.323205
20.117500,-0.994965
20.117500,0.333275
20.117500,1.661516
20.117500,2.989756
20.117500,4.317997
20.117500,5.646237
20.117500,6.974477
20.117500,8.302717
20.117500,9.630959
21.267790,-9.628528
21.267790,-8.300287
21.267790,-6.972047
21.267790,-5.643806
21.267790,-4.315566
21.267790,-2.987326
21.267790,-1.659085
21.267790,-0.330845
21.267790,0.997396
21.267790,2.325636
21.267790,3.653876
21.267790,4.982117
21.267790,6.310357
21.267790,7.638597
21.267790,8.966838
22.418080,-8.964407
22.418080,-7.636167
22.418080,-6.307927
22.418080,-4.979686
22.418080,-3.651446
22.418080,-2.323205
22.418080,-0.994965
22.418080,0.333275
22.418080,1.661516
22.418080,2.989756
22.418080,4.317997
22.418080,5.646237
22.418080,6.974477
22.418080,8.302717
22.418080,9.630959
23.568370,-9.628528
23.568370,-8.300287
23.568370,-6.972047
23.568370,-5.643806
23.568370,-4.315566
23.568370,-2.987326
23.568370,-1.659085
23.568370,-0.330845
23.568370,0.997396
23.568370,2.325636
23.568370,3.653876
23.568370,4.982117
23.568370,6.310357
23.568370,7.638597
23.568370,8.966838
24.718660,-8.964407
24.718660,-7.636167
24.718660,-6.307927
24.718660,-4.979686
24.718660,-3.651446
24.718660,-2.323205
24.718660,-0.994965
24.718660,0.333275
24.718660,1.661516
24.718660,2.989756
24.718660,4.317997
24.718660,5.646237
24.718660,6.974477
24.718660,8.302717
24.718660,9.630959
25.868950,-9.628528
25.868950,-8.300287
25.868950,-6.972047
25.868950,-5.643806
25.868950,-4.315566
25.868950,-2.987326
25.868950,-1.659085
25.868950,-0.330845
25.868950,0.997396
25.868950,2.325636
25.868950,3.653876
25.868950,4.982117
25.868950,6.310357
25.868950,7.638597
25.868950,8.966838
27.019240,-8.964407
27.019240,-7.636167
27.019240,-6.307927
27.019240,-4.979686
27.019240,-3.651446
27.019240,-2.323205
27.019240,-0.994965
27.019240,0.333275
27.019240,1.661516
27.019240,2.989756
27.019240,4.317997
27.019240,5.646237
27.019240,6.974477
27.019240,8.302717
27.019240,9.630959
28.169530,-9.628528
28.169530,-8.300287
28.169530,-6.972047
28.169530,-5.643806
28.169530,-4.315566
28.169530,-2.987326
28.169530,-1.659085
28.169530,-0.330845
28.169530,0.997396
28.169530,2.325636
28.169530,3.653876
28.169530,4.982117
28.169530,6.310357
28.169530,7.638597
28.169530,8.966838
29.319820,-8.964407
29.319820,-7.636167
29.319820,-6.307927
29.319820,-4.979686
29.319820,-3.651446
29.319820,-2.323205
29.319820,-0.994965
29.319820,0.333275
29.319820,1.661516
29.319820,2.989756
29.319820,4.317997
29.319820,5.646237
29.319820,6.974477
29.319820,8.302717
29.319820,9.630959
30.470110,-9.628528
30.470110,-8.300287
30.470110,-6.972047
30.470110,-5.643806
30.470110,-4.315566
30.470110,-2.987326
30.470110,-1.659085
30.470110,-0.330845
30.470110,0.997396
30.470110,2.325636
30.470110,3.653876
30.470110,4.982117
30.470110,6.310357
30.470110,7.638597
30.470110,8.966838
31.620400,-8.964407
31.620400,-7.636167
31.620400,-6.307927
31.620400,-4.979686
31.620400,-3.651446
31.620400,-2.323205
31.620400,-0.994965
31.620400,0.333275
31.620400,1.661516
31.620400,2.989756
31.620400,4.317997
31.620400,5.646237
31.620400,6.974477
31.620400,8.302717
31.620400,9.630959
32.770690,-9.628528
32.770690,-8.300287
32.770690,-6.972047
32.770690,-5.643806
32.770690,-4.315566
32.770690,-2.987326
32.770690,-1.659085
32.770690,-0.330845
32.770690,0.997396
32.770690,2.325636
32.770690,3.653876
32.770690,4.982117
32.770690,6.310357
32.770690,7.638597
32.770690,8.966838
33.920980,-8.964407
33.920980,-7.636167
33.920980,-6.307927
33.920980,-4.979686
33.920980,-3.651446
33.920980,-2.323205
33.920980,-0.994965
33.920980,0.333275
33.920980,1.661516
33.920980,2.989756
33.920980,4.317997
33.920980,5.646237
33.920980,6.974477
33.920980,8.302717
33.920980,9.630959
35.071270,-9.628528
35.071270,-8.300287
35.071270,-6.972047
35.071270,-5.643806
35.071270,-4.315566
35.071270,-2.987326
35.071270,-1.659085
35.071270,-0.330845
35.071270,0.997396
35.071270,2.325636
35.071270,3.653876
35.071270,4.982117
35.071270,6.310357
35.071270,7.638597
35.071270,8.966838
36.221560,-8.964407
36.221560,-7.636167
36.221560,-6.307927
36.221560,-4.979686
36.221560,-3.651446
36.221560,-2.323205
36.221560,-0.994965
36.221560,0.333275
36.221560,1.661516
36.221560,2.989756
36.221560,4.317997
36.221560,5.646237
36.221560,6.974477
36.221560,8.302717
36.221560,9.630959
37.371850,-9.628528
37.371850,-8.300287
37.371850,-6.972047
37.371850,-5.643806
37.371850,-4.315566
37.371850,-2.987326
37.371850,-1.659085
37.371850,-0.330845
37.371850,0.997396
37.371850,2.325636
37.371850,3.653876
37.371850,4.982117
37.371850,6.310357
37.371850,7.638597
37.371850,8.966838
38.522140,-8.964407
38.522140,-7.636167
38.522140,-6.307927
38.522140,-4.979686
38.522140,-3.651446
38.522140,-2.323205
38.522140,-0.994965
38.522140,0.333275
38.522140,1.661516
38.522140,2.989756
38.522140,4.317997
38.522140,5.646237
38.522140,6.974477
38.522140,8.302717
38.522140,9.630959
39.672430,-9.628528
39.672430,-8.300287
39.672430,-6.972047
39.672430,-5.643806
39.672430,-4.315566
39.672430,-2.987326
39.672430,-1.659085
39.672430,-0.330845
39.672430,0.997396
39.672430,2.325636
39.672430,3.653876
39.672430,4.982117
39.672430,6.310357
39.672430,7.638597
39.672430,8.966838
40.822720,-8.964407
40.822720,-7.636167
40.822720,-6.307927
40.822720,-4.979686
40.822720,-3.651446
40.822720,-2.323205
40.822720,-0.994965
40.822720,0.333275
40.822720,1.661516
40.822720,2.989756
40.822720,4.317997
40.822720,5.646237
40.822720,6.974477
40.822720,8.302717
40.822720,9.630959
41.973010,-9.628528
41.973010,-8.300287
41.973010,-6.972047
41.973010,-5.643806
41.973010,-4.315566
41.973010,-2.987326
41.973010,-1.659085
41.973010,-0.330845
41.973010,0.997396
41.973010,2.325636
41.973010,3.653876
41.973010,4.982117
41.973010,6.310357
41.973010,7.638597
41.973010,8.966838
43.123290,-8.964407
43.123290,-7.636167
43.123290,-6.307927
43.123290,-4.979686
43.123290,-3.651446
43.123290,-2.323205
43.123290,-0.994965
43.123290,0.333275
43.123290,1.661516
43.123290,2.989756
43.123290,4.317997
43.123290,5.646237
43.123290,6.974477
43.123290,8.302717
43.123290,9.630959
44.273590,-9.628528
44.273590,-8.300287
44.273590,-6.972047
44.273590,-5.643806
44.273590,-4.315566
44.273590,-2.987326
44.273590,-1.659085
44.273590,-0.330845
44.273590,0.997396
44.273590,2.325636
44.273590,3.653876
44.273590,4.982117
44.273590,6.310357
44.273590,7.638597
44.273590,8.966838
45.423870,-8.964407
45.423870,-7.636167
45.423870,-6.307927
45.423870,-4.979686
45.423870,-3.651446
45.423870,-2.323205
45.423870,-0.994965
45.423870,0.333275
45.423870,1.661516
45.423870,2.989756
45.423870,4.317997
45.423870,5.646237
45.423870,6.974477
45.423870,8.302717
45.423870,9.630959
46.574170,-9.628528
46.574170,-8.300287
46.574170,-6.972047
46.574170,-5.643806
46.574170,-4.315566
46.574170,-2.987326
46.574170,-1.659085
46.574170,-0.330845
46.574170,0.997396
46.574170,2.325636
46.574170,3.653876
46.574170,4.982117
46.574170,6.310357
46.574170,7.638597
46.574170,8.966838
47.724460,-8.964407
47.724460,-7.636167
47.724460,-6.307927
47.724460,-4.979686
47.724460,-3.651446
47.724460,-2.323205
47.724460,-0.994965
47.724460,0.333275
47.724460,1.661516
47.724460,2.989756
47.724460,4.317997
47.724460,5.646237
47.724460,6.974477
47.724460,8.302717
47.724460,9.630959
48.874740,-9.628528
48.874740,-8.300287
48.874740,-6.972047
48.874740,-5.643806
48.874740,-4.315566
48.874740,-2.987326
48.874740,-1.659085
48.874740,-0.330845
48.874740,0.997396
48.874740,2.325636
48.874740,3.653876
48.874740,4.982117
48.874740,6.310357
48.874740,7.638597
48.874740,8.966838
50.025040,-8.964407
50.025040,-7.636167
50.025040,-6.307927
50.025040,-4.979686
50.025040,-3.651446
50.025040,-2.323205
50.025040,-0.994965
50.025040,0.333275
50.025040,1.661516
50.025040,2.989756
50.025040,4.317997
50.025040,5.646237
50.025040,6.974477
50.025040,8.302717
50.025040,9.630959
51.175320,-9.628528
51.175320,-8.300287
51.175320,-6.972047
51.175320,-5.643806
51.175320,-4.315566
51.175320,-2.987326
51.175320,-1.659085
51.175320,-0.330845
51.175320,0.997396
51.175320,2.325636
51.175320,3.653876
51.175320,4.982117
51.175320,6.310357
51.175320,7.638597
51.175320,8.966838
52.325610,-8.964407
52.325610,-7.636167
52.325610,-6.307927
52.325610,-4.979686
52.325610,-3.651446
52.325610,-2.323205
52.325610,-0.994965
52.325610,0.333275
52.325610,1.661516
52.325610,2.989756
52.325610,4.317997
52.325610,5.646237
52.325610,6.974477
52.325610,8.302717
52.325610,9.630959
53.475910,-9.628528
53.475910,-8.300287
53.475910,-6.972047
53.475910,-5.643806
53.475910,-4.315566
53.475910,-2.987326
53.475910,-1.659085
53.475910,-0.330845
53.475910,0.997396
53.475910,2.325636
53.475910,3.653876
53.475910,4.982117
53.475910,6.310357
53.475910,7.638597
53.475910,8.966838
54.626190,-8.964407
54.626190,-7.636167
54.626190,-6.307927
54.626190,-4.979686
54.626190,-3.651446
54.626190,-2.323205
54.626190,-0.994965
54.626190,0.333275
54.626190,1.661516
54.626190,2.989756
54.626190,4.317997
54.626190,5.646237
54.626190,6.974477
54.626190,8.302717
54.626190,9.630959
55.776490,-9.628528
55.776490,-8.300287
55.776490,-6.972047
55.776490,-5.643806
55.776490,-4.315566
55.776490,-2.987326
55.776490,-1.659085
55.776490,-0.330845
55.776490,0.997396
55.776490,2.325636
55.776490,3.653876
55.776490,4.982117
55.776490,6.310357
55.776490,7.638597
55.776490,8.966838
56.926770,-8.964407
56.926770,-7.636167
56.926770,-6.307927
56.926770,-4.979686
56.926770,-3.651446
56.926770,-2.323205
56.926770,-0.994965
56.926770,0.333275
56.926770,1.661516
56.926770,2.989756
56.926770,4.317997
56.926770,5.646237
56.926770,6.974477
56.926770,8.302717
56.926770,9.630959
58.077060,-9.628528
58.077060,-8.300287
58.077060,-6.972047
58.077060,-5.643806
58.077060,-4.315566
58.077060,-2.987326
58.077060,-1.659085
58.077060,-0.330845
58.077060,0.997396
58.077060,2.325636
58.077060,3.653876
58.077060,4.982117
58.077060,6.310357
58.077060,7.638597
58.077060,8.966838
59.227360,-8.964407
59.227360,-7.636167
59.227360,-6.307927
59.227360,-4.979686
59.227360,-3.651446
59.227360,-2.323205
59.227360,-0.994965
59.227360,0.333275
59.227360,1.661516
59.227360,2.989756
59.227360,4.317997
59.227360,5.646237
59.227360,6.974477
59.227360,8.302717
59.227360,9.630959
60.377640,-9.628528
60.377640,-8.300287
60.377640,-6.972047
60.377640,-5.643806
60.377640,-4.315566
60.377640,-2.987326
60.377640,-1.659085
60.377640,-0.330845
60.377640,0.997396
60.377640,2.325636
60.377640,3.653876
60.377640,4.982117
60.377640,6.310357
60.377640,7.638597
60.377640,8.966838
61.527940,-8.964407
61.527940,-7.636167
61.527940,-6.307927
61.527940,-4.979686
61.527940,-3.651446
61.527940,-2.323205
61.527940,-0.994965
61.527940,0.333275
61.527940,1.661516
61.527940,2.989756
61.527940,4.317997
61.527940,5.646237
61.527940,6.974477
61.527940,8.302717
61.527940,9.630959
62.678220,-9.628528
62.678220,-8.300287
62.678220,-6.972047
62.678220,-5.643806
62.678220,-4.315566
62.678220,-2.987326
62.678220,-1.659085
62.678220,-0.330845
62.678220,0.997396
62.678220,2.325636
62.678220,3.653876
62.678220,4.982117
62.678220,6.310357
62.678220,7.638597
62.678220,8.966838
63.828510,-8.964407
63.828510,-7.636167
63.828510,-6.307927
63.828510,-4.979686
63.828510,-3.651446
63.828510,-2.323205
63.828510,-0.994965
63.828510,0.333275
63.828510,1.661516
63.828510,2.989756
63.828510,4.317997
63.828510,5.646237
63.828510,6.974477
63.828510,8.302717
63.828510,9.630959
64.978810,-9.628528
64.978810,-8.300287
64.978810,-6.972047
64.978810,-5.643806
64.978810,-4.315566
64.978810,-2.987326
64.978810,-1.659085
64.978810,-0.330845
64.978810,0.997396
64.978810,2.325636
64.978810,3.653876
64.978810,4.982117
64.978810,6.310357
64.978810,7.638597
64.978810,8.966838
66.129100,-8.964407
66.129100,-7.636167
66.129100,-6.307927
66.129100,-4.979686
66.129100,-3.651446
66.129100,-2.323205
66.129100,-0.994965
66.129100,0.333275
66.129100,1.661516
66.129100,2.989756
66.129100,4.317997
66.129100,5.646237
66.129100,6.974477
66.129100,8.302717
66.129100,9.630959
67.279380,-9.628528
67.279380,-8.300287
67.279380,-6.972047
67.279380,-5.643806
67.279380,-4.315566
67.279380,-2.987326
67.279380,-1.659085
67.279380,-0.330845
67.279380,0.997396
67.279380,2.325636
67.279380,3.653876
67.279380,4.982117
67.279380,6.310357
67.279380,7.638597
67.279380,8.966838
68.429670,-8.964407
68.429670,-7.636167
68.429670,-6.307927
68.429670,-4.979686
68.429670,-3.651446
68.429670,-2.323205
68.429670,-0.994965
68.429670,0.333275
68.429670,1.661516
68.429670,2.989756
68.429670,4.317997
68.429670,5.646237
68.429670,6.974477
68.429670,8.302717
68.429670,9.630959
69.579960,-9.628528
69.579960,-8.300287
69.579960,-6.972047
69.579960,-5.643806
69.579960,-4.315566
69.579960,-2.987326
69.579960,-1.659085
69.579960,-0.330845
69.579960,0.997396
69.579960,2.325636
69.579960,3.653876
69.579960,4.982117
69.579960,6.310357
69.579960,7.638597
69.579960,8.966838
70.730260,-8.964407
70.730260,-7.636167
70.730260,-6.307927
70.730260,-4.979686
70.730260,-3.651446
70.730260,-2.323205
70.730260,-0.994965
70.730260,0.333275
70.730260,1.661516
70.730260,2.989756
70.730260,4.317997
70.730260,5.646237
70.730260,6.974477
70.730260,8.302717
70.730260,9.630959
71.880550,-9.628528
71.880550,-8.300287
71.880550,-6.972047
71.880550,-5.643806
71.880550,-4.315566
71.880550,-2.987326
71.880550,-1.659085
71.880550,-0.330845
71.880550,0.997396
71.880550,2.325636
71.880550,3.653876
71.880550,4.982117
71.880550,6.310357
71.880550,7.638597
71.880550,8.966838
73.030830,-8.964407
73.030830,-7.636167
73.030830,-6.307927
73.030830,-4.979686
73.030830,-3.651446
73.030830,-2.323205
73.030830,-0.994965
73.030830,0.333275
73.030830,1.661516
73.030830,2.989756
73.030830,4.317997
73.030830,5.646237
73.030830,6.974477
73.030830,8.302717
73.030830,9.630959
74.181120,-9.628528
74.181120,-8.300287
74.181120,-6.972047
74.181120,-5.643806
74.181120,-4.315566
74.181120,-2.987326
74.181120,-1.659085
74.181120,-0.330845
74.181120,0.997396
74.181120,2.325636
74.181120,3.653876
74.181120,4.982117
74.181120,6.310357
74.181120,7.638597
74.181120,8.966838
75.331410,-8.964407
75.331410,-7.636167
75.331410,-6.307927
75.331410,-4.979686
75.331410,-3.651446
75.331410,-2.323205
75.331410,-0.994965
75.331410,0.333275
75.331410,1.661516
75.331410,2.989756
75.331410,4.317997
75.331410,5.646237
75.331410,6.974477
75.331410,8.302717
75.331410,9.630959
76.481700,-9.628528
76.481700,-8.300287
76.481700,-6.972047
76.481700,-5.643806
76.481700,-4.315566
76.481700,-2.987326
76.481700,-1.659085
76.481700,-0.330845
76.481700,0.997396
76.481700,2.325636
76.481700,3.653876
76.481700,4.982117
76.481700,6.310357
76.481700,7.638597
76.481700,8.966838
77.632000,-8.964407
77.632000,-7.636167
77.632000,-6.307927
77.632000,-4.979686
77.632000,-3.651446
77.632000,-2.323205
77.632000,-0.994965
77.632000,0.333275
77.632000,1.661516
77.632000,2.989756
77.632000,4.317997
77.632000,5.646237
77.632000,6.974477
77.632000,8.302717
77.632000,9.630959
78.782280,-9.628528
78.782280,-8.300287
78.782280,-6.972047
78.782280,-5.643806
78.782280,-4.315566
78.782280,-2.987326
78.782280,-1.659085
78.782280,-0.330845
78.782280,0.997396
78.782280,2.325636
78.782280,3.653876
78.782280,4.982117
78.782280,6.310357
78.782280,7.638597
78.782280,8.966838
79.932570,-8.964407
79.932570,-7.636167
79.932570,-6.307927
79.932570,-4.979686
79.932570,-3.651446
79.932570,-2.323205
79.932570,-0.994965
79.932570,0.333275
79.932570,1.661516
79.932570,2.989756
79.932570,4.317997
79.932570,5.646237
79.932570,6.974477
79.932570,8.302717
79.932570,9.630959
81.082860,-9.628528
81.082860,-8.300287
81.082860,-6.972047
81.082860,-5.643806
81.082860,-4.315566
81.082860,-2.987326
81.082860,-1.659085
81.082860,-0.330845
81.082860,0.997396
81.082860,2.325636
81.082860,3.653876
81.082860,4.982117
81.082860,6.310357
81.082860,7.638597
81.082860,8.966838
82.233150,-8.964407
82.233150,-7.636167
82.233150,-6.307927
82.233150,-4.979686
82.233150,-3.651446
82.233150,-2.323205
82.233150,-0.994965
82.233150,0.333275
82.233150,1.661516
82.233150,2.989756
82.233150,4.317997
82.233150,5.646237
82.233150,6.974477
82.233150,8.302717
82.233150,9.630959
83.383450,-9.628528
83.383450,-8.300287
83.383450,-6.972047
83.383450,-5.643806
83.383450,-4.315566
83.383450,-2.987326
83.383450,-1.659085
83.383450,-0.330845
83.383450,0.997396
83.383450,2.325636
83.383450,3.653876
83.383450,4.982117
83.383450,6.310357
83.383450,7.638597
83.383450,8.966838
84.533730,-8.964407
84.533730,-7.636167
84.533730,-6.307927
84.533730,-4.979686
84.533730,-3.651446
84.533730,-2.323205
84.533730,-0.994965
84.533730,0.333275
84.533730,1.661516
84.533730,2.989756
84.533730,4.317997
84.533730,5.646237
84.533730,6.974477
84.533730,8.302717
84.533730,9.630959
85.684020,-9.628528
85.684020,-8.300287
85.684020,-6.972047
85.684020,-5.643806
85.684020,-4.315566
85.684020,-2.987326
85.684020,-1.659085
85.684020,-0.330845
85.684020,0.997396
85.684020,2.325636
85.684020,3.653876
85.684020,4.982117
85.684020,6.310357
85.684020,7.638597
85.684020,8.966838
86.834310,-8.964407
86.834310,-7.636167
86.834310,-6.307927
86.834310,-4.979686
86.834310,-3.651446
86.834310,-2.323205
86.834310,-0.994965
86.834310,0.333275
86.834310,1.661516
86.834310,2.989756
86.834310,4.317997
86.834310,5.646237
86.834310,6.974477
86.834310,8.302717
86.834310,9.630959
87.984600,-9.628528
87.984600,-8.300287
87.984600,-6.972047
87.984600,-5.643806
87.984600,-4.315566
87.984600,-2.987326
87.984600,-1.659085
87.984600,-0.330845
87.984600,0.997396
87.984600,2.325636
87.984600,3.653876
87.984600,4.982117
87.984600,6.310357
87.984600,7.638597
87.984600,8.966838
89.134900,-8.964407
89.134900,-7.636167
89.134900,-6.307927
89.134900,-4.979686
89.134900,-3.651446
89.134900,-2.323205
89.134900,-0.994965
89.134900,0.333275
89.134900,1.661516
89.134900,2.989756
89.134900,4.317997
89.134900,5.646237
89.134900,6.974477
89.134900,8.302717
89.134900,9.630959
90.285180,-9.628528
90.285180,-8.300287
90.285180,-6.972047
90.285180,-5.643806
90.285180,-4.315566
90.285180,-2.987326
90.285180,-1.659085
90.285180,-0.330845
90.285180,0.997396
90.285180,2.325636
90.285180,3.653876
90.285180,4.982117
90.285180,6.310357
90.285180,7.638597
90.285180,8.966838
91.435470,-8.964407
91.435470,-7.636167
91.435470,-6.307927
91.435470,-4.979686
91.435470,-3.651446
91.435470,-2.323205
91.435470,-0.994965
91.435470,0.333275
91.435470,1.661516
91.435470,2.989756
91.435470,4.317997
91.435470,5.646237
91.435470,6.974477
91.435470,8.302717
91.435470,9.630959
92.585760,-9.628528
92.585760,-8.300287
92.585760,-6.972047
92.585760,-5.643806
92.585760,-4.315566
92.585760,-2.987326
92.585760,-1.659085
92.585760,-0.330845
92.585760,0.997396
92.585760,2.325636
92.585760,3.653876
92.585760,4.982117
92.585760,6.310357
92.585760,7.638597
92.585760,8.966838
93.736050,-8.964407
93.736050,-7.636167
93.736050,-6.307927
93.736050,-4.979686
93.736050,-3.651446
93.736050,-2.323205
93.736050,-0.994965
93.736050,0.333275
93.736050,1.661516
93.736050,2.989756
93.736050,4.317997
93.736050,5.646237
93.736050,6.974477
93.736050,8.302717
93.736050,9.630959
94.886340,-9.628528
94.886340,-8.300287
94.886340,-6.972047
94.886340,-5.643806
94.886340,-4.315566
94.886340,-2.987326
94.886340,-1.659085
94.886340,-0.330845
94.886340,0.997396
94.886340,2.325636
94.886340,3.653876
94.886340,4.982117
94.886340,6.310357
94.886340,7.638597
94.886340,8.966838
96.036630,-8.964407
96.036630,-7.636167
96.036630,-6.307927
96.036630,-4.979686
96.036630,-3.651446
96.036630,-2.323205
96.036630,-0.994965
96.036630,0.333275
96.036630,1.661516
96.036630,2.989756
96.036630,4.317997
96.036630,5.646237
96.036630,6.974477
96.036630,8.302717
96.036630,9.630959
97.186920,-9.628528
97.186920,-8.300287
97.186920,-6.972047
97.186920,-5.643806
97.186920,-4.315566
97.186920,-2.987326
97.186920,-1.659085
97.186920,-0.330845
97.186920,0.997396
97.186920,2.325636
97.186920,3.653876
97.186920,4.982117
97.186920,6.310357
97.186920,7.638597
97.186920,8.966838
98.337210,-8.964407
98.337210,-7.636167
98.337210,-6.307927
98.337210,-4.979686
98.337210,-3.651446
98.337210,-2.323205
98.337210,-0.994965
98.337210,0.333275
98.337210,1.661516
98.337210,2.989756
98.337210,4.317997
98.337210,5.646237
98.337210,6.974477
98.337210,8.302717
98.337210,9.630959
99.487500,-9.628528
99.487500,-8.300287
99.487500,-6.972047
99.487500,-5.643806
99.487500,-4.315566
99.487500,-2.987326
99.487500,-1.659085
99.487500,-0.330845
99.487500,0.997396
99.487500,2.325636
99.487500,3.653876
99.487500,4.982117
99.487500,6.310357
99.487500,7.638597
99.487500,8.966838
100.637800,-8.964407
100.637800,-7.636167
100.637800,-6.307927
100.637800,-4.979686
100.637800,-3.651446
100.637800,-2.323205
100.637800,-0.994965
100.637800,0.333275
100.637800,1.661516
100.637800,2.989756
100.637800,4.317997
100.637800,5.646237
100.637800,6.974477
100.637800,8.302717
100.637800,9.630959
101.788100,-9.628528
101.788100,-8.300287
101.788100,-6.972047
101.788100,-5.643806
101.788100,-4.315566
101.788100,-2.987326
101.788100,-1.659085
101.788100,-0.330845
101.788100,0.997396
101.788100,2.325636
101.788100,3.653876
101.788100,4.982117
101.788100,6.310357
101.788100,7.638597
101.788100,8.966838
102.938400,-8.964407
102.938400,-7.636167
102.938400,-6.307927
102.938400,-4.979686
102.938400,-3.651446
102.938400,-2.323205
102.938400,-0.994965
102.938400,0.333275
102.938400,1.661516
102.938400,2.989756
102.938400,4.317997
102.938400,5.646237
102.938400,6.974477
102.938400,8.302717
102.938400,9.630959
104.088700,-9.628528
104.088700,-8.300287
104.088700,-6.972047
104.088700,-5.643806
104.088700,-4.315566
104.088700,-2.987326
104.088700,-1.659085
104.088700,-0.330845
104.088700,0.997396
104.088700,2.325636
104.088700,3.653876
104.088700,4.982117
104.088700,6.310357
104.088700,7.638597
104.088700,8.966838
105.239000,-8.964407
105.239000,-7.636167
105.239000,-6.307927
105.239000,-4.979686
105.239000,-3.651446
105.239000,-2.323205
105.239000,-0.994965
105.239000,0.333275
105.239000,1.661516
105.239000,2.989756
105.239000,4.317997
105.239000,5.646237
105.239000,6.974477
105.239000,8.302717
105.239000,9.630959
106.389200,-9.628528
106.389200,-8.300287
106.389200,-6.972047
106.389200,-5.643806
106.389200,-4.315566
106.389200,-2.987326
106.389200,-1.659085
106.389200,-0.330845
106.389200,0.997396
106.389200,2.325636
106.389200,3.653876
106.389200,4.982117
106.389200,6.310357
106.389200,7.638597
106.389200,8.966838
107.539500,-8.964407
107.539500,-7.636167
107.539500,-6.307927
107.539500,-4.979686
107.539500,-3.651446
107.539500,-2.323205
107.539500,-0.994965
107.539500,0.333275
107.539500,1.661516
107.539500,2.989756
107.539500,4.317997
107.539500,5.646237
107.539500,6.974477
107.539500,8.302717
107.539500,9.630959
108.689800,-9.628528
108.689800,-8.300287
108.689800,-6.972047
108.689800,-5.643806
108.689800,-4.315566
108.689800,-2.987326
108.689800,-1.659085
108.689800,-0.330845
108.689800,0.997396
108.689800,2.325636
108.689800,3.653876
108.689800,4.982117
108.689800,6.310357
108.689800,7.638597
108.689800,8.966838
109.840100,-8.964407
109.840100,-7.636167
109.840100,-6.307927
109.840100,-4.979686
109.840100,-3.651446
109.840100,-2.323205
109.840100,-0.994965
109.840100,0.333275
109.840100,1.661516
109.840100,2.989756
109.840100,4.317997
109.840100,5.646237
109.840100,6.974477
109.840100,8.302717
109.840100,9.630959
110.990400,-9.628528
110.990400,-8.300287
110.990400,-6.972047
110.990400,-5.643806
110.990400,-4.315566
110.990400,-2.987326
110.990400,-1.659085
110.990400,-0.330845
110.990400,0.997396
110.990400,2.325636
110.990400,3.653876
110.990400,4.982117
110.990400,6.310357
110.990400,7.638597
110.990400,8.966838
112.140700,-8.964407
112.140700,-7.636167
112.140700,-6.307927
112.140700,-4.979686
112.140700,-3.651446
112.140700,-2.323205
112.140700,-0.994965
112.140700,0.333275
112.140700,1.661516
112.140700,2.989756
112.140700,4.317997
112.140700,5.646237
112.140700,6.974477
112.140700,8.302717
112.140700,9.630959
113.291000,-9.628528
113.291000,-8.300287
113.291000,-6.972047
113.291000,-5.643806
113.291000,-4.315566
113.291000,-2.987326
113.291000,-1.659085
113.291000,-0.330845
113.291000,0.997396
113.291000,2.325636
113.291000,3.653876
113.291000,4.982117
113.291000,6.310357
113.291000,7.638597
113.291000,8.966838
114.441300,-8.964407
114.441300,-7.636167
114.441300,-6.307927
114.441300,-4.979686
114.441300,-3.651446
114.441300,-2.323205
114.441300,-0.994965
114.441300,0.333275
114.441300,1.661516
114.441300,2.989756
114.441300,4.317997
114.441300,5.646237
114.441300,6.974477
114.441300,8.302717
114.441300,9.630959
115.591600,-9.628528
115.591600,-8.300287
115.591600,-6.972047
115.591600,-5.643806
115.591600,-4.315566
115.591600,-2.987326
115.591600,-1.659085
115.591600,-0.330845
115.591600,0.997396
115.591600,2.325636
115.591600,3.653876
115.591600,4.982117
115.591600,6.310357
115.591600,7.638597
115.591600,8.966838
116.741900,-8.964407
116.741900,-7.636167
116.741900,-6.307927
116.741900,-4.979686
116.741900,-3.651446
116.741900,-2.323205
116.741900,-0.994965
116.741900,0.333275
116.741900,1.661516
116.741900,2.989756
116.741900,4.317997
116.741900,5.646237
116.741900,6.974477
116.741900,8.302717
116.741900,9.630959
117.892100,-9.628528
117.892100,-8.300287
117.892100,-6.972047
117.892100,-5.643806
117.892100,-4.315566
117.892100,-2.987326
117.892100,-1.659085
117.892100,-0.330845
117.892100,0.997396
117.892100,2.325636
117.892100,3.653876
117.892100,4.982117
117.892100,6.310357
117.892100,7.638597
117.892100,8.966838
119.042400,-8.964407
119.042400,-7.636167
119.042400,-6.307927
119.042400,-4.979686
119.042400,-3.651446
119.042400,-2.323205
119.042400,-0.994965
119.042400,0.333275
119.042400,1.661516
119.042400,2.989756
119.042400,4.317997
119.042400,5.646237
119.042400,6.974477
119.042400,8.302717
119.042400,9.630959
120.192700,-9.628528
120.192700,-8.300287
120.192700,-6.972047
120.192700,-5.643806
120.192700,-4.315566
120.192700,-2.987326
120.192700,-1.659085
120.192700,-0.330845
120.192700,0.997396
120.192700,2.325636
120.192700,3.653876
120.192700,4.982117
120.192700,6.310357
120.192700,7.638597
120.192700,8.966838
121.343000,-8.964407
121.343000,-7.636167
121.343000,-6.307927
121.343000,-4.979686
121.343000,-3.651446
121.343000,-2.323205
121.343000,-0.994965
121.343000,0.333275
121.343000,1.661516
121.343000,2.989756
121.343000,4.317997
121.343000,5.646237
121.343000,6.974477
121.343000,8.302717
121.343000,9.630959
122.493300,-9.628528
122.493300,-8.300287
122.493300,-6.972047
122.493300,-5.643806
122.493300,-4.315566
122.493300,-2.987326
122.493300,-1.659085
122.493300,-0.330845
122.493300,0.997396
122.493300,2.325636
122.493300,3.653876
122.493300,4.982117
122.493300,6.310357
122.493300,7.638597
122.493300,8.966838
123.643600,-8.964407
123.643600,-7.636167
123.643600,-6.307927
123.643600,-4.979686
123.643600,-3.651446
123.643600,-2.323205
123.643600,-0.994965
123.643600,0.333275
123.643600,1.661516
123.643600,2.989756
123.643600,4.317997
123.643600,5.646237
123.643600,6.974477
123.643600,8.302717
123.643600,9.630959
124.793900,-9.628528
124.793900,-8.300287
124.793900,-6.972047
124.793900,-5.643806
124.793900,-4.315566
124.793900,-2.987326
124.793900,-1.659085
124.793900,-0.330845
124.793900,0.997396
124.793900,2.325636
124.793900,3.653876
124.793900,4.982117
124.793900,6.310357
124.793900,7.638597
124.793900,8.966838
125.944200,-8.964407
125.944200,-7.636167
125.944200,-6.307927
125.944200,-4.979686
125.944200,-3.651446
125.944200,-2.323205
125.944200,-0.994965
125.944200,0.333275
125.944200,1.661516
125.944200,2.989756
125.944200,4.317997
125.944200,5.646237
125.944200,6.974477
125.944200,8.302717
125.944200,9.630959
127.094500,-9.628528
127.094500,-8.300287
127.094500,-6.972047
127.094500,-5.643806
127.094500,-4.315566
127.094500,-2.987326
127.094500,-1.659085
127.094500,-0.330845
127.094500,0.997396
127.094500,2.325636
127.094500,3.653876
127.094500,4.982117
127.094500,6.310357
127.094500,7.638597
127.094500,8.966838
128.244800,-8.964407
128.244800,-7.636167
128.244800,-6.307927
128.244800,-4.979686
128.244800,-3.651446
128.244800,-2.323205
128.244800,-0.994965
128.244800,0.333275
128.244800,1.661516
128.244800,2.989756
128.244800,4.317997
128.244800,5.646237
128.244800,6.974477
128.244800,8.302717
128.244800,9.630959
129.395000,-9.628528
129.395000,-8.300287
129.395000,-6.972047
129.395000,-5.643806
129.395000,-4.315566
129.395000,-2.987326
129.395000,-1.659085
129.395000,-0.330845
129.395000,0.997396
129.395000,2.325636
129.395000,3.653876
129.395000,4.982117
129.395000,6.310357
129.395000,7.638597
129.395000,8.966838
130.545300,-8.964407
130.545300,-7.636167
130.545300,-6.307927
130.545300,-4.979686
130.545300,-3.651446
130.545300,-2.323205
130.545300,-0.994965
130.545300,0.333275
130.545300,1.661516
130.545300,2.989756
130.545300,4.317997
130.545300,5.646237
130.545300,6.974477
130.545300,8.302717
130.545300,9.630959
131.695600,-9.628528
131.695600,-8.300287
131.695600,-6.972047
131.695600,-5.643806
131.695600,-4.315566
131.695600,-2.987326
131.695600,-1.659085
131.695600,-0.330845
131.695600,0.997396
131.695600,2.325636
131.695600,3.653876
131.695600,4.982117
131.695600,6.310357
131.695600,7.638597
131.695600,8.966838
132.845900,-8.964407
132.845900,-7.636167
132.845900,-6.307927
132.845900,-4.979686
132.845900,-3.651446
132.845900,-2.323205
132.845900,-0.994965
132.845900,0.333275
132.845900,1.661516
132.845900,2.989756
132.845900,4.317997
132.845900,5.646237
132.845900,6.974477
132.845900,8.302717
132.845900,9.630959
133.996200,-9.628528
133.996200,-8.300287
133.996200,-6.972047
133.996200,-5.643806
133.996200,-4.315566
133.996200,-2.987326
133.996200,-1.659085
133.996200,-0.330845
133.996200,0.997396
133.996200,2.325636
133.996200,3.653876
133.996200,4.982117
133.996200,6.310357
133.996200,7.638597
133.996200,8.966838
135.146500,-8.964407
135.146500,-7.636167
135.146500,-6.307927
135.146500,-4.979686
135.146500,-3.651446
135.146500,-2.323205
135.146500,-0.994965
135.146500,0.333275
135.146500,1.661516
135.146500,2.989756
135.146500,4.317997
135.146500,5.646237
135.146500,6.974477
135.146500,8.302717
135.146500,9.630959
136.296800,-9.628528
136.296800,-8.300287
136.296800,-6.972047
136.296800,-5.643806
136.296800,-4.315566
136.296800,-2.987326
136.296800,-1.659085
136.296800,-0.330845
136.296800,0.997396
136.296800,2.325636
136.296800,3.653876
136.296800,4.982117
136.296800,6.310357
136.296800,7.638597
136.296800,8.966838
137.447100,-8.964407
137.447100,-7.636167
137.447100,-6.307927
137.447100,-4.979686
137.447100,-3.651446
137.447100,-2.323205
137.447100,-0.994965
137.447100,0.333275
137.447100,1.661516
137.447100,2.989756
137.447100,4.317997
137.447100,5.646237
137.447100,6.974477
137.447100,8.302717
137.447100,9.630959
138.597400,-9.628528
138.597400,-8.300287
138.597400,-6.972047
138.597400,-5.643806
138.597400,-4.315566
138.597400,-2.987326
138.597400,-1.659085
138.597400,-0.330845
138.597400,0.997396
138.597400,2.325636
138.597400,3.653876
138.597400,4.982117
138.597400,6.310357
138.597400,7.638597
138.597400,8.966838
139.747700,-8.964407
139.747700,-7.636167
139.747700,-6.307927
139.747700,-4.979686
139.747700,-3.651446
139.747700,-2.323205
139.747700,-0.994965
139.747700,0.333275
139.747700,1.661516
139.747700,2.989756
139.747700,4.317997
139.747700,5.646237
139.747700,6.974477
139.747700,8.302717
139.747700,9.630959
140.897900,-9.628528
140.897900,-8.300287
140.897900,-6.972047
140.897900,-5.643806
140.897900,-4.315566
140.897900,-2.987326
140.897900,-1.659085
140.897900,-0.330845
140.897900,0.997396
140.897900,2.325636
140.897900,3.653876
140.897900,4.982117
140.897900,6.310357
140.897900,7.638597
140.897900,8.966838
142.048200,-8.964407
142.048200,-7.636167
142.048200,-6.307927
142.048200,-4.979686
142.048200,-3.651446
142.048200,-2.323205
142.048200,-0.994965
142.048200,0.333275
142.048200,1.661516
142.048200,2.989756
142.048200,4.317997
142.048200,5.646237
142.048200,6.974477
142.048200,8.302717
142.048200,9.630959
143.198500,-9.628528
143.198500,-8.300287
143.198500,-6.972047
143.198500,-5.643806
143.198500,-4.315566
143.198500,-2.987326
143.198500,-1.659085
143.198500,-0.330845
143.198500,0.997396
143.198500,2.325636
143.198500,3.653876
143.198500,4.982117
143.198500,6.310357
143.198500,7.638597
143.198500,8.966838
144.348800,-8.964407
144.348800,-7.636167
144.348800,-6.307927
144.348800,-4.979686
144.348800,-3.651446
144.348800,-2.323205
144.348800,-0.994965
144.348800,0.333275
144.348800,1.661516
144.348800,2.989756
144.348800,4.317997
144.348800,5.646237
144.348800,6.974477
144.348800,8.302717
144.348800,9.630959
145.499100,-9.628528
145.499100,-8.300287
145.499100,-6.972047
145.499100,-5.643806
145.499100,-4.315566
145.499100,-2.987326
145.499100,-1.659085
145.499100,-0.330845
145.499100,0.997396
145.499100,2.325636
145.499100,3.653876
145.499100,4.982117
145.499100,6.310357
145.499100,7.638597
145.499100,8.966838
146.649400,-8.964407
146.649400,-7.636167
146.649400,-6.307927
146.649400,-4.979686
146.649400,-3.651446
146.649400,-2.323205
146.649400,-0.994965
146.649400,0.333275
146.649400,1.661516
146.649400,2.989756
146.649400,4.317997
146.649400,5.646237
146.649400,6.974477
146.649400,8.302717
146.649400,9.630959
147.799700,-9.628528
147.799700,-8.300287
147.799700,-6.972047
147.799700,-5.643806
147.799700,-4.315566
147.799700,-2.987326
147.799700,-1.659085
147.799700,-0.330845
147.799700,0.997396
147.799700,2.325636
147.799700,3.653876
147.799700,4.982117
147.799700,6.310357
147.799700,7.638597
147.799700,8.966838
148.950000,-8.964407
148.950000,-7.636167
148.950000,-6.307927
148.950000,-4.979686
148.950000,-3.651446
148.950000,-2.323205
148.950000,-0.994965
148.950000,0.333275
148.950000,1.661516
148.950000,2.989756
148.950000,4.317997
148.950000,5.646237
148.950000,6.974477
148.950000,8.302717
148.950000,9.630959
150.100300,-9.628528
150.100300,-8.300287
150.100300,-6.972047
150.100300,-5.643806
150.100300,-4.315566
150.100300,-2.987326
150.100300,-1.659085
150.100300,-0.330845
150.100300,0.997396
150.100300,2.325636
150.100300,3.653876
150.100300,4.982117
150.100300,6.310357
150.100300,7.638597
150.100300,8.966838
151.250500,-8.964407
151.250500,-7.636167
151.250500,-6.307927
151.250500,-4.979686
151.250500,-3.651446
151.250500,-2.323205
151.250500,-0.994965
151.250500,0.333275
151.250500,1.661516
151.250500,2.989756
151.250500,4.317997
151.250500,5.646237
151.250500,6.974477
151.250500,8.302717
151.250500,9.630959
152.400800,-9.628528
152.400800,-8.300287
152.400800,-6.972047
152.400800,-5.643806
152.400800,-4.315566
152.400800,-2.987326
152.400800,-1.659085
152.400800,-0.330845
152.400800,0.997396
152.400800,2.325636
152.400800,3.653876
152.400800,4.982117
152.400800,6.310357
152.400800,7.638597
152.400800,8.966838
153.551100,-8.964407
153.551100,-7.636167
153.551100,-6.307927
153.551100,-4.979686
153.551100,-3.651446
153.551100,-2.323205
153.551100,-0.994965
153.551100,0.333275
153.551100,1.661516
153.551100,2.989756
153.551100,4.317997
153.551100,5.646237
153.551100,6.974477
153.551100,8.302717
153.551100,9.630959
154.701400,-9.628528
154.701400,-8.300287
154.701400,-6.972047
154.701400,-5.643806
154.701400,-4.315566
154.701400,-2.987326
154.701400,-1.659085
154.701400,-0.330845
154.701400,0.997396
154.701400,2.325636
154.701400,3.653876
154.701400,4.982117
154.701400,6.310357
154.701400,7.638597
154.701400,8.966838
155.851700,-8.964407
155.851700,-7.636167
155.851700,-6.307927
155.851700,-4.979686
155.851700,-3.651446
155.851700,-2.323205
155.851700,-0.994965
155.851700,0.333275
155.851700,1.661516
155.851700,2.989756
155.851700,4.317997
155.851700,5.646237
155.851700,6.974477
155.851700,8.302717
155.851700,9.630959
157.002000,-9.628528
157.002000,-8.300287
157.002000,-6.972047
157.002000,-5.643806
157.002000,-4.315566
157.002000,-2.987326
157.002000,-1.659085
157.002000,-0.330845
157.002000,0.997396
157.002000,2.325636
157.002000,3.653876
157.002000,4.982117
157.002000,6.310357
157.002000,7.638597
157.002000,8.966838
158.152300,-8.964407
158.152300,-7.636167
158.152300,-6.307927
158.152300,-4.979686
158.152300,-3.651446
158.152300,-2.323205
158.152300,-0.994965
158.152300,0.333275
158.152300,1.661516
158.152300,2.989756
158.152300,4.317997
158.152300,5.646237
158.152300,6.974477
158.152300,8.302717
158.152300,9.630959
159.302600,-9.628528
159.302600,-8.300287
159.302600,-6.972047
159.302600,-5.643806
159.302600,-4.315566
159.302600,-2.987326
159.302600,-1.659085
159.302600,-0.330845
159.302600,0.997396
159.302600,2.325636
159.302600,3.653876
159.302600,4.982117
159.302600,6.310357
159.302600,7.638597
159.302600,8.966838
160.452900,-8.964407
160.452900,-7.636167
160.452900,-6.307927
160.452900,-4.979686
160.452900,-3.651446
160.452900,-2.323205
160.452900,-0.994965
160.452900,0.333275
160.452900,1.661516
160.452900,2.989756
160.452900,4.317997
160.452900,5.646237
160.452900,6.974477
160.452900,8.302717
160.452900,9.630959
161.603100,-9.628528
161.603100,-8.300287
161.603100,-6.972047
161.603100,-5.643806
161.603100,-4.315566
161.603100,-2.987326
161.603100,-1.659085
161.603100,-0.330845
161.603100,0.997396
161.603100,2.325636
161.603100,3.653876
161.603100,4.982117
161.603100,6.310357
161.603100,7.638597
161.603100,8.966838
162.753400,-8.964407
162.753400,-7.636167
162.753400,-6.307927
162.753400,-4.979686
162.753400,-3.651446
162.753400,-2.323205
162.753400,-0.994965
162.753400,0.333275
162.753400,1.661516
162.753400,2.989756
162.753400,4.317997
162.753400,5.646237
162.753400,6.974477
162.753400,8.302717
162.753400,9.630959
163.903700,-9.628528
163.903700,-8.300287
163.903700,-6.972047
163.903700,-5.643806
163.903700,-4.315566
163.903700,-2.987326
163.903700,-1.659085
163.903700,-0.330845
163.903700,0.997396
163.903700,2.325636
163.903700,3.653876
163.903700,4.982117
163.903700,6.310357
163.903700,7.638597
163.903700,8.966838
165.054000,-8.964407
165.054000,-7.636167
165.054000,-6.307927
165.054000,-4.979686
165.054000,-3.651446
165.054000,-2.323205
165.054000,-0.994965
165.054000,0.333275
165.054000,1.661516
165.054000,2.989756
165.054000,4.317997
165.054000,5.646237
165.054000,6.974477
165.054000,8.302717
165.054000,9.630959
166.204300,-9.628528
166.204300,-8.300287
166.204300,-6.972047
166.204300,-5.643806
166.204300,-4.315566
166.204300,-2.987326
166.204300,-1.659085
166.204300,-0.330845
166.204300,0.997396
166.204300,2.325636
166.204300,3.653876
166.204300,4.982117
166.204300,6.310357
166.204300,7.638597
166.204300,8.966838
167.354600,-8.964407
167.354600,-7.636167
167.354600,-6.307927
167.354600,-4.979686
167.354600,-3.651446
167.354600,-2.323205
167.354600,-0.994965
167.354600,0.333275
167.354600,1.661516
167.354600,2.989756
167.354600,4.317997
167.354600,5.646237
167.354600,6.974477
167.354600,8.302717
167.354600,9.630959
168.504900,-9.628528
168.504900,-8.300287
168.504900,-6.972047
168.504900,-5.643806
168.504900,-4.315566
168.504900,-2.987326
168.504900,-1.659085
168.504900,-0.330845
168.504900,0.997396
168.504900,2.325636
168.504900,3.653876
168.504900,4.982117
168.504900,6.310357
168.504900,7.638597
168.504900,8.966838
169.655200,-8.964407
169.655200,-7.636167
169.655200,-6.307927
169.655200,-4.979686
169.655200,-3.651446
169.655200,-2.323205
169.655200,-0.994965
169.655200,0.333275
169.655200,1.661516
169.655200,2.989756
169.655200,4.317997
169.655200,5.646237
169.655200,6.974477
169.655200,8.302717
169.655200,9.630959
170.805500,-9.628528
170.805500,-8.300287
170.805500,-6.972047
170.805500,-5.643806
170.805500,-4.315566
170.805500,-2.987326
170.805500,-1.659085
170.805500,-0.330845
170.805500,0.997396
170.805500,2.325636
170.805500,3.653876
170.805500,4.982117
170.805500,6.310357
170.805500,7.638597
170.805500,8.966838
171.955800,-8.964407
171.955800,-7.636167
171.955800,-6.307927
171.955800,-4.979686
171.955800,-3.651446
171.955800,-2.323205
171.955800,-0.994965
171.955800,0.333275
171.955800,1.661516
171.955800,2.989756
171.955800,4.317997
171.955800,5.646237
171.955800,6.974477
171.955800,8.302717
171.955800,9.630959
173.106000,-9.628528
173.106000,-8.300287
173.106000,-6.972047
173.106000,-5.643806
173.106000,-4.315566
173.106000,-2.987326
173.106000,-1.659085
173.106000,-0.330845
173.106000,0.997396
173.106000,2.325636
173.106000,3.653876
173.106000,4.982117
173.106000,6.310357
173.106000,7.638597
173.106000,8.966838
174.256300,-8.964407
174.256300,-7.636167
174.256300,-6.307927
174.256300,-4.979686
174.256300,-3.651446
174.256300,-2.323205
174.256300,-0.994965
174.256300,0.333275
174.256300,1.661516
174.256300,2.989756
174.256300,4.317997
174.256300,5.646237
174.256300,6.974477
174.256300,8.302717
174.256300,9.630959
175.406600,-9.628528
175.406600,-8.300287
175.406600,-6.972047
175.406600,-5.643806
175.406600,-4.315566
175.406600,-2.987326
175.406600,-1.659085
175.406600,-0.330845
175.406600,0.997396
175.406600,2.325636
175.406600,3.653876
175.406600,4.982117
175.406600,6.310357
175.406600,7.638597
175.406600,8.966838
176.556900,-8.964407
176.556900,-7.636167
176.556900,-6.307927
176.556900,-4.979686
176.556900,-3.651446
176.556900,-2.323205
176.556900,-0.994965
176.556900,0.333275
176.556900,1.661516
176.556900,2.989756
176.556900,4.317997
176.556900,5.646237
176.556900,6.974477
176.556900,8.302717
176.556900,9.630959
177.707200,-9.628528
177.707200,-8.300287
177.707200,-6.972047
177.707200,-5.643806
177.707200,-4.315566
177.707200,-2.987326
177.707200,-1.659085
177.707200,-0.330845
177.707200,0.997396
177.707200,2.325636
177.707200,3.653876
177.707200,4.982117
177.707200,6.310357
177.707200,7.638597
177.707200,8.966838
178.857500,-8.964407
178.857500,-7.636167
178.857500,-6.307927
178.857500,-4.979686
178.857500,-3.651446
178.857500,-2.323205
178.857500,-0.994965
178.857500,0.333275
178.857500,1.661516
178.857500,2.989756
178.857500,4.317997
178.857500,5.646237
178.857500,6.974477
178.857500,8.302717
178.857500,9.630959
180.007800,-9.628528
180.007800,-8.300287
180.007800,-6.972047
180.007800,-5.643806
180.007800,-4.315566
180.007800,-2.987326
180.007800,-1.659085
180.007800,-0.330845
180.007800,0.997396
180.007800,2.325636
180.007800,3.653876
180.007800,4.982117
180.007800,6.310357
180.007800,7.638597
180.007800,8.966838
181.158100,-8.964407
181.158100,-7.636167
181.158100,-6.307927
181.158100,-4.979686
181.158100,-3.651446
181.158100,-2.323205
181.158100,-0.994965
181.158100,0.333275
181.158100,1.661516
181.158100,2.989756
181.158100,4.317997
181.158100,5.646237
181.158100,6.974477
181.158100,8.302717
181.158100,9.630959
182.308400,-9.628528
182.308400,-8.300287
182.308400,-6.972047
182.308400,-5.643806
182.308400,-4.315566
182.308400,-2.987326
182.308400,-1.659085
182.308400,-0.330845
182.308400,0.997396
182.308400,2.325636
182.308400,3.653876
182.308400,4.982117
182.308400,6.310357
182.308400,7.638597
182.308400,8.966838
183.458700,-8.964407
183.458700,-7.636167
183.458700,-6.307927
183.458700,-4.979686
183.458700,-3.651446
183.458700,-2.323205
183.458700,-0.994965
183.458700,0.333275
183.458700,1.661516
183.458700,2.989756
183.458700,4.317997
183.458700,5.646237
183.458700,6.974477
183.458700,8.302717
183.458700,9.630959
184.608900,-9.628528
184.608900,-8.300287
184.608900,-6.972047
184.608900,-5.643806
184.608900,-4.315566
184.608900,-2.987326
184.608900,-1.659085
184.608900,-0.330845
184.608900,0.997396
184.608900,2.325636
184.608900,3.653876
184.608900,4.982117
184.608900,6.310357
184.608900,7.638597
184.608900,8.966838
185.759200,-8.964407
185.759200,-7.636167
185.759200,-6.307927
185.759200,-4.979686
185.759200,-3.651446
185.759200,-2.323205
185.759200,-0.994965
185.759200,0.333275
185.759200,1.661516
185.759200,2.989756
185.759200,4.317997
185.759200,5.646237
185.759200,6.974477
185.759200,8.302717
185.759200,9.630959
186.909500,-9.628528
186.909500,-8.300287
186.909500,-6.972047
186.909500,-5.643806
186.909500,-4.315566
186.909500,-2.987326
186.909500,-1.659085
186.909500,-0.330845
186.909500,0.997396
186.909500,2.325636
186.909500,3.653876
186.909500,4.982117
186.909500,6.310357
186.909500,7.638597
186.909500,8.966838
188.059800,-8.964407
188.059800,-7.636167
188.059800,-6.307927
188.059800,-4.979686
188.059800,-3.651446
188.059800,-2.323205
188.059800,-0.994965
188.059800,0.333275
188.059800,1.661516
188.059800,2.989756
188.059800,4.317997
188.059800,5.646237
188.059800,6.974477
188.059800,8.302717
188.059800,9.630959
189.210100,-9.628528
189.210100,-8.300287
189.210100,-6.972047
189.210100,-5.643806
189.210100,-4.315566
189.210100,-2.987326
189.210100,-1.659085
189.210100,-0.330845
189.210100,0.997396
189.210100,2.325636
189.210100,3.653876
189.210100,4.982117
189.210100,6.310357
189.210100,7.638597
189.210100,8.966838
190.360400,-8.964407
190.360400,-7.636167
190.360400,-6.307927
190.360400,-4.979686
190.360400,-3.651446
190.360400,-2.323205
190.360400,-0.994965
190.360400,0.333275
190.360400,1.661516
190.360400,2.989756
190.360400,4.317997
190.360400,5.646237
190.360400,6.974477
190.360400,8.302717
190.360400,9.630959
191.510700,-9.628528
191.510700,-8.300287
191.510700,-6.972047
191.510700,-5.643806
191.510700,-4.315566
191.510700,-2.987326
191.510700,-1.659085
191.510700,-0.330845
191.510700,0.997396
191.510700,2.325636
191.510700,3.653876
191.510700,4.982117
191.510700,6.310357
191.510700,7.638597
191.510700,8.966838
192.661000,-8.964407
192.661000,-7.636167
192.661000,-6.307927
192.661000,-4.979686
192.661000,-3.651446
192.661000,-2.323205
192.661000,-0.994965
192.661000,0.333275
192.661000,1.661516
192.661000,2.989756
192.661000,4.317997
192.661000,5.646237
192.661000,6.974477
192.661000,8.302717
192.661000,9.630959
193.811300,-9.628528
193.811300,-8.300287
193.811300,-6.972047
193.811300,-5.643806
193.811300,-4.315566
193.811300,-2.987326
193.811300,-1.659085
193.811300,-0.330845
193.811300,0.997396
193.811300,2.325636
193.811300,3.653876
193.811300,4.982117
193.811300,6.310357
193.811300,7.638597
193.811300,8.966838
194.961600,-8.964407
194.961600,-7.636167
194.961600,-6.307927
194.961600,-4.979686
194.961600,-3.651446
194.961600,-2.323205
194.961600,-0.994965
194.961600,0.333275
194.961600,1.661516
194.961600,2.989756
194.961600,4.317997
194.961600,5.646237
194.961600,6.974477
194.961600,8.302717
194.961600,9.630959
196.111800,-9.628528
196.111800,-8.300287
196.111800,-6.972047
196.111800,-5.643806
196.111800,-4.315566
196.111800,-2.987326
196.111800,-1.659085
196.111800,-0.330845
196.111800,0.997396
196.111800,2.325636
196.111800,3.653876
196.111800,4.982117
196.111800,6.310357
196.111800,7.638597
196.111800,8.966838
197.262100,-8.964407
197.262100,-7.636167
197.262100,-6.307927
197.262100,-4.979686
197.262100,-3.651446
197.262100,-2.323205
197.262100,-0.994965
197.262100,0.333275
197.262100,1.661516
197.262100,2.989756
197.262100,4.317997
197.262100,5.646237
197.262100,6.974477
197.262100,8.302717
197.262100,9.630959
198.412400,-9.628528
198.412400,-8.300287
198.412400,-6.972047
198.412400,-5.643806
198.412400,-4.315566
198.412400,-2.987326
198.412400,-1.659085
198.412400,-0.330845
198.412400,0.997396
198.412400,2.325636
198.412400,3.653876
198.412400,4.982117
198.412400,6.310357
198.412400,7.638597
198.412400,8.966838
199.562700,-8.964407
199.562700,-7.636167
199.562700,-6.307927
199.562700,-4.979686
199.562700,-3.651446
199.562700,-2.323205
199.562700,-0.994965
199.562700,0.333275
199.562700,1.661516
199.562700,2.989756
199.562700,4.317997
199.562700,5.646237
199.562700,6.974477
199.562700,8.302717
199.562700,9.630959
200.713000,-9.628528
200.713000,-8.300287
200.713000,-6.972047
200.713000,-5.643806
200.713000,-4.315566
200.713000,-2.987326
200.713000,-1.659085
200.713000,-0.330845
200.713000,0.997396
200.713000,2.325636
200.713000,3.653876
200.713000,4.982117
200.713000,6.310357
200.713000,7.638597
200.713000,8.966838
201.863300,-8.964407
201.863300,-7.636167
201.863300,-6.307927
201.863300,-4.979686
201.863300,-3.651446
201.863300,-2.323205
201.863300,-0.994965
201.863300,0.333275
201.863300,1.661516
201.863300,2.989756
201.863300,4.317997
201.863300,5.646237
201.863300,6.974477
201.863300,8.302717
201.863300,9.630959
203.013600,-9.628528
203.013600,-8.300287
203.013600,-6.972047
203.013600,-5.643806
203.013600,-4.315566
203.013600,-2.987326
203.013600,-1.659085
203.013600,-0.330845
203.013600,0.997396
203.013600,2.325636
203.013600,3.653876
203.013600,4.982117
203.013600,6.310357
203.013600,7.638597
203.013600,8.966838
204.163900,-8.964407
204.163900,-7.636167
204.163900,-6.307927
204.163900,-4.979686
204.163900,-3.651446
204.163900,-2.323205
204.163900,-0.994965
204.163900,0.333275
204.163900,1.661516
204.163900,2.989756
204.163900,4.317997
204.163900,5.646237
204.163900,6.974477
204.163900,8.302717
204.163900,9.630959
205.314200,-9.628528
205.314200,-8.300287
205.314200,-6.972047
205.314200,-5.643806
205.314200,-4.315566
205.314200,-2.987326
205.314200,-1.659085
205.314200,-0.330845
205.314200,0.997396
205.314200,2.325636
205.314200,3.653876
205.314200,4.982117
205.314200,6.310357
205.314200,7.638597
205.314200,8.966838
206.464500,-8.964407
206.464500,-7.636167
206.464500,-6.307927
206.464500,-4.979686
206.464500,-3.651446
206.464500,-2.323205
206.464500,-0.994965
206.464500,0.333275
206.464500,1.661516
206.464500,2.989756
206.464500,4.317997
206.464500,5.646237
206.464500,6.974477
206.464500,8.302717
206.464500,9.630959
207.614700,-9.628528
207.614700,-8.300287
207.614700,-6.972047
207.614700,-5.643806
207.614700,-4.315566
207.614700,-2.987326
207.614700,-1.659085
207.614700,-0.330845
207.614700,0.997396
207.614700,2.325636
207.614700,3.653876
207.614700,4.982117
207.614700,6.310357
207.614700,7.638597
207.614700,8.966838
208.765000,-8.964407
208.765000,-7.636167
208.765000,-6.307927
208.765000,-4.979686
208.765000,-3.651446
208.765000,-2.323205
208.765000,-0.994965
208.765000,0.333275
208.765000,1.661516
208.765000,2.989756
208.765000,4.317997
208.765000,5.646237
208.765000,6.974477
208.765000,8.302717
208.765000,9.630959
209.915300,-9.628528
209.915300,-8.300287
209.915300,-6.972047
209.915300,-5.643806
209.915300,-4.315566
209.915300,-2.987326
209.915300,-1.659085
209.915300,-0.330845
209.915300,0.997396
209.915300,2.325636
209.915300,3.653876
209.915300,4.982117
209.915300,6.310357
209.915300,7.638597
209.915300,8.966838
211.065600,-8.964407
211.065600,-7.636167
211.065600,-6.307927
211.065600,-4.979686
211.065600,-3.651446
211.065600,-2.323205
211.065600,-0.994965
211.065600,0.333275
211.065600,1.661516
211.065600,2.989756
211.065600,4.317997
211.065600,5.646237
211.065600,6.974477
211.065600,8.302717
211.065600,9.630959
212.215900,-9.628528
212.215900,-8.300287
212.215900,-6.972047
212.215900,-5.643806
212.215900,-4.315566
212.215900,-2.987326
212.215900,-1.659085
212.215900,-0.330845
212.215900,0.997396
212.215900,2.325636
212.215900,3.653876
212.215900,4.982117
212.215900,6.310357
212.215900,7.638597
212.215900,8.966838
213.366200,-8.964407
213.366200,-7.636167
213.366200,-6.307927
213.366200,-4.979686
213.366200,-3.651446
213.366200,-2.323205
213.366200,-0.994965
213.366200,0.333275
213.366200,1.661516
213.366200,2.989756
213.366200,4.317997
213.366200,5.646237
213.366200,6.974477
213.366200,8.302717
213.366200,9.630959
214.516500,-9.628528
214.516500,-8.300287
214.516500,-6.972047
214.516500,-5.643806
214.516500,-4.315566
214.516500,-2.987326
214.516500,-1.659085
214.516500,-0.330845
214.516500,0.997396
214.516500,2.325636
214.516500,3.653876
214.516500,4.982117
214.516500,6.310357
214.516500,7.638597
214.516500,8.966838
215.666800,-8.964407
215.666800,-7.636167
215.666800,-6.307927
215.666800,-4.979686
215.666800,-3.651446
215.666800,-2.323205
215.666800,-0.994965
215.666800,0.333275
215.666800,1.661516
215.666800,2.989756
215.666800,4.317997
215.666800,5.646237
215.666800,6.974477
215.666800,8.302717
215.666800,9.630959
216.817100,-9.628528
216.817100,-8.300287
216.817100,-6.972047
216.817100,-5.643806
216.817100,-4.315566
216.817100,-2.987326
216.817100,-1.659085
216.817100,-0.330845
216.817100,0.997396
216.817100,2.325636
216.817100,3.653876
216.817100,4.982117
216.817100,6.310357
216.817100,7.638597
216.817100,8.966838
217.967400,-8.964407
217.967400,-7.636167
217.967400,-6.307927
217.967400,-4.979686
217.967400,-3.651446
217.967400,-2.323205
217.967400,-0.994965
217.967400,0.333275
217.967400,1.661516
217.967400,2.989756
217.967400,4.317997
217.967400,5.646237
217.967400,6.974477
217.967400,8.302717
217.967400,9.630959
219.117600,-9.628528
219.117600,-8.300287
219.117600,-6.972047
219.117600,-5.643806
219.117600,-4.315566
219.117600,-2.987326
219.117600,-1.659085
219.117600,-0.330845
219.117600,0.997396
219.117600,2.325636
219.117600,3.653876
219.117600,4.982117
219.117600,6.310357
219.117600,7.638597
219.117600,8.966838
220.267900,-8.964407
220.267900,-7.636167
220.267900,-6.307927
220.267900,-4.979686
220.267900,-3.651446
220.267900,-2.323205
220.267900,-0.994965
220.267900,0.333275
220.267900,1.661516
220.267900,2.989756
220.267900,4.317997
220.267900,5.646237
220.267900,6.974477
220.267900,8.302717
220.267900,9.630959
221.418200,-9.628528
221.418200,-8.300287
221.418200,-6.972047
221.418200,-5.643806
221.418200,-4.315566
221.418200,-2.987326
221.418200,-1.659085
221.418200,-0.330845
221.418200,0.997396
221.418200,2.325636
221.418200,3.653876
221.418200,4.982117
221.418200,6.310357
221.418200,7.638597
221.418200,8.966838
222.568500,-8.964407
222.568500,-7.636167
222.568500,-6.307927
222.568500,-4.979686
222.568500,-3.651446
222.568500,-2.323205
222.568500,-0.994965
222.568500,0.333275
222.568500,1.661516
222.568500,2.989756
222.568500,4.317997
222.568500,5.646237
222.568500,6.974477
222.568500,8.302717
222.568500,9.630959
223.718800,-9.628528
223.718800,-8.300287
223.718800,-6.972047
223.718800,-5.643806
223.718800,-4.315566
223.718800,-2.987326
223.718800,-1.659085
223.718800,-0.330845
223.718800,0.997396
223.718800,2.325636
223.718800,3.653876
223.718800,4.982117
223.718800,6.310357
223.718800,7.638597
223.718800,8.966838
224.869100,-8.964407
224.869100,-7.636167
224.869100,-6.307927
224.869100,-4.979686
224.869100,-3.651446
224.869100,-2.323205
224.869100,-0.994965
224.869100,0.333275
224.869100,1.661516
224.869100,2.989756
224.869100,4.317997
224.869100,5.646237
224.869100,6.974477
224.869100,8.302717
224.869100,9.630959
226.019400,-9.628528
226.019400,-8.300287
226.019400,-6.972047
226.019400,-5.643806
226.019400,-4.315566
226.019400,-2.987326
226.019400,-1.659085
226.019400,-0.330845
226.019400,0.997396
226.019400,2.325636
226.019400,3.653876
226.019400,4.982117
226.019400,6.310357
226.019400,7.638597
226.019400,8.966838
227.169700,-8.964407
227.169700,-7.636167
227.169700,-6.307927
227.169700,-4.979686
227.169700,-3.651446
227.169700,-2.323205
227.169700,-0.994965
227.169700,0.333275
227.169700,1.661516
227.169700,2.989756
227.169700,4.317997
227.169700,5.646237
227.169700,6.974477
227.169700,8.302717
227.169700,9.630959
228.320000,-9.628528
228.320000,-8.300287
228.320000,-6.972047
228.320000,-5.643806
228.320000,-4.315566
228.320000,-2.987326
228.320000,-1.659085
228.320000,-0.330845
228.320000,0.997396
228.320000,2.325636
228.320000,3.653876
228.320000,4.982117
228.320000,6.310357
228.320000,7.638597
228.320000,8.966838
229.470300,-8.964407
229.470300,-7.636167
229.470300,-6.307927
229.470300,-4.979686
229.470300,-3.651446
229.470300,-2.323205
229.470300,-0.994965
229.470300,0.333275
229.470300,1.661516
229.470300,2.989756
229.470300,4.317997
229.470300,5.646237
229.470300,6.974477
229.470300,8.302717
229.470300,9.630959
230.620500,-9.628528
230.620500,-8.300287
230.620500,-6.972047
230.620500,-5.643806
230.620500,-4.315566
230.620500,-2.987326
230.620500,-1.659085
230.620500,-0.330845
230.620500,0.997396
230.620500,2.325636
230.620500,3.653876
230.620500,4.982117
230.620500,6.310357
230.620500,7.638597
230.620500,8.966838
231.770800,-8.964407
231.770800,-7.636167
231.770800,-6.307927
231.770800,-4.979686
231.770800,-3.651446
231.770800,-2.323205
231.770800,-0.994965
231.770800,0.333275
231.770800,1.661516
231.770800,2.989756
231.770800,4.317997
231.770800,5.646237
231.770800,6.974477
231.770800,8.302717
231.770800,9.630959
232.921100,-9.628528
232.921100,-8.300287
232.921100,-6.972047
232.921100,-5.643806
232.921100,-4.315566
232.921100,-2.987326
232.921100,-1.659085
232.921100,-0.330845
232.921100,0.997396
232.921100,2.325636
232.921100,3.653876
232.921100,4.982117
232.921100,6.310357
232.921100,7.638597
232.921100,8.966838
234.071400,-8.964407
234.071400,-7.636167
234.071400,-6.307927
234.071400,-4.979686
234.071400,-3.651446
234.071400,-2.323205
234.071400,-0.994965
234.071400,0.333275
234.071400,1.661516
234.071400,2.989756
234.071400,4.317997
234.071400,5.646237
234.071400,6.974477
234.071400,8.302717
234.071400,9.630959
235.221700,-9.628528
235.221700,-8.300287
235.221700,-6.972047
235.221700,-5.643806
235.221700,-4.315566
235.221700,-2.987326
235.221700,-1.659085
235.221700,-0.330845
235.221700,0.997396
235.221700,2.325636
235.221700,3.653876
235.221700,4.982117
235.221700,6.310357
235.221700,7.638597
235.221700,8.966838
236.372000,-8.964407
236.372000,-7.636167
236.372000,-6.307927
236.372000,-4.979686
236.372000,-3.651446
236.372000,-2.323205
236.372000,-0.994965
236.372000,0.333275
236.372000,1.661516
236.372000,2.989756
236.372000,4.317997
236.372000,5.646237
236.372000,6.974477
236.372000,8.302717
236.372000,9.630959
237.522300,-9.628528
237.522300,-8.300287
237.522300,-6.972047
237.522300,-5.643806
237.522300,-4.315566
237.522300,-2.987326
237.522300,-1.659085
237.522300,-0.330845
237.522300,0.997396
237.522300,2.325636
237.522300,3.653876
237.522300,4.982117
237.522300,6.310357
237.522300,7.638597
237.522300,8.966838
238.672600,-8.964407
238.672600,-7.636167
238.672600,-6.307927
238.672600,-4.979686
238.672600,-3.651446
238.672600,-2.323205
238.672600,-0.994965
238.672600,0.333275
238.672600,1.661516
238.672600,2.989756
238.672600,4.317997
238.672600,5.646237
238.672600,6.974477
238.672600,8.302717
238.672600,9.630959
239.822900,-9.628528
239.822900,-8.300287
239.822900,-6.972047
239.822900,-5.643806
239.822900,-4.315566
239.822900,-2.987326
239.822900,-1.659085
239.822900,-0.330845
239.822900,0.997396
239.822900,2.325636
239.822900,3.653876
239.822900,4.982117
239.822900,6.310357
239.822900,7.638597
239.822900,8.966838
240.973200,-8.964407
240.973200,-7.636167
240.973200,-6.307927
240.973200,-4.979686
240.973200,-3.651446
240.973200,-2.323205
240.973200,-0.994965
240.973200,0.333275
240.973200,1.661516
240.973200,2.989756
240.973200,4.317997
240.973200,5.646237
240.973200,6.974477
240.973200,8.302717
240.973200,9.630959
242.123400,-9.628528
242.123400,-8.300287
242.123400,-6.972047
242.123400,-5.643806
242.123400,-4.315566
242.123400,-2.987326
242.123400,-1.659085
242.123400,-0.330845
242.123400,0.997396
242.123400,2.325636
242.123400,3.653876
242.123400,4.982117
242.123400,6.310357
242.123400,7.638597
242.123400,8.966838
243.273700,-8.964407
243.273700,-7.636167
243.273700,-6.307927
243.273700,-4.979686
243.273700,-3.651446
243.273700,-2.323205
243.273700,-0.994965
243.273700,0.333275
243.273700,1.661516
243.273700,2.989756
243.273700,4.317997
243.273700,5.646237
243.273700,6.974477
243.273700,8.302717
243.273700,9.630959
244.424000,-9.628528
244.424000,-8.300287
244.424000,-6.972047
244.424000,-5.643806
244.424000,-4.315566
244.424000,-2.987326
244.424000,-1.659085
244.424000,-0.330845
244.424000,0.997396
244.424000,2.325636
244.424000,3.653876
244.424000,4.982117
244.424000,6.310357
244.424000,7.638597
244.424000,8.966838
245.574300,-8.964407
245.574300,-7.636167
245.574300,-6.307927
245.574300,-4.979686
245.574300,-3.651446
245.574300,-2.323205
245.574300,-0.994965
245.574300,0.333275
245.574300,1.661516
245.574300,2.989756
245.574300,4.317997
245.574300,5.646237
245.574300,6.974477
245.574300,8.302717
245.574300,9.630959
246.724600,-9.628528
246.724600,-8.300287
246.724600,-6.972047
246.724600,-5.643806
246.724600,-4.315566
246.724600,-2.987326
246.724600,-1.659085
246.724600,-0.330845
246.724600,0.997396
246.724600,2.325636
246.724600,3.653876
246.724600,4.982117
246.724600,6.310357
246.724600,7.638597
246.724600,8.966838
247.874900,-8.964407
247.874900,-7.636167
247.874900,-6.307927
247.874900,-4.979686
247.874900,-3.651446
247.874900,-2.323205
247.874900,-0.994965
247.874900,0.333275
247.874900,1.661516
247.874900,2.989756
247.874900,4.317997
247.874900,5.646237
247.874900,6.974477
247.874900,8.302717
247.874900,9.630959
249.025200,-9.628528
249.025200,-8.300287
249.025200,-6.972047
249.025200,-5.643806
249.025200,-4.315566
249.025200,-2.987326
249.025200,-1.659085
249.025200,-0.330845
249.025200,0.997396
249.025200,2.325636
249.025200,3.653876
249.025200,4.982117
249.025200,6.310357
249.025200,7.638597
249.025200,8.966838
250.175500,-8.964407
250.175500,-7.636167
250.175500,-6.307927
250.175500,-4.979686
250.175500,-3.651446
250.175500,-2.323205
250.175500,-0.994965
250.175500,0.333275
250.175500,1.661516
250.175500,2.989756
250.175500,4.317997
250.175500,5.646237
250.175500,6.974477
250.175500,8.302717
250.175500,9.630959
251.325800,-9.628528
251.325800,-8.300287
251.325800,-6.972047
251.325800,-5.643806
251.325800,-4.315566
251.325800,-2.987326
251.325800,-1.659085
251.325800,-0.330845
251.325800,0.997396
251.325800,2.325636
251.325800,3.653876
251.325800,4.982117
251.325800,6.310357
251.325800,7.638597
251.325800,8.966838
252.476100,-8.964407
252.476100,-7.636167
252.476100,-6.307927
252.476100,-4.979686
252.476100,-3.651446
252.476100,-2.323205
252.476100,-0.994965
252.476100,0.333275
252.476100,1.661516
252.476100,2.989756
252.476100,4.317997
252.476100,5.646237
252.476100,6.974477
252.476100,8.302717
252.476100,9.630959
253.626300,-9.628528
253.626300,-8.300287
253.626300,-6.972047
253.626300,-5.643806
253.626300,-4.315566
253.626300,-2.987326
253.626300,-1.659085
253.626300,-0.330845
253.626300,0.997396
253.626300,2.325636
253.626300,3.653876
253.626300,4.982117
253.626300,6.310357
253.626300,7.638597
253.626300,8.966838
254.776600,-8.964407
254.776600,-7.636167
254.776600,-6.307927
254.776600,-4.979686
254.776600,-3.651446
254.776600,-2.323205
254.776600,-0.994965
254.776600,0.333275
254.776600,1.661516
254.776600,2.989756
254.776600,4.317997
254.776600,5.646237
254.776600,6.974477
254.776600,8.302717
254.776600,9.630959
255.926900,-9.628528
255.926900,-8.300287
255.926900,-6.972047
255.926900,-5.643806
255.926900,-4.315566
255.926900,-2.987326
255.926900,-1.659085
255.926900,-0.330845
255.926900,0.997396
255.926900,2.325636
255.926900,3.653876
255.926900,4.982117
255.926900,6.310357
255.926900,7.638597
255.926900,8.966838
257.077200,-8.964407
257.077200,-7.636167
257.077200,-6.307927
257.077200,-4.979686
257.077200,-3.651446
257.077200,-2.323205
257.077200,-0.994965
257.077200,0.333275
257.077200,1.661516
257.077200,2.989756
257.077200,4.317997
257.077200,5.646237
257.077200,6.974477
257.077200,8.302717
257.077200,9.630959
258.227500,-9.628528
258.227500,-8.300287
258.227500,-6.972047
258.227500,-5.643806
258.227500,-4.315566
258.227500,-2.987326
258.227500,-1.659085
258.227500,-0.330845
258.227500,0.997396
258.227500,2.325636
258.227500,3.653876
258.227500,4.982117
258.227500,6.310357
258.227500,7.638597
258.227500,8.966838
259.377800,-8.964407
259.377800,-7.636167
259.377800,-6.307927
259.377800,-4.979686
259.377800,-3.651446
259.377800,-2.323205
259.377800,-0.994965
259.377800,0.333275
259.377800,1.661516
259.377800,2.989756
259.377800,4.317997
259.377800,5.646237
259.377800,6.974477
259.377800,8.302717
259.377800,9.630959
260.528100,-9.628528
260.528100,-8.300287
260.528100,-6.972047
260.528100,-5.643806
260.528100,-4.315566
260.528100,-2.987326
260.528100,-1.659085
260.528100,-0.330845
260.528100,0.997396
260.528100,2.325636
260.528100,3.653876
260.528100,4.982117
260.528100,6.310357
260.528100,7.638597
260.528100,8.966838
261.678400,-8.964407
261.678400,-7.636167
261.678400,-6.307927
261.678400,-4.979686
261.678400,-3.651446
261.678400,-2.323205
261.678400,-0.994965
261.678400,0.333275
261.678400,1.661516
261.678400,2.989756
261.678400,4.317997
261.678400,5.646237
261.678400,6.974477
261.678400,8.302717
261.678400,9.630959
262.828700,-9.628528
262.828700,-8.300287
262.828700,-6.972047
262.828700,-5.643806
262.828700,-4.315566
262.828700,-2.987326
262.828700,-1.659085
262.828700,-0.330845
262.828700,0.997396
262.828700,2.325636
262.828700,3.653876
262.828700,4.982117
262.828700,6.310357
262.828700,7.638597
262.828700,8.966838
263.978900,-8.964407
263.978900,-7.636167
263.978900,-6.307927
263.978900,-4.979686
263.978900,-3.651446
263.978900,-2.323205
263.978900,-0.994965
263.978900,0.333275
263.978900,1.661516
263.978900,2.989756
263.978900,4.317997
263.978900,5.646237
263.978900,6.974477
263.978900,8.302717
263.978900,9.630959
265.129200,-9.628528
265.129200,-8.300287
265.129200,-6.972047
265.129200,-5.643806
265.129200,-4.315566
265.129200,-2.987326
265.129200,-1.659085
265.129200,-0.330845
265.129200,0.997396
265.129200,2.325636
265.129200,3.653876
265.129200,4.982117
265.129200,6.310357
265.129200,7.638597
265.129200,8.966838
266.279500,-8.964407
266.279500,-7.636167
266.279500,-6.307927
266.279500,-4.979686
266.279500,-3.651446
266.279500,-2.323205
266.279500,-0.994965
266.279500,0.333275
266.279500,1.661516
266.279500,2.989756
266.279500,4.317997
266.279500,5.646237
266.279500,6.974477
266.279500,8.302717
266.279500,9.630959
267.429800,-9.628528
267.429800,-8.300287
267.429800,-6.972047
267.429800,-5.643806
267.429800,-4.315566
267.429800,-2.987326
267.429800,-1.659085
267.429800,-0.330845
267.429800,0.997396
267.429800,2.325636
267.429800,3.653876
267.429800,4.982117
267.429800,6.310357
267.429800,7.638597
267.429800,8.966838
268.580100,-8.964407
268.580100,-7.636167
268.580100,-6.307927
268.580100,-4.979686
268.580100,-3.651446
268.580100,-2.323205
268.580100,-0.994965
268.580100,0.333275
268.580100,1.661516
268.580100,2.989756
268.580100,4.317997
268.580100,5.646237
268.580100,6.974477
268.580100,8.302717
268.580100,9.630959
269.730400,-9.628528
269.730400,-8.300287
269.730400,-6.972047
269.730400,-5.643806
269.730400,-4.315566
269.730400,-2.987326
269.730400,-1.659085
269.730400,-0.330845
269.730400,0.997396
269.730400,2.325636
269.730400,3.653876
269.730400,4.982117
269.730400,6.310357
269.730400,7.638597
269.730400,8.966838
270.880700,-8.964407
270.880700,-7.636167
270.880700,-6.307927
270.880700,-4.979686
270.880700,-3.651446
270.880700,-2.323205
270.880700,-0.994965
270.880700,0.333275
270.880700,1.661516
270.880700,2.989756
270.880700,4.317997
270.880700,5.646237
270.880700,6.974477
270.880700,8.302717
270.880700,9.630959
272.031000,-9.628528
272.031000,-8.300287
272.031000,-6.972047
272.031000,-5.643806
272.031000,-4.315566
272.031000,-2.987326
272.031000,-1.659085
272.031000,-0.330845
272.031000,0.997396
272.031000,2.325636
272.031000,3.653876
272.031000,4.982117
272.031000,6.310357
272.031000,7.638597
272.031000,8.966838
273.181300,-8.964407
273.181300,-7.636167
273.181300,-6.307927
273.181300,-4.979686
273.181300,-3.651446
273.181300,-2.323205
273.181300,-0.994965
273.181300,0.333275
273.181300,1.661516
273.181300,2.989756
273.181300,4.317997
273.181300,5.646237
273.181300,6.974477
273.181300,8.302717
273.181300,9.630959
274.331600,-9.628528
274.331600,-8.300287
274.331600,-6.972047
274.331600,-5.643806
274.331600,-4.315566
274.331600,-2.987326
274.331600,-1.659085
274.331600,-0.330845
274.331600,0.997396
274.331600,2.325636
274.331600,3.653876
274.331600,4.982117
274.331600,6.310357
274.331600,7.638597
274.331600,8.966838
275.481800,-8.964407
275.481800,-7.636167
275.481800,-6.307927
275.481800,-4.979686
275.481800,-3.651446
275.481800,-2.323205
275.481800,-0.994965
275.481800,0.333275
275.481800,1.661516
275.481800,2.989756
275.481800,4.317997
275.481800,5.646237
275.481800,6.974477
275.481800,8.302717
275.481800,9.630959
276.632100,-9.628528
276.632100,-8.300287
276.632100,-6.972047
276.632100,-5.643806
276.632100,-4.315566
276.632100,-2.987326
276.632100,-1.659085
276.632100,-0.330845
276.632100,0.997396
276.632100,2.325636
276.632100,3.653876
276.632100,4.982117
276.632100,6.310357
276.632100,7.638597
276.632100,8.966838
277.782400,-8.964407
277.782400,-7.636167
277.782400,-6.307927
277.782400,-4.979686
277.782400,-3.651446
277.782400,-2.323205
277.782400,-0.994965
277.782400,0.333275
277.782400,1.661516
277.782400,2.989756
277.782400,4.317997
277.782400,5.646237
277.782400,6.974477
277.782400,8.302717
277.782400,9.630959
278.932700,-9.628528
278.932700,-8.300287
278.932700,-6.972047
278.932700,-5.643806
278.932700,-4.315566
278.932700,-2.987326
278.932700,-1.659085
278.932700,-0.330845
278.932700,0.997396
278.932700,2.325636
278.932700,3.653876
278.932700,4.982117
278.932700,6.310357
278.932700,7.638597
278.932700,8.966838
280.083000,-8.964407
280.083000,-7.636167
280.083000,-6.307927
280.083000,-4.979686
280.083000,-3.651446
280.083000,-2.323205
280.083000,-0.994965
280.083000,0.333275
280.083000,1.661516
280.083000,2.989756
280.083000,4.317997
280.083000,5.646237
280.083000,6.974477
280.083000,8.302717
280.083000,9.630959
281.233300,-9.628528
281.233300,-8.300287
281.233300,-6.972047
281.233300,-5.643806
281.233300,-4.315566
281.233300,-2.987326
281.233300,-1.659085
281.233300,-0.330845
281.233300,0.997396
281.233300,2.325636
281.233300,3.653876
281.233300,4.982117
281.233300,6.310357
281.233300,7.638597
281.233300,8.966838
282.383600,-8.964407
282.383600,-7.636167
282.383600,-6.307927
282.383600,-4.979686
282.383600,-3.651446
282.383600,-2.323205
282.383600,-0.994965
282.383600,0.333275
282.383600,1.661516
282.383600,2.989756
282.383600,4.317997
282.383600,5.646237
282.383600,6.974477
282.383600,8.302717
282.383600,9.630959
283.533900,-9.628528
283.533900,-8.300287
283.533900,-6.972047
283.533900,-5.643806
283.533900,-4.315566
283.533900,-2.987326
283.533900,-1.659085
283.533900,-0.330845
283.533900,0.997396
283.533900,2.325636
283.533900,3.653876
283.533900,4.982117
283.533900,6.310357
283.533900,7.638597
283.533900,8.966838
284.684200,-8.964407
284.684200,-7.636167
284.684200,-6.307927
284.684200,-4.979686
284.684200,-3.651446
284.684200,-2.323205
284.684200,-0.994965
284.684200,0.333275
284.684200,1.661516
284.684200,2.989756
284.684200,4.317997
284.684200,5.646237
284.684200,6.974477
284.684200,8.302717
284.684200,9.630959
285.834500,-9.628528
285.834500,-8.300287
285.834500,-6.972047
285.834500,-5.643806
285.834500,-4.315566
285.834500,-2.987326
285.834500,-1.659085
285.834500,-0.330845
285.834500,0.997396
285.834500,2.325636
285.834500,3.653876
285.834500,4.982117
285.834500,6.310357
285.834500,7.638597
285.834500,8.966838
286.984700,-8.964407
286.984700,-7.636167
286.984700,-6.307927
286.984700,-4.979686
286.984700,-3.651446
286.984700,-2.323205
286.984700,-0.994965
286.984700,0.333275
286.984700,1.661516
286.984700,2.989756
286.984700,4.317997
286.984700,5.646237
286.984700,6.974477
286.984700,8.302717
286.984700,9.630959
288.135000,-9.628528
288.135000,-8.300287
288.135000,-6.972047
288.135000,-5.643806
288.135000,-4.315566
288.135000,-2.987326
288.135000,-1.659085
288.135000,-0.330845
288.135000,0.997396
288.135000,2.325636
288.135000,3.653876
288.135000,4.982117
288.135000,6.310357
288.135000,7.638597
288.135000,8.966838
289.285300,-8.964407
289.285300,-7.636167
289.285300,-6.307927
289.285300,-4.979686
289.285300,-3.651446
289.285300,-2.323205
289.285300,-0.994965
289.285300,0.333275
289.285300,1.661516
289.285300,2.989756
289.285300,4.317997
289.285300,5.646237
289.285300,6.974477
289.285300,8.302717
289.285300,9.630959
290.435600,-9.628528
290.435600,-8.300287
290.435600,-6.972047
290.435600,-5.643806
290.435600,-4.315566
290.435600,-2.987326
290.435600,-1.659085
290.435600,-0.330845
290.435600,0.997396
290.435600,2.325636
290.435600,3.653876
290.435600,4.982117
290.435600,6.310357
290.435600,7.638597
290.435600,8.966838
291.585900,-8.964407
291.585900,-7.636167
291.585900,-6.307927
291.585900,-4.979686
291.585900,-3.651446
291.585900,-2.323205
291.585900,-0.994965
291.585900,0.333275
291.585900,1.661516
291.585900,2.989756
291.585900,4.317997
291.585900,5.646237
291.585900,6.974477
291.585900,8.302717
291.585900,9.630959
292.736200,-9.628528
292.736200,-8.300287
292.736200,-6.972047
292.736200,-5.643806
292.736200,-4.315566
292.736200,-2.987326
292.736200,-1.659085
292.736200,-0.330845
292.736200,0.997396
292.736200,2.325636
292.736200,3.653876
292.736200,4.982117
292.736200,6.310357
292.736200,7.638597
292.736200,8.966838
293.886500,-8.964407
293.886500,-7.636167
293.886500,-6.307927
293.886500,-4.979686
293.886500,-3.651446
293.886500,-2.323205
293.886500,-0.994965
293.886500,0.333275
293.886500,1.661516
293.886500,2.989756
293.886500,4.317997
293.886500,5.646237
293.886500,6.974477
293.886500,8.302717
293.886500,9.630959
295.036800,-9.628528
295.036800,-8.300287
295.036800,-6.972047
295.036800,-5.643806
295.036800,-4.315566
295.036800,-2.987326
295.036800,-1.659085
295.036800,-0.330845
295.036800,0.997396
295.036800,2.325636
295.036800,3.653876
295.036800,4.982117
295.036800,6.310357
295.036800,7.638597
295.036800,8.966838
296.187100,-8.964407
296.187100,-7.636167
296.187100,-6.307927
296.187100,-4.979686
296.187100,-3.651446
296.187100,-2.323205
296.187100,-0.994965
296.187100,0.333275
296.187100,1.661516
296.187100,2.989756
296.187100,4.317997
296.187100,5.646237
296.187100,6.974477
296.187100,8.302717
296.187100,9.630959
297.337400,-9.628528
297.337400,-8.300287
297.337400,-6.972047
297.337400,-5.643806
297.337400,-4.315566
297.337400,-2.987326
297.337400,-1.659085
297.337400,-0.330845
297.337400,0.997396
297.337400,2.325636
297.337400,3.653876
297.337400,4.982117
297.337400,6.310357
297.337400,7.638597
297.337400,8.966838
298.487600,-8.964407
298.487600,-7.636167
298.487600,-6.307927
298.487600,-4.979686
298.487600,-3.651446
298.487600,-2.323205
298.487600,-0.994965
298.487600,0.333275
298.487600,1.661516
298.487600,2.989756
298.487600,4.317997
298.487600,5.646237
298.487600,6.974477
298.487600,8.302717
298.487600,9.630959
299.637900,-9.628528
299.637900,-8.300287
299.637900,-6.972047
299.637900,-5.643806
299.637900,-4.315566
299.637900,-2.987326
299.637900,-1.659085
299.637900,-0.330845
299.637900,0.997396
299.637900,2.325636
299.637900,3.653876
299.637900,4.982117
299.637900,6.310357
299.637900,7.638597
299.637900,8.966838
300.788200,-8.964407
300.788200,-7.636167
300.788200,-6.307927
300.788200,-4.979686
300.788200,-3.651446
300.788200,-2.323205
300.788200,-0.994965
300.788200,0.333275
300.788200,1.661516
300.788200,2.989756
300.788200,4.317997
300.788200,5.646237
300.788200,6.974477
300.788200,8.302717
300.788200,9.630959
301.938500,-9.628528
301.938500,-8.300287
301.938500,-6.972047
301.938500,-5.643806
301.938500,-4.315566
301.938500,-2.987326
301.938500,-1.659085
301.938500,-0.330845
301.938500,0.997396
301.938500,2.325636
301.938500,3.653876
301.938500,4.982117
301.938500,6.310357
301.938500,7.638597
301.938500,8.966838
303.088800,-8.964407
303.088800,-7.636167
303.088800,-6.307927
303.088800,-4.979686
303.088800,-3.651446
303.088800,-2.323205
303.088800,-0.994965
303.088800,0.333275
303.088800,1.661516
303.088800,2.989756
303.088800,4.317997
303.088800,5.646237
303.088800,6.974477
303.088800,8.302717
303.088800,9.630959
304.239100,-9.628528
304.239100,-8.300287
304.239100,-6.972047
304.239100,-5.643806
304.239100,-4.315566
304.239100,-2.987326
304.239100,-1.659085
304.239100,-0.330845
304.239100,0.997396
304.239100,2.325636
304.239100,3.653876
304.239100,4.982117
304.239100,6.310357
304.239100,7.638597
304.239100,8.966838
305.389400,-8.964407
305.389400,-7.636167
305.389400,-6.307927
305.389400,-4.979686
305.389400,-3.651446
305.389400,-2.323205
305.389400,-0.994965
305.389400,0.333275
305.389400,1.661516
305.389400,2.989756
305.389400,4.317997
305.389400,5.646237
305.389400,6.974477
305.389400,8.302717
305.389400,9.630959
306.539700,-9.628528
306.539700,-8.300287
306.539700,-6.972047
306.539700,-5.643806
306.539700,-4.315566
306.539700,-2.987326
306.539700,-1.659085
306.539700,-0.330845
306.539700,0.997396
306.539700,2.325636
306.539700,3.653876
306.539700,4.982117
306.539700,6.310357
306.539700,7.638597
306.539700,8.966838
307.690000,-8.964407
307.690000,-7.636167
307.690000,-6.307927
307.690000,-4.979686
307.690000,-3.651446
307.690000,-2.323205
307.690000,-0.994965
307.690000,0.333275
307.690000,1.661516
307.690000,2.989756
307.690000,4.317997
307.690000,5.646237
307.690000,6.974477
307.690000,8.302717
307.690000,9.630959
308.840300,-9.628528
308.840300,-8.300287
308.840300,-6.972047
308.840300,-5.643806
308.840300,-4.315566
308.840300,-2.987326
308.840300,-1.659085
308.840300,-0.330845
308.840300,0.997396
308.840300,2.325636
308.840300,3.653876
308.840300,4.982117
308.840300,6.310357
308.840300,7.638597
308.840300,8.966838
309.990500,-8.964407
309.990500,-7.636167
309.990500,-6.307927
309.990500,-4.979686
309.990500,-3.651446
309.990500,-2.323205
309.990500,-0.994965
309.990500,0.333275
309.990500,1.661516
309.990500,2.989756
309.990500,4.317997
309.990500,5.646237
309.990500,6.974477
309.990500,8.302717
309.990500,9.630959
311.140800,-9.628528
311.140800,-8.300287
311.140800,-6.972047
311.140800,-5.643806
311.140800,-4.315566
311.140800,-2.987326
311.140800,-1.659085
311.140800,-0.330845
311.140800,0.997396
311.140800,2.325636
311.140800,3.653876
311.140800,4.982117
311.140800,6.310357
311.140800,7.638597
311.140800,8.966838
312.291100,-8.964407
312.291100,-7.636167
312.291100,-6.307927
312.291100,-4.979686
312.291100,-3.651446
312.291100,-2.323205
312.291100,-0.994965
312.291100,0.333275
312.291100,1.661516
312.291100,2.989756
312.291100,4.317997
312.291100,5.646237
312.291100,6.974477
312.291100,8.302717
312.291100,9.630959
313.441400,-9.628528
313.441400,-8.300287
313.441400,-6.972047
313.441400,-5.643806
313.441400,-4.315566
313.441400,-2.987326
313.441400,-1.659085
313.441400,-0.330845
313.441400,0.997396
313.441400,2.325636
313.441400,3.653876
313.441400,4.982117
313.441400,6.310357
313.441400,7.638597
313.441400,8.966838
