295.726800,-3.515937
97.540380,-6.213030
311.360400,3.145962
280.863700,3.512446
63.640780,-8.581548
274.740300,-8.877431
214.994100,2.557941
260.074500,4.354655
258.434700,-1.129597
266.016800,4.659467
2.552567,8.291481
269.062800,4.448209
255.280700,-9.432444
238.961500,-2.127815
259.046700,-6.091540
260.535300,-3.751377
54.162210,-6.109319
222.986700,7.475576
245.531400,3.425748
238.256500,-4.207201
4.021222,3.966318
219.577200,-6.519987
15.431610,7.829022
69.956500,-4.819314
152.094700,-4.731885
290.888900,2.806407
11.465520,7.360949
130.225900,-0.479235
209.815000,2.334191
47.157780,-7.834364
271.359200,2.601884
60.419830,-0.249058
59.585460,6.837529
298.836900,4.434350
47.517170,-5.437127
225.096200,8.196997
214.368100,-2.345117
284.719300,5.011483
195.221500,0.596459
246.167500,1.966061
263.291000,-7.210379
86.704660,5.598831
283.783300,-1.171990
115.914800,6.317917
149.166600,-6.014283
23.318580,-9.432432
44.550940,-2.972917
250.252100,-3.068990
68.570440,-1.181365
99.285370,5.177812
293.885600,8.120729
128.193800,8.396591
203.503200,7.636550
77.902310,-7.207574
238.005400,5.825041
74.661460,-0.071971
37.281140,-3.916072
156.951500,6.523269
207.730800,-6.508975
306.351100,1.324496
220.680900,-6.198528
32.917700,0.931571
67.578450,1.772370
186.526900,-7.789952
283.336400,1.462658
43.903610,-0.547412
119.758700,-6.005031
283.627800,3.228024
43.166970,2.608036
6.847213,0.492322
27.719640,4.591579
187.121300,8.999646
225.564200,-3.363024
98.349660,8.122850
300.862500,3.491658
14.673190,5.748418
32.793590,7.910850
270.861100,-3.852299
40.668040,4.561243
74.852860,-8.709048
237.071200,7.785289
34.350630,-7.005703
98.946860,-8.324711
211.300400,0.500994
143.064300,-1.121895
171.040400,8.372392
264.301400,0.119680
203.896300,2.941363
256.292500,-8.951948
69.448890,-8.405026
305.611700,-1.469457
25.442790,-1.477889
120.660000,-5.339883
166.012500,5.052748
127.558600,6.028197
162.196000,9.168895
182.448700,6.499280
70.715990,-3.729418
123.568700,-3.661713
32.675560,-8.449540
111.304900,-6.486493
236.373500,0.438446
184.997600,5.213263
132.163600,5.304862
246.651200,6.981848
276.207300,8.481730
253.006400,5.487755
172.632600,-8.051383
292.983100,-5.355216
80.953620,-8.468103
2.053804,-7.424206
223.606700,-6.715539
119.714500,5.771013
110.155200,-0.847084
26.668290,5.380976
272.543500,4.313713
225.796000,3.149425
86.866810,-1.751331
206.241200,2.924525
287.265800,0.177824
76.352850,-5.626375
77.445060,2.155282
55.925170,-4.794945
312.117300,3.971684
294.934900,-0.447212
179.537800,2.872139
110.674400,9.290868
66.987580,-3.332646
53.407310,-2.177462
140.704800,6.593167
153.490900,0.586496
23.027240,3.429801
236.865600,2.552529
181.531300,5.857408
311.270100,6.133364
181.018600,8.375119
183.076300,-8.090120
1.432637,8.258585
262.754100,-6.227347
15.088560,4.707984
243.606000,6.947519
233.208100,6.452090
261.091900,-1.080972
0.958295,5.392598
231.038800,-4.829687
204.446600,1.965722
47.858230,7.966092
147.148800,-1.388385
11.125290,4.186526
39.494000,-6.265039
97.934080,-2.536520
188.682400,-4.334059
94.129520,-0.310699
95.773170,-3.695808
308.686500,-7.635077
138.857600,-3.987185
193.329700,-4.202183
312.788400,-5.584853
67.534560,-1.607304
157.774600,-8.863839
48.452480,-6.053458
156.377700,-6.164802
143.022800,8.001346
246.278100,-2.860286
172.512800,9.432640
85.757350,9.407900
222.308800,1.707688
18.311510,-1.126107
235.819500,-5.177040
202.187600,1.824025
292.883400,-0.181643
133.607800,-2.742466
304.940000,-7.669453
22.333240,-1.971188
49.310150,-5.332991
220.536300,0.344099
129.134000,-4.191675
257.940600,-6.266952
108.113800,2.014271
138.884700,1.965814
155.716100,-5.261058
308.702900,-1.847340
176.368500,-6.112106
238.680500,-5.748629
27.738530,5.711558
165.238300,2.966253
66.190260,-9.391987
115.544500,9.432455
68.485170,-3.618233
169.023600,2.449471
8.284899,-4.035933
36.922350,-0.134896
83.215540,-1.667341
136.874200,5.935084
194.368400,8.038193
265.284700,-0.423887
45.977330,4.334219
125.530300,-7.010096
309.650100,-7.064211
26.819070,9.432440
155.410000,-7.804627
261.674500,-8.489753
64.894500,-3.664894
178.018000,-7.163994
227.852700,-9.432432
116.812200,-9.432450
192.168500,3.402478
268.813800,-4.622394
91.008050,8.637526
146.978500,6.512731
54.286130,-2.871988
256.022700,-7.055161
131.815900,2.639393
114.838300,6.008220
4.535794,-4.609847
241.315100,-1.343143
89.656550,-9.296846
31.430860,-3.288239
134.965600,-4.561796
218.686800,1.090372
107.542700,5.408405
309.644600,-0.482625
246.037400,6.044944
31.457830,-2.168438
289.114700,7.717125
125.394100,-5.895923
146.807600,1.352582
281.740600,-8.216696
290.857600,-2.469155
133.121400,-9.252501
116.379000,-6.336707
133.236000,-3.801858
25.174540,-0.390302
43.836930,-3.851650
308.705700,-5.206910
211.606300,8.973026
208.881500,9.432473
211.118100,5.107740
231.563800,2.774318
306.941700,3.493401
197.177200,1.739851
139.104200,6.053731
156.352600,-8.409832
82.431340,-5.948394
253.041600,-9.432432
66.002140,-3.864966
87.689230,-0.788691
161.713800,3.949517
159.136400,5.912381
70.984410,7.741292
144.844500,1.311076
67.172950,3.406178
150.365800,-0.913250
14.105730,-0.793212
106.592500,4.815275
102.339000,4.764073
240.356300,-8.983237
143.932900,4.517347
221.108800,4.870765
207.468500,-0.715713
81.294220,8.386778
78.899770,-3.926898
274.114300,-1.092511
1.128213,-8.634275
45.064650,-0.399635
309.551100,1.743794
82.493450,0.415069
97.076450,-4.452582
89.744710,8.389514
130.445000,4.485371
19.332130,1.993208
125.056200,1.558540
307.482300,7.603102
149.321200,4.423694
21.273760,-3.669393
172.081100,7.973450
72.260070,-2.569010
48.269920,-2.210582
156.147100,-4.227324
266.494400,-0.594676
139.748400,-8.446930
217.236100,-2.101624
113.436200,5.536023
259.068400,4.849296
277.058100,-8.936396
216.785400,-5.613962
157.231700,-2.013392
44.642180,6.209127
74.026340,-3.731075
120.614300,-2.200392
104.437400,-5.172936
232.552800,3.300404
196.676900,7.171857
104.051600,-0.845026
215.546300,-7.200168
230.251500,8.293377
123.839800,-2.574877
106.818000,-8.365511
295.085200,-5.311848
231.637100,-5.807340
96.409010,3.154163
62.299720,6.509697
176.900100,-7.097987
16.238470,-1.051102
196.891600,9.432481
46.380640,-1.530051
121.944400,-9.432444
282.718000,7.244239
148.249900,-5.274540
253.842500,0.544375
13.050900,-1.170111
164.172900,1.254070
160.100100,-7.300181
221.853200,-1.379593
229.170100,-0.100709
187.945700,-3.115746
198.737500,-3.637650
136.739200,-4.798879
6.738016,5.310227
148.760000,5.393096
253.076600,-2.198547
33.024930,-6.809568
84.747790,0.352562
178.084300,-4.980791
198.696400,2.456802
93.557820,-2.507005
221.527600,5.909640
53.145730,-3.951721
190.267800,-5.484055
83.741440,-2.656440
284.562200,-3.547488
59.651610,-5.049277
301.282700,-1.936051
228.144100,0.348809
150.872500,-9.243644
135.100800,9.432444
222.529700,-0.213153
21.992860,-6.367605
17.798550,6.137072
99.674750,3.265222
93.301510,5.620467
52.348150,-1.812961
256.923500,-2.233255
78.517260,6.713137
157.209400,2.668205
17.642390,-2.024431
285.673100,-3.405125
275.615500,9.432551
168.576800,3.476493
247.768800,6.907395
182.913200,-1.608510
79.559170,-6.727381
102.331600,-7.500869
292.017000,7.465481
265.036700,3.307566
304.058800,-6.450252
103.591000,1.714204
165.567100,9.222671
114.648100,-4.876147
217.335500,-0.986010
300.256900,-8.211994
33.919410,6.176745
209.051500,5.796945
138.937900,-2.673315
74.562100,3.186103
124.433500,0.627422
24.787060,-5.223633
93.779840,-4.733889
82.328190,8.818445
150.190300,6.488363
191.747600,-7.074184
304.076800,3.792923
276.480000,-4.846459
129.904500,-8.993335
226.898500,7.160105
273.659300,-4.778172
205.513200,4.010390
18.159040,7.284396
40.954280,-4.795487
312.681300,6.904643
56.941330,-0.789115
161.107400,9.432436
219.339400,-2.873514
295.104700,4.265543
88.840370,-5.295894
140.509300,2.364802
211.331700,7.872998
223.256300,8.562767
81.484920,-5.269841
147.526000,-2.704377
115.520100,5.119464
165.564900,7.214068
1.560387,4.447966
103.466300,-9.432432
222.606000,-2.209094
24.339390,-3.076239
0.395241,7.833519
164.005400,-9.282285
84.648060,-6.218401
198.070700,-1.320134
130.600100,-7.692792
36.799430,-2.904866
131.650100,-7.302811
233.254700,7.963270
298.949900,-8.839574
28.679370,4.013892
308.554000,-0.737216
20.462210,-4.962965
171.781100,-8.779078
246.645000,3.545918
192.086300,-6.006484
40.488620,-9.432459
105.865800,2.514980
213.373700,-7.315910
172.288000,-2.308900
298.770400,2.214666
282.790600,-6.089582
313.835600,1.415951
279.126900,-0.255214
131.886900,1.521512
82.009290,-0.605701
96.811840,-7.817451
93.316140,7.044927
91.333210,-5.969182
305.225100,-6.326447
1.681609,2.218396
155.102200,-2.482406
136.660100,2.537908
92.745470,-1.735633
288.756900,-2.074167
8.595912,3.165916
23.383770,-2.359892
137.834500,-2.866242
68.732850,1.020049
186.561600,8.029373
195.454100,2.824362
77.246430,1.052825
66.370030,4.187203
111.964600,-3.946343
132.011300,-9.427311
302.975500,-6.730613
225.789400,7.317002
177.565600,-6.136206
0.289566,-6.144140
157.804400,8.934041
84.648110,-4.400342
11.040790,9.201047
257.986800,0.887387
136.449900,7.686569
175.492400,1.775896
139.886700,7.391909
286.195200,6.632493
120.441100,8.613063
271.601000,8.867889
265.898500,7.758609
258.037300,2.005957
230.695500,-3.073981
255.249600,4.982158
129.200800,1.228937
299.158500,5.507309
162.014500,-5.127777
206.981000,-1.724153
152.434200,-5.934306
57.844960,5.348466
42.381480,-6.976091
273.464700,-2.017258
171.872500,1.393783
225.990000,6.214696
40.584910,-8.210518
272.984600,-1.005294
82.622020,-2.617304
282.518800,2.228050
307.378200,0.877717
220.381700,2.338911
268.324100,-5.647415
182.795700,-3.747253
48.461660,3.635179
265.759600,-6.739533
126.440200,5.965105
268.684200,-1.547287
137.357700,7.030354
233.348000,2.511571
25.156350,-8.667825
99.534390,6.269905
176.655700,4.426649
181.951500,-4.483377
261.937900,6.239975
129.660500,5.285311
285.233600,1.791638
285.756800,-6.180466
211.915300,5.895248
276.972200,-2.714083
2.447602,-6.310781
299.414700,8.292989
46.143560,0.271777
40.149510,3.568364
117.976600,3.958718
28.938300,1.316510
1.317237,-0.265827
214.248500,-0.553021
127.654200,3.855898
215.123800,6.891339
59.666560,2.599939
136.203300,1.515166
182.420400,-2.691872
77.026050,-4.479019
165.268700,1.021864
219.766700,9.427819
241.455900,-9.196994
234.228200,-1.152891
175.450500,-1.192625
52.744610,-0.707457
184.735700,-6.635837
296.745900,7.961688
294.026600,-3.460156
254.486500,-8.314079
193.647500,3.988564
30.439590,-8.201663
100.555000,5.472832
98.120140,4.873536
300.752300,-4.970747
186.997300,1.184991
163.404300,5.739737
11.022940,-4.753803
295.990600,-5.971137
231.292400,1.643780
164.292400,2.367153
209.233200,0.668518
290.040000,1.000082
200.732000,-2.179645
313.352800,-3.638151
68.845230,-4.678919
20.921150,7.727383
192.418000,0.659365
136.528500,4.869627
300.271300,6.226975
245.005200,1.267669
144.870200,2.472976
221.786900,3.979285
248.611400,-1.357223
94.023800,7.935740
257.042900,1.490363
51.574090,3.635567
287.614900,-5.018683
86.556600,-8.315386
219.043700,4.135288
200.144100,2.736884
215.519500,5.843462
262.083000,4.030039
140.280800,-9.432440
69.789990,4.842947
283.620300,5.529746
97.322260,7.676589
274.567500,7.452832
164.428000,9.140741
78.379390,-2.514283
164.519600,0.189251
87.984990,9.266812
163.133300,-5.181177
45.705800,-6.570735
43.279220,4.449681
280.170900,9.432473
116.597900,5.424339
40.145080,-7.178248
147.886900,0.534464
192.911300,6.340596
182.739900,-9.420006
176.454700,7.151086
71.076230,-4.790006
8.955117,7.772085
282.856000,-8.318125
174.556800,2.403198
27.498990,-2.246142
177.582200,2.655787
7.287104,-6.031617
119.960400,1.002399
282.128900,9.065834
82.078190,1.455392
198.494500,-9.241290
203.991900,-1.396874
190.369100,2.073908
292.029900,9.279833
300.164200,-1.994234
222.441700,3.070504
208.734000,3.580196
134.342900,-3.630700
89.352470,5.734246
239.736300,9.282971
110.572900,-2.121631
163.325200,0.521973
129.132400,7.573181
24.140730,3.553107
167.338700,8.190041
275.313600,-0.466681
296.761200,-3.945423
81.545970,-2.928361
7.921024,0.811241
296.513700,9.057488
127.223800,1.017352
263.956800,-2.902996
130.152600,0.638492
24.395980,8.900439
75.605940,2.217586
10.737310,-9.434027
113.627700,-7.934055
51.597140,8.595774
253.308700,-3.771333
175.612100,7.888913
39.833450,2.493745
217.822500,3.892033
154.999500,7.163426
267.216500,-5.434719
33.719220,7.280003
129.502900,-3.018927
6.785281,-4.823421
245.867600,-5.950471
49.357920,0.654045
259.146700,-1.994086
291.464200,6.491261
208.153400,0.170973
159.714400,7.869130
84.234410,-9.432212
167.128900,-7.259730
184.684600,-1.184227
152.530000,-3.688572
79.842600,-8.325748
197.664700,-3.315411
278.500300,6.287132
238.399700,4.120650
59.589740,-8.936806
135.581100,-8.021549
246.400600,9.242074
264.045400,9.364872
222.499000,6.467191
9.337507,-0.761233
187.678100,4.928868
298.869100,6.589354
288.406700,-3.138139
223.888100,-2.824403
100.123500,4.433990
79.639950,6.744511
187.564500,-4.264097
287.584900,-1.318420
115.996400,-3.389725
85.466670,-0.510137
65.677280,-0.359769
1.302508,-5.396197
35.194130,7.897279
35.371720,-0.613003
298.158700,-0.848602
48.246050,-8.212642
268.587000,-0.431376
30.026950,4.952265
185.890900,1.359444
220.397900,-7.282279
199.494600,-8.052260
285.953500,-2.320734
38.471580,-5.807587
153.633200,-8.780763
16.886120,-3.206051
64.738080,6.262269
155.005100,2.733501
195.306200,-8.167506
105.998900,-6.651530
264.773800,-4.893368
12.862260,1.068333
133.246000,-8.139317
186.657900,3.416845
201.273800,-0.159662
171.953500,5.757995
275.640100,4.781260
186.233100,0.289775
128.829300,-2.123972
288.126300,2.157794
48.372020,1.185717
275.685400,1.401058
268.110500,7.873443
201.234300,-7.790237
126.582000,3.531027
18.828910,8.275559
143.403300,1.229314
247.874900,0.253705
305.663900,8.535074
86.877190,9.432432
205.822500,9.036537
166.325600,-4.617609
246.900400,0.919683
188.553600,-7.904306
36.075320,5.934352
144.329000,6.531518
174.203400,-9.432467
189.400500,2.636442
143.702500,9.432438
70.095550,3.765342
237.289600,6.686650
240.562200,0.535077
180.578700,-5.267776
26.231440,-8.353084
170.559900,7.360620
63.184350,3.122757
56.221880,1.876509
118.671600,-1.576234
233.338900,1.311161
41.147410,5.767566
308.906900,2.659837
173.390900,4.049151
92.806630,-5.288479
142.576100,-5.735799
196.217800,5.415169
160.303700,-8.401510
148.979100,1.409239
277.876700,-4.512201
301.668900,-0.884598
279.911200,-1.054906
263.018200,-3.513987
112.314500,5.288357
229.824200,-1.010042
117.784900,1.527357
83.128110,-0.550622
190.538800,-8.203775
34.923770,-1.747818
148.969500,-4.416193
185.538400,3.453758
99.854110,-7.667609
-0.333720,3.283685
71.810640,9.055749
302.774400,-0.705332
206.351400,-0.797749
173.079000,8.466990
79.332700,-5.630327
158.412700,-5.991483
304.848200,9.302636
224.130000,0.155907
156.797000,1.626852
187.642300,-9.432546
3.975852,-1.909732
281.833500,-4.083560
246.608300,5.071705
250.855500,-0.144471
167.392000,-4.250866
284.878200,-6.875182
235.348000,-1.177219
216.534800,1.725780
78.563800,2.099926
207.617400,1.158100
212.297600,4.842421
254.697000,-2.015188
180.469000,6.210188
62.763880,5.456919
194.428500,-3.984951
231.546000,-0.070061
10.447380,-0.912487
63.853450,-5.650312
4.659929,-2.796699
180.230600,-7.098227
133.340100,-5.276182
119.703800,-8.855846
54.265250,-1.457199
184.493200,3.856264
160.047900,0.197255
310.235600,7.306872
8.412097,4.270868
51.976590,5.870018
279.519100,5.821638
116.551700,7.473660
181.711700,4.752219
148.458200,-9.432444
312.182000,-2.475435
6.386524,-3.776659
122.853400,6.872372
55.238000,-6.820609
50.119390,-6.107517
177.364700,6.476495
102.478700,1.576862
23.558640,1.265907
43.473800,-6.728066
255.146800,9.047124
230.267200,-2.038848
233.269200,4.161442
106.449400,-0.847700
201.387500,-4.018468
23.740820,-5.623734
154.752600,-8.818645
125.258900,3.712135
76.000520,8.357325
0.014545,-8.235514
86.237170,-7.241812
270.145400,-8.328390
151.168300,8.574409
198.991900,7.061924
313.128800,-0.508285
145.814700,1.870822
251.328000,-3.380403
36.693450,-4.965956
184.989300,2.157476
139.862300,-1.088354
155.769000,6.349524
145.977600,-5.492039
277.289700,-1.438834
189.588200,-3.674385
141.612100,8.628803
77.807910,-3.676911
194.082900,-5.050471
36.388650,2.349520
97.200150,5.512454
240.371000,-4.878410
57.418930,-6.390285
308.745700,-8.753588
262.112200,-7.458690
62.641710,-0.344331
269.674500,-0.699575
197.245400,8.136971
257.712200,-5.170526
244.590400,-5.489497
261.866200,-1.895455
282.496200,-2.877585
232.501600,-5.095072
201.179400,5.382482
207.731400,-9.371039
108.930200,-8.749525
168.111900,-5.112816
31.669570,7.959471
229.813300,-5.130475
88.098590,-3.002806
20.245560,1.344863
83.130020,8.036294
59.099390,3.565833
1.961528,9.246002
274.623200,-6.729603
222.901400,4.091884
307.678700,9.327353
93.062050,-0.650093
240.386300,3.472024
268.287400,0.647909
313.301100,-2.519403
169.845900,6.394477
264.779000,-3.663635
207.289300,-4.605540
202.640900,-9.432466
54.915600,-5.280188
302.968400,-3.779391
101.171800,-1.286704
268.323000,-6.768246
213.553700,-8.681527
188.107800,1.331819
56.008730,-0.168671
12.851390,9.157827
223.183000,-5.678605
45.483390,1.176921
262.053300,8.316321
283.975400,-8.955290
193.279200,2.930750
216.096200,2.756389
57.598160,0.118241
236.253200,3.490452
97.087790,-9.432489
276.078300,0.352138
43.417020,0.476609
227.122100,-7.346416
185.708700,-0.701616
112.668000,6.351230
45.456000,-5.117973
313.058700,0.609436
284.848000,-2.140701
81.006680,1.947843
169.919400,-6.391977
118.711100,-5.608592
179.856300,-8.154487
157.658400,-0.977781
30.354630,-2.887963
113.544400,8.412863
240.834700,-3.858785
150.285700,-6.062988
173.830300,0.306648
47.020260,3.925554
128.675400,5.821123
280.807500,-7.088896
181.069600,1.225064
39.037960,3.706721
35.293970,-3.050388
167.340300,0.997943
199.473500,8.073210
160.752400,7.448323
43.960320,8.291849
239.205100,-1.034473
169.241300,4.376762
154.156600,-0.412110
74.951520,7.964493
199.587100,-1.534518
196.476700,-7.180616
20.305650,-6.072107
252.516500,8.923062
289.361100,0.109199
229.740400,-7.465665
209.167400,-9.094834
63.281670,-4.424248
261.072500,-7.042143
302.298800,6.076793
305.069600,7.415955
174.827600,5.713509
214.323000,4.175192
257.402700,-0.068059
149.923500,-5.003066
51.746320,-4.065867
53.827920,-0.422644
17.723770,-4.375422
311.604900,7.215077
11.274420,-1.667945
60.033790,-3.958468
17.937520,5.025589
37.265200,6.957913
147.886200,1.654564
196.134800,3.713835
25.798240,-4.741750
75.708050,-9.432440
282.979400,0.401042
82.420340,7.153445
175.117800,-0.124565
60.936160,-3.271947
48.070340,-7.106380
113.536900,-2.887464
216.309100,-1.434237
249.738300,2.942100
40.954700,0.581080
79.708000,1.961012
130.555800,-3.400968
243.039000,9.432432
191.947700,-1.645891
116.671900,-2.489365
194.097100,-6.303159
3.993450,6.571820
216.663300,8.868287
292.894900,-7.271626
195.441100,4.593291
277.379800,3.030833
269.431900,-5.812978
100.651600,-8.454182
81.027820,3.819844
226.460500,9.344248
174.575600,4.620497
254.076100,-4.586828
87.723020,-4.058101
180.933900,-4.015397
44.531860,0.585681
54.582060,0.646748
110.322500,1.597951
254.864100,1.003939
143.531400,-8.586021
189.893400,3.847132
49.263750,6.174757
130.998300,-8.739757
126.482200,-6.406568
209.601500,-7.011553
152.384900,0.409568
176.806900,9.432909
253.545600,3.852708
219.725500,3.246616
282.154500,1.159614
308.387800,0.392974
204.944300,-5.095127
188.533200,-6.784380
195.019600,-2.457978
178.626700,-1.269476
281.552400,-2.274687
150.438600,4.346114
13.618270,2.878423
179.159400,-2.254684
136.413700,3.630605
175.698600,-3.416119
182.770400,-5.698984
254.144500,4.799177
39.579660,0.562836
83.988290,3.415575
114.249500,-5.939497
5.811739,7.432447
285.916900,-7.377707
187.513600,-8.320105
110.918300,-4.346212
305.007200,-0.526185
201.765300,-5.633543
75.848610,-8.196046
177.616500,-1.753297
172.315000,-0.070031
308.794600,7.387092
115.790600,-1.188069
42.816340,-5.821277
171.583000,-4.899620
127.756700,2.740490
257.963300,3.123261
218.157900,2.077640
281.044300,-3.288640
289.634100,-4.127579
215.695700,9.432474
19.541440,-0.978984
140.710400,-6.963814
37.206680,-1.861406
180.852500,-1.003664
0.486720,-2.434811
258.209700,-4.055682
80.874680,-4.330523
97.080660,1.685245
81.127390,4.935548
234.359900,8.260761
205.674500,0.094745
115.866300,8.359571
100.293800,7.093280
114.442400,-1.107729
142.918700,0.219441
127.619400,-5.988187
253.064600,-6.580193
47.450590,4.959726
92.700410,-4.077203
302.575700,-9.381185
276.827700,7.549207
32.813400,5.999490
70.566510,-8.479527
171.126100,3.440894
77.088850,8.622275
19.665430,-8.491056
194.306700,-0.417695
48.649170,-4.428669
2.279987,-2.216613
170.136900,2.325956
136.858800,-2.111099
228.634200,9.318524
152.830600,-7.999438
104.756400,-7.251940
137.815000,1.629949
273.596600,3.929998
282.476200,5.021256
129.129300,2.346794
170.751600,-3.961169
165.477300,-5.349730
208.697900,7.610942
205.017300,1.001866
183.408600,8.493666
262.760400,-1.217243
81.816120,-1.839324
300.550400,-0.943057
294.009000,4.033545
221.002700,1.406737
244.501200,4.534231
148.964500,-7.116043
242.007900,1.926656
70.762370,-1.643649
307.507900,4.459465
272.539700,2.827942
209.487300,-4.832685
42.785720,-0.618208
213.407300,1.014010
175.615000,-2.299583
191.658800,-8.190788
109.603400,7.328141
197.053200,-0.767093
115.352900,-5.746872
156.809600,-9.432451
52.741310,-7.949479
92.896000,-8.215051
9.675847,3.463289
274.302600,0.015850
46.725180,-3.513337
41.471790,-8.895994
234.941600,-4.174632
33.780830,0.217628
194.267000,1.422702
12.605350,-3.505025
210.971700,6.682444
273.970800,2.661664
312.812800,1.891055
214.063700,6.529834
173.355100,7.382755
135.464100,-0.465960
288.937700,4.612746
270.783300,5.695964
201.185300,2.323987
131.168900,-2.463547
19.193900,-4.401498
7.875868,-5.078710
18.453120,3.229174
240.336400,-1.887993
250.436300,-5.503441
309.902300,-3.223355
123.395000,3.652181
104.604100,1.194065
22.889750,5.852033
260.940800,-2.707241
174.750800,9.435293
168.286400,7.592493
118.762500,-6.757439
293.131700,-9.432461
123.565400,-8.430619
297.858200,0.299899
311.933700,-8.317848
124.495900,-6.565126
125.174000,-4.666654
106.638000,0.256432
53.039620,0.373150
176.892400,1.139570
6.099184,4.373599
178.541200,8.017032
259.901400,3.248019
276.802100,1.313899
78.850020,-1.067004
216.685800,5.844098
261.027500,-5.922941
31.693930,5.961195
178.826900,4.715521
255.756800,-5.967151
238.889900,5.137813
93.866110,-1.429962
307.817700,-2.533607
64.482220,1.252014
239.613400,4.282667
64.899060,2.627080
248.722700,-2.776661
249.146000,-7.373367
22.468290,-5.353374
201.439200,8.885733
59.869750,-6.781110
140.262500,4.512649
228.756700,-8.771040
258.065500,5.347901
113.336700,-6.618671
205.014500,3.007426
191.805600,5.200476
70.589160,2.296488
49.392900,-2.005430
53.113200,-6.531368
64.770380,-1.017145
106.707000,8.602961
167.629900,6.688458
266.748400,-3.856182
181.135400,2.343234
249.529100,-1.999308
169.579600,1.354583
69.752880,0.557257
304.767300,1.482523
131.270200,0.564307
43.658470,-9.015309
55.355160,-3.217400
152.019000,6.056864
236.043200,-2.055693
287.529800,-2.437505
280.821500,7.581017
274.993800,3.117457
277.877600,4.076332
15.709740,0.502251
154.575800,0.865164
253.800800,-1.344301
113.540300,-5.042028
283.971900,-4.499397
119.276800,8.974431
128.681000,3.373302
219.017500,5.255076
26.252760,2.085546
167.878300,0.015977
248.687200,8.117980
76.941900,5.286674
195.444000,7.725554
161.847800,7.214327
124.424500,5.416697
110.764600,7.179441
267.710500,-4.429458
91.582410,-8.320476
287.258400,6.986221
143.403000,-3.245069
115.575100,4.000662
13.342830,3.964167
134.368200,0.602071
165.809100,2.002755
202.726300,3.886854
42.046990,2.590117
226.845500,-8.929230
55.174370,-2.111948
38.453140,0.698079
264.226600,5.187810
223.556400,3.178730
248.114800,-6.936357
63.868250,2.188883
220.154000,4.283218
250.027900,-0.907975
173.826000,1.554652
195.126700,5.668390
47.493470,-1.402438
62.587250,-3.545492
170.353000,4.250458
223.609900,6.323585
123.305700,5.362335
245.214900,9.432474
153.384900,8.230540
126.568800,-4.016882
11.664540,2.491440
262.911700,-2.327081
82.384540,-3.719006
170.700100,-5.588784
212.866300,-1.151800
8.983542,-4.912356
221.509600,-7.419580
128.461800,-5.087733
11.932600,8.517113
183.907900,-3.150096
90.721990,-5.003900
179.548600,-9.432472
162.341900,-6.209370
119.506500,-4.778198
235.557400,-3.222828
270.980200,-1.848732
266.852400,-6.493991
308.364800,3.738239
186.316000,4.537844
18.028990,-6.102967
75.207920,9.264332
308.485400,-6.456927
298.047200,-7.086215
197.833700,5.152014
271.610900,3.693330
274.466000,9.432436
107.792200,0.753251
228.501400,8.206293
98.650910,7.043986
43.322250,-1.601490
12.561890,7.590437
277.774600,8.148039
253.218700,-0.387885
125.987700,6.989780
204.756800,-8.063879
272.196800,7.249287
39.010920,-7.275344
219.429700,-7.925405
68.390370,-8.038722
211.944400,3.779560
221.314000,-2.361399
187.162800,6.733385
70.581410,6.696208
162.906800,-9.062864
92.994260,-9.432432
200.271300,0.340186
202.226500,5.780674
176.529100,2.198453
151.406800,-7.878937
101.055000,-3.500874
264.737300,2.228318
20.021380,-7.428979
152.229600,-7.054193
304.702400,-9.065134
200.026800,9.047127
174.593900,7.424214
268.401600,9.347683
213.812800,-5.992079
242.292700,-2.958039
16.100470,-4.519989
269.602100,1.476584
0.541405,3.982863
78.307690,3.586956
286.152500,5.267512
145.665600,-3.302500
52.864120,3.065200
192.416600,-4.850886
63.848190,-1.708785
162.285100,-7.328094
256.875700,-5.919727
90.750020,5.754449
295.828200,-8.202129
55.673180,0.900004
197.113300,-1.901699
202.384100,-0.307489
267.013200,7.648474
242.457900,-8.696337
262.177000,5.145946
233.029500,0.234601
10.033570,6.128819
219.472500,-0.874534
277.367900,-6.041073
298.517100,-4.904695
93.631480,-6.046301
191.755800,8.207260
233.141900,-0.879849
119.354800,2.467502
118.880600,-3.849242
33.772480,-5.975382
74.983110,-7.484906
102.555800,-4.751220
78.857570,-7.792498
85.117090,-7.235601
223.336900,5.123856
243.502000,1.055587
290.962200,-9.041351
150.964100,5.678528
244.154400,-7.369364
238.193700,3.019170
142.310800,1.476495
139.260600,-5.447415
300.680500,2.386510
169.544000,-8.527479
135.487100,0.653934
0.892049,-7.539318
135.281800,-1.584020
270.260700,2.382670
108.628200,5.131486
287.201900,1.525119
265.712600,-4.282386
51.191920,1.575637
236.148000,6.324345
105.380100,-3.161468
224.705500,2.030075
231.578400,-3.840464
153.761600,4.381779
226.763100,1.293428
253.957200,1.661218
111.239000,-3.093002
142.922200,-2.233043
224.016200,4.200122
100.762100,8.110829
110.205700,8.272591
49.367010,-9.381122
303.832600,2.456473
131.050300,5.427839
108.510900,6.247069
46.419810,5.398121
88.757830,-8.628267
243.999700,-8.478756
133.579000,-6.370538
92.201720,0.238240
230.433500,6.980449
111.164300,0.859068
141.804300,-2.162624
5.126842,6.518216
112.619700,-0.029523
60.158370,-2.451473
16.585020,2.104006
237.727300,-6.336865
204.775600,4.997967
222.501900,-6.900233
289.927900,-5.208455
11.647810,0.266243
101.273300,-2.402216
218.060900,-5.527417
235.368500,7.762599
130.735600,6.502846
92.358490,6.463652
160.963700,2.004724
2.968544,6.120167
46.448910,-4.598855
228.386100,-6.137150
56.838400,0.941312
23.294010,-4.596489
126.282900,-5.214255
5.920851,9.432432
180.928500,0.113870
130.895200,-1.377392
144.865500,-6.779323
121.699100,-8.339512
216.215100,-3.199362
94.773060,-2.087345
130.229600,2.556605
197.814400,6.975281
53.902880,4.726377
114.979800,2.993721
245.993400,-0.944340
104.777600,-4.105745
48.216630,5.776966
77.147890,3.770304
195.991500,-1.833031
111.500500,6.198004
209.431900,8.457033
5.990853,3.258710
72.952340,-1.209531
283.025100,-3.864810
257.079700,-4.246308
188.154400,9.432432
289.993000,4.988295
310.145300,4.522836
209.121600,-2.124326
23.109630,7.595493
203.501400,-0.385764
25.646930,5.840877
288.128000,0.892853
179.674600,3.983783
310.495500,1.105675
190.452900,9.037233
39.335090,6.366146
163.512000,-3.104651
65.552970,-6.794139
178.676100,-5.931821
235.780100,1.587040
236.353100,-0.681597
104.486300,-1.877332
281.731300,-6.455411
34.153200,8.312853
71.109250,3.288564
32.266190,4.998293
23.722100,0.157759
74.079130,4.196774
64.260830,-6.723968
49.804420,5.193729
292.011700,-9.432447
294.947800,2.096539
258.008300,6.466533
281.544300,6.369572
311.665800,-6.019418
122.349100,-4.825577
225.927700,-5.293188
109.234200,2.071388
146.762400,-3.530615
78.684600,-8.899198
249.341900,-3.721498
180.104200,7.729408
8.567274,-8.299298
186.858100,-3.383313
309.658100,-9.432432
279.012500,-1.738579
172.120100,-6.847045
104.586400,-9.432436
106.476900,-9.432441
152.941400,3.032821
309.710000,-8.182961
159.866200,-9.432504
61.714110,-5.819726
204.560400,-0.020918
200.616400,-8.965619
312.966300,-7.883738
122.067600,3.500269
273.288000,6.426939
44.749590,-5.987430
199.582000,1.768028
73.052210,5.185488
261.047100,9.200540
6.424683,-8.446218
159.973600,-0.920339
217.124900,0.113950
12.622840,-9.199788
79.127850,5.697108
101.354500,6.732955
272.075600,-2.153806
168.067800,5.620185
272.592100,-7.680262
71.363140,-0.520945
150.281900,3.237057
256.266600,9.022580
5.893644,-9.432451
299.308600,-5.940442
217.506700,4.966711
234.289200,1.904146
190.348100,6.459540
7.368430,-7.842903
129.063600,-6.032503
173.926100,-6.133700
60.679560,5.004261
254.161100,-9.399125
34.887990,0.397233
210.230000,7.671134
293.131200,5.993086
247.886600,-5.203894
155.633600,9.432604
298.369800,-2.975767
214.965600,8.583118
38.988420,8.466535
208.167400,-5.300982
254.979800,2.118017
162.811400,8.232976
241.479300,-6.261569
15.377330,-3.664553
65.814070,1.981033
156.111500,-1.996808
162.830200,4.035363
132.389400,0.520467
58.749160,6.009589
73.907450,5.908786
173.451200,2.930763
143.821700,-6.372880
174.837500,-5.468809
73.788720,1.911092
39.849480,-1.639667
210.500500,8.793707
72.436450,-0.200570
191.646000,-2.724534
299.636900,-4.869534
228.745100,2.970465
285.546400,3.006760
185.909400,-8.724447
259.833900,-2.878293
298.927100,-0.034216
2.271072,1.252552
191.806000,-0.534858
13.167790,-7.518255
28.315770,-5.790862
146.567700,-6.444517
169.688900,3.350425
147.150300,-5.487873
138.794100,-0.751380
144.820200,7.538191
184.000200,2.850525
78.359640,-6.185103
92.328800,2.726215
81.421300,-6.432759
173.811500,-5.019969
176.338300,6.034161
276.760000,4.767469
43.142640,-4.730618
202.160000,-8.420904
254.683200,8.027452
24.922060,4.986901
46.764000,6.795677
65.479390,-4.855536
84.553770,2.448652
206.178700,1.095000
137.698400,9.039639
49.701930,8.076454
85.770630,-3.064210
178.720100,0.806287
240.801900,-7.160992
30.574290,5.929615
119.621300,7.849634
107.861000,-5.410897
12.815770,-0.050831
247.446400,4.328533
272.189100,-8.725376
288.550600,-8.098715
173.257700,-2.868820
172.879000,0.896752
157.974900,5.943072
244.222800,0.199009
139.802500,-3.385627
67.002560,-6.432746
23.099330,-6.541996
41.879040,-1.329643
28.215200,-7.983218
256.368700,-0.587393
181.658600,-5.564466
134.636000,8.413287
75.956600,-6.930828
147.518100,-4.361845
220.881300,-9.432465
156.498000,5.499547
274.405200,6.344623
183.375100,3.785805
187.760000,-1.952071
53.897390,3.563905
150.401900,-2.699345
105.954200,9.432446
108.287700,-4.375247
169.147300,-0.037510
15.487770,-2.549870
183.944200,4.832515
49.475260,-0.459921
112.127900,3.379584
211.797200,-6.948166
298.188800,-5.975285
51.225860,-6.757866
291.081800,3.909827
42.059790,0.855449
158.544300,-0.292356
68.552250,-9.147099
90.607550,3.584079
160.358200,2.947402
31.081330,1.222193
171.301600,-2.934235
100.766600,3.515451
310.243400,9.088745
206.928600,-8.588052
55.285800,6.359266
279.524400,-5.586751
257.484600,-3.202228
252.600500,-5.187726
83.597890,7.018555
115.472700,-6.994885
252.493700,-1.241873
276.928500,-0.377064
196.444400,-3.986753
262.526000,1.970430
286.471600,2.375256
186.079100,7.016572
145.659300,-7.569608
88.292100,-6.272666
183.925500,1.732949
168.893600,-5.940412
58.260790,4.308403
50.063610,7.016319
55.298720,7.479330
157.522100,3.743568
5.836428,-2.779130
253.161500,2.800668
95.079540,-5.416524
7.605345,-2.216179
264.429800,-1.887790
31.972170,-6.365224
32.952590,4.113142
3.963403,-5.588270
306.709700,-5.446808
195.364300,-7.048883
270.504200,8.640903
29.842640,-7.253851
129.961500,-1.996593
286.479600,3.626738
137.486000,-8.318668
206.323400,4.783887
271.628000,-5.949740
81.664020,6.327201
228.695400,-5.060451
64.466800,-7.824989
269.435800,-6.933663
38.388940,-3.746360
147.860100,9.432440
124.086200,8.762219
58.071670,3.108777
207.437300,-7.590095
47.574070,2.951902
89.690690,-4.566763
226.834800,5.479212
139.014000,-9.325129
246.996300,-7.237967
161.369800,-4.211827
78.993520,4.534470
101.823300,7.750877
225.216500,-4.427832
184.967100,-9.329906
45.116310,3.205636
54.341250,5.757173
249.675000,1.823750
176.981000,-5.174304
199.990300,5.996360
193.322800,5.298810
295.178400,-1.628400
249.037500,5.904809
192.911900,-0.357409
202.789700,2.768539
63.787100,-3.423804
302.043400,0.171706
265.435200,6.738756
16.331620,6.733488
141.946400,-1.051470
27.301230,-5.316089
203.211000,-3.308309
144.172400,0.415002
18.361090,-7.177610
172.728200,4.951488
261.928800,-5.253397
25.764280,1.077552
70.263790,-6.161748
85.623230,5.938604
147.093600,2.653315
277.908200,9.260169
31.147080,4.950537
234.207200,5.565417
297.089700,-0.514835
24.733430,0.639326
93.332010,1.564663
268.000200,4.802403
308.284100,8.384934
83.025570,6.055675
22.029240,7.891207
14.733820,-1.721454
28.699760,5.133839
32.791750,3.004635
152.603300,5.101287
104.507200,8.049624
201.991400,7.845950
67.089610,9.111294
20.750240,5.575078
218.524200,-8.640328
48.323880,-0.044350
117.145600,-8.363114
67.525380,-5.442115
99.298740,-4.125141
117.433800,-5.959714
145.660900,8.393363
297.089300,-6.188673
231.288300,-8.799097
63.623170,0.521716
140.806600,-8.079785
244.416000,3.319954
100.362700,2.381318
35.590580,1.546375
124.397700,-7.680946
224.076800,7.732858
129.831000,-6.878037
200.689300,-5.945486
271.461400,1.486446
50.589690,-0.572709
304.829700,2.963557
108.883100,1.007702
124.692400,-3.655335
279.031200,-2.903745
269.772100,-1.815444
38.597080,7.416986
86.058240,-6.136109
249.829800,0.305302
242.314100,8.459814
72.098440,7.623863
95.480990,-7.312012
28.494460,6.538153
179.793200,-6.066114
143.765300,2.289315
241.942900,-4.022259
221.991100,-5.903369
119.317700,-7.745845
192.355800,2.296889
278.689600,0.776025
179.119200,-6.960566
80.397000,-5.979461
293.261100,-1.236033
275.383900,-4.614423
183.866300,-5.929688
3.782942,2.871828
12.282350,-4.948299
86.538990,-5.124399
261.762500,-4.095273
65.540820,0.885631
158.530300,4.970440
36.093170,-6.136373
277.425500,6.602096
120.133300,6.834238
68.703850,5.116722
185.818500,-6.922484
93.916860,-7.250986
212.844500,3.113347
213.251400,-5.012307
129.781300,3.583070
76.153770,-2.719664
96.531120,-0.483077
140.444100,-5.462694
220.126900,5.409650
305.016600,4.402215
7.014141,-9.432432
268.968000,-8.905130
92.562790,-6.381754
300.883100,-2.982444
201.641700,-6.746825
114.953400,-3.798422
93.720810,-3.615222
120.389000,2.037353
286.786900,9.107886
228.690700,6.012036
19.019330,5.316092
297.775400,4.022357
77.005210,-6.536887
285.220900,9.140626
292.930300,3.732016
38.721780,2.632198
102.562700,0.459882
152.987800,1.587519
197.469800,-4.437373
288.681700,-5.361666
41.264140,-7.129179
285.585600,4.301510
115.395200,7.310263
263.633700,-9.405969
39.368600,-9.432594
79.617110,-0.250744
154.503100,8.167438
109.610600,-2.694939
14.433320,-2.927820
230.944300,-1.014883
292.626200,-2.158852
41.739420,-0.218245
206.425600,-3.892376
18.972770,-5.499592
62.701040,-9.432436
127.337000,-7.130677
118.385300,-8.366621
297.220500,-2.917883
100.037500,-3.032552
77.839690,-0.532872
70.635650,5.577433
152.998300,9.281830
72.189150,-4.663355
238.450400,-0.091844
178.744800,-8.016212
285.750400,0.797867
265.836500,8.877028
289.992200,2.134686
106.162100,5.849408
283.188200,9.432594
46.433060,-5.718851
238.091200,-1.152822
28.168640,0.431023
200.511400,-3.283015
281.934200,3.183384
278.610800,2.843823
247.306000,-6.161642
219.580400,7.531197
219.985900,-5.320162
41.756110,4.827265
288.369300,3.647650
305.603300,-5.271890
80.609920,0.900326
45.611020,-8.783657
5.665832,-4.785838
73.987400,-7.997962
287.096400,-8.432052
80.367390,2.867867
176.589300,-4.094979
151.341400,-5.688846
248.883700,7.015243
181.993500,-8.376700
52.219040,-5.081370
265.489500,-1.525130
69.548510,2.788040
200.954500,1.227894
212.043400,7.008032
120.145400,3.479533
67.890100,-2.669377
211.268200,1.620599
112.908700,-1.915173
306.428300,5.635344
189.911000,-2.461397
71.147090,-2.695605
150.900000,2.303070
154.526500,-4.489619
205.315100,-4.038170
110.210500,0.271750
303.156900,-2.571043
196.494700,-2.835488
185.046800,7.451211
38.034290,1.747881
202.567800,-2.391393
298.858500,1.083741
86.269100,7.327738
117.464700,-3.280710
5.305056,-8.479453
199.754100,-4.108298
78.378250,0.995264
310.243200,5.683531
44.411800,-1.861453
210.200400,1.282407
267.571100,-0.903197
245.556600,7.219204
266.735600,3.140571
135.115800,5.986822
36.294050,3.978857
176.216300,-0.342596
73.555500,-0.249368
16.825400,0.402226
31.172390,2.397676
289.469200,-6.230263
230.205400,-4.081224
221.433200,-4.932147
274.685100,4.194144
250.648900,-2.021745
86.986990,-2.865001
98.742690,-0.131315
147.087100,3.774599
243.494400,4.043367
280.576700,-5.970611
310.825700,-8.081690
221.556500,-8.538692
84.901600,6.795189
80.608310,5.952802
113.100500,7.384480
226.042400,-7.645359
46.328130,7.827532
77.273540,-2.692464
187.181200,2.358826
0.423416,-0.974689
140.382400,0.527725
2.668900,2.755916
85.354520,-9.432433
266.040000,0.428886
88.824770,-3.856096
148.136800,-0.683026
125.958800,9.312808
225.135900,4.171165
33.387300,2.055971
88.474370,-7.444911
9.582417,-3.042373
302.134000,-3.032085
72.043530,4.698444
182.083700,1.747259
75.378650,-0.932362
142.647200,9.056941
164.175700,-1.730570
277.957000,1.623360
167.438200,-1.013815
181.872100,-0.490241
266.549900,6.628621
53.647250,1.314156
234.140000,0.087783
72.966870,4.064351
69.596330,-3.758674
230.531900,-5.989731
37.191470,5.840208
263.024200,3.172407
265.857600,-8.062700
148.107500,-6.385570
210.453900,-4.266012
116.927100,-4.263429
127.224900,8.959502
121.705400,-5.742246
293.801200,1.809909
204.585700,-6.156277
15.731060,2.997425
62.805820,1.834169
205.705500,-6.181594
231.242200,-6.855881
105.557400,-5.160830
240.662300,4.680985
131.556700,4.348273
118.367200,-0.413149
83.503850,-3.764176
269.374900,0.379739
7.045844,9.432432
196.902900,4.528993
98.181350,1.892909
298.026400,-8.205976
116.678400,9.131299
162.123100,0.642865
188.960700,-5.419066
26.480930,-1.037743
167.598400,2.934696
264.152600,1.236790
101.878500,3.665786
63.621170,6.177784
34.821310,6.841010
36.374520,-1.111819
299.846700,-6.922822
165.647400,-3.726143
191.306100,2.687701
163.101700,-2.061034
120.600600,-0.251454
3.532920,1.371677
167.131000,5.009661
90.063770,4.868940
255.587300,3.059111
52.274880,-8.974899
135.399500,2.320733
210.312500,-8.283396
280.768500,5.516077
252.721200,0.615149
15.482680,1.905177
203.852600,-4.844390
304.132900,-3.120445
144.048500,3.374283
105.329300,-0.840943
77.677650,-1.641225
255.444800,0.046257
292.357000,1.715758
21.858750,5.414153
135.409000,4.905753
306.927200,-3.240025
188.008600,5.999090
119.486500,-0.368352
138.230300,0.589662
175.415600,6.666297
17.190360,-5.360398
243.397600,-2.772619
199.598200,-9.432436
265.819000,-5.594352
27.069810,-6.542768
29.311770,-5.278259
204.609400,-2.331456
250.299800,4.000002
259.706000,0.291453
245.192200,-8.084721
242.427600,4.385600
109.432900,9.083503
49.547650,9.432441
103.527300,-7.530098
270.500000,-6.150063
161.252500,-5.948763
216.633200,-7.830122
171.311400,0.423966
313.439300,7.729386
114.008000,9.432469
181.068700,7.156283
122.833700,2.682824
281.753200,-1.172758
13.301510,-5.762627
123.320300,0.502716
71.701400,6.319650
32.204270,6.958296
311.239500,0.268412
170.193500,0.361114
216.152000,0.668984
11.586390,5.260133
111.710400,2.004161
21.133590,6.627574
270.601800,4.590672
151.059600,-1.792752
223.500600,-0.771634
140.907100,-1.492075
276.961300,-3.834992
268.532400,1.809006
233.621600,-5.084647
311.773400,-0.716303
151.732800,1.320202
266.362900,1.501306
103.678000,0.563906
162.404600,6.242958
214.318000,7.669250
271.327500,-4.870679
193.684900,7.150740
26.827980,-4.300839
218.615000,3.100386
149.164500,3.314599
177.695100,-3.919314
75.023950,5.818892
304.601800,-4.770244
263.072500,-0.133337
261.932800,2.920284
103.792800,8.912436
235.060500,6.683424
113.845500,-3.964256
14.322880,-4.042500
193.943300,-9.004885
219.420700,0.244349
15.211480,6.730731
253.973400,-2.869863
153.986300,-2.578693
187.707100,3.809125
150.093800,0.173352
168.531000,-9.006880
7.159677,-1.188523
252.148800,-7.264430
260.080900,-6.521524
60.725140,3.096326
136.432500,-8.749439
103.684100,2.837938
116.871400,2.175466
243.413000,8.242802
91.828610,-7.227732
40.639660,-3.720592
206.062700,-5.032842
85.017330,3.858055
171.014800,-6.664580
66.598640,-4.812995
94.142370,9.049583
165.045300,8.206204
225.348000,-6.766460
229.480500,-6.376093
226.911800,3.051564
77.699580,-9.432483
199.246700,-5.800354
282.992300,8.330035
12.314940,4.409295
299.010900,-7.668556
174.524400,-2.044748
225.777800,-2.263450
26.205500,0.047990
30.018360,-6.147592
303.227100,4.522807
65.583580,-7.913830
294.801700,-7.754266
37.811690,-4.902522
213.202900,4.174532
241.433800,3.868856
35.064130,-4.146626
271.798400,-3.239097
93.034230,9.212897
10.038640,-5.288441
216.721600,3.685494
176.520300,-1.524015
70.564450,-7.356758
60.481960,0.869336
280.792100,-4.866996
138.476700,6.981643
309.544700,-5.949066
4.514186,5.580115
5.847966,1.562032
53.211210,7.126270
296.836000,-1.713530
230.671700,5.886050
244.409100,7.729912
201.787400,3.268571
53.291520,-5.404621
40.057320,5.509937
70.683820,1.180367
181.748200,-1.676334
160.502500,-1.907634
35.182060,-8.153286
259.927800,9.238375
100.154400,-0.818284
85.419360,-8.314176
85.302540,-5.309361
159.916200,8.970885
98.941370,4.111817
217.335000,-3.217329
260.644200,-8.929502
52.943030,5.303746
107.248100,-1.633005
153.832000,7.197645
89.871680,-5.733050
185.861900,-5.803221
151.225100,6.940761
102.374700,-2.606078
291.647200,-8.155206
25.217280,2.835567
102.297100,-1.488636
174.756600,0.934138
236.725400,-5.835908
260.253300,-1.823179
244.654900,6.554713
1.712418,-4.310198
67.572170,4.491918
92.361650,-2.788156
251.106800,-7.675350
4.885036,3.080170
119.026800,6.660257
307.792100,2.765274
39.866920,-0.519763
9.167349,0.676764
122.971500,8.651697
117.999100,9.140931
296.449100,-9.432512
192.523300,7.391406
103.626200,-4.388375
210.039700,4.777859
30.002850,8.083529
258.896400,3.742522
143.042800,-4.717560
104.275300,-2.977393
97.632050,-0.276689
247.420800,5.842731
155.613500,8.313003
23.832600,5.247241
289.510700,-7.521863
134.047800,5.649028
279.680100,4.713184
206.935600,0.269398
278.644000,-8.649355
30.024020,1.592064
240.129200,-2.988764
154.441400,-6.703602
280.361600,6.559705
17.416650,1.353611
297.880600,-3.983165
3.501122,7.695701
258.728700,-3.063184
252.112900,-4.179465
90.218880,9.432436
188.242200,7.220943
119.563500,-2.588233
247.725500,-2.265615
144.856200,-1.557236
71.631910,-7.696209
164.617200,-3.286423
164.903600,-0.862783
70.941180,4.499804
310.949200,8.170230
122.562300,-3.169472
100.984900,0.417101
215.876400,7.931282
208.923500,4.684172
251.918400,5.753631
63.101690,-6.480757
199.451100,-0.422672
102.817300,-6.491608
21.219530,2.336560
256.191700,-3.134323
131.885300,8.596873
287.999800,7.825855
122.283500,0.078932
47.090190,-0.357408
255.583000,-8.085297
243.153200,-4.773316
21.155380,-8.043462
257.951600,8.331409
91.724430,3.669340
106.393400,3.533720
28.547050,-3.836150
273.147000,5.257396
294.852800,-4.216280
191.342600,-5.168889
31.562480,-8.324041
286.464900,-1.324228
286.561900,-5.401762
3.932593,-3.662888
148.275700,-3.536795
179.508000,6.782559
49.127480,-7.521450
87.196400,6.699391
245.054300,5.508238
55.931120,-1.286106
289.762500,3.717699
44.534890,-7.086750
91.916930,9.292276
212.683100,9.286398
32.232120,2.034307
113.245600,3.305182
11.785590,1.377868
112.422600,-4.968532
76.140990,1.233510
15.183000,-0.486308
287.582400,-7.423010
193.174300,-1.690480
233.710700,-8.048196
64.008000,7.228991
177.270900,5.361141
201.687600,4.384250
227.558300,-3.151144
110.690300,-7.422913
86.474620,-9.432459
261.974200,0.712865
301.626100,-5.671418
289.521600,-3.013103
266.883800,-7.613678
24.872730,1.755671
95.433670,5.180411
50.820100,4.721405
273.965100,8.430540
113.020500,1.900319
157.905200,1.790555
49.966730,2.040165
245.579200,-1.985035
103.217400,-3.345478
117.646600,5.029152
102.906300,-8.462314
256.891000,4.740727
24.759490,-7.620347
284.513300,-0.319756
23.570240,-7.558484
158.853800,9.325707
17.269510,-6.926312
58.536650,-6.107496
289.869300,-1.942029
26.381170,-3.273679
2.403774,-5.191531
131.611200,-0.502660
95.662860,0.332382
111.791200,9.204872
170.292500,5.368438
308.138300,1.700251
142.287700,-8.747610
169.614900,-4.014635
219.547400,-9.096208
47.151180,0.761070
213.882500,2.693259
59.084710,7.839499
234.139700,-9.082789
187.493300,-7.200316
29.306200,-8.237183
98.831290,9.134151
293.380500,7.085115
174.611800,-4.236441
247.261900,2.206112
79.772480,9.432442
168.557900,-0.989535
9.661550,8.641369
291.512000,-7.043310
173.265700,-0.659667
235.205400,2.548524
66.862030,6.372477
215.680600,-6.012486
9.628872,-6.330932
30.466650,-1.646651
7.413375,-3.329128
65.668260,-1.686689
216.243800,6.873175
47.809290,-3.231599
131.111900,-5.145713
259.349600,-8.489332
279.746700,3.595074
123.468200,-4.777325
184.814100,1.051117
120.187400,-7.039905
121.278200,-6.785437
156.222700,7.373482
54.693440,1.772101
18.220810,2.133389
56.848210,8.769873
279.227800,-7.195738
245.861100,-7.175660
239.297800,3.207893
278.892900,8.085814
13.679360,-2.099421
113.868700,6.569271
224.676000,3.149816
45.491160,-7.670036
23.293090,-3.476351
197.156400,-6.232357
84.637520,9.432436
155.831100,4.600491
122.834600,-2.080641
250.732500,0.968784
63.733790,-0.592940
234.863900,0.942589
192.548500,-9.100126
12.443330,3.296541
158.437900,-7.852367
307.581000,-7.454700
7.503656,8.378854
184.033500,-7.508516
304.082300,-1.753330
301.457000,-9.434061
247.120300,-3.598635
305.822200,3.479846
161.721400,2.829604
166.928200,2.038563
142.460800,3.636409
126.160000,1.368183
145.295800,-0.526475
249.331100,9.034508
66.628810,-2.266536
229.126200,1.018569
100.077000,-9.432432
291.878000,-5.172701
146.969700,8.752853
241.701300,0.849282
38.081810,-9.100236
67.681400,0.633925
88.088430,0.257900
39.515680,-3.690267
240.878700,1.609551
299.434000,-1.032966
202.815100,6.752733
186.773300,5.589276
117.089700,3.274105
219.271600,2.192915
161.039100,-0.384433
190.490900,4.932004
227.752700,-8.272219
205.646000,-7.302446
249.987600,6.826482
139.727800,9.243066
271.246500,-8.120321
33.160360,-0.715062
114.356000,-7.083054
304.994400,-2.404136
173.401700,-3.978434
293.979800,-6.993329
252.023100,2.495324
115.783900,-8.988194
24.213060,7.788206
68.340860,9.112099
13.672800,7.733930
118.860700,1.215234
282.761600,3.938236
19.018840,4.195951
191.791400,6.320515
4.990077,4.530421
211.866700,2.567280
306.741300,2.376871
231.607000,9.283516
104.577500,4.892402
117.026500,6.459200
9.044405,6.655512
202.874900,-1.314279
119.626100,4.472005
278.912000,-4.038063
215.854000,-0.410732
154.692300,5.005063
32.564220,-5.414343
149.633400,-3.514210
126.607700,0.078192
302.727300,2.281429
282.962200,-9.432673
198.628300,-6.734313
234.711700,-5.342463
201.957000,0.727965
254.910700,-7.189437
173.816600,-8.381313
210.181100,5.888981
307.924200,-3.750434
193.265000,8.230819
127.103200,7.127779
231.546500,-2.345711
154.392500,-1.534844
48.946690,7.249084
290.411200,-6.836278
181.234200,-6.600998
258.229000,-7.349050
172.062800,4.054105
123.933700,6.576394
212.169900,-5.426526
306.125900,4.557471
112.273100,1.035668
238.991300,2.130218
25.352980,-2.594442
272.637500,-6.435236
290.125600,8.199472
125.037500,6.385717
72.787260,8.507218
262.279400,-9.432444
259.365400,-3.984762
57.458980,2.169357
63.876000,5.079124
280.459000,-2.031881
61.924520,-2.642617
148.979800,0.289187
84.275490,-0.663132
72.817820,6.410583
38.755050,-0.380601
245.360000,8.321877
87.726450,-5.178226
15.446680,-5.630710
269.104300,2.772114
198.840500,-4.756464
107.430600,7.747992
180.569100,3.309588
297.569100,-9.431959
168.043300,1.907705
136.015400,6.654168
209.850400,3.488951
148.211300,2.726442
146.779100,-7.544502
21.165130,4.534610
102.473500,6.782789
105.591200,-2.061396
13.905510,4.932723
232.151500,-1.403029
84.313250,-8.015691
260.026500,7.306664
177.562400,-8.191146
105.578300,8.377289
174.349800,-0.938869
90.346830,2.357534
295.670500,0.671118
282.717800,-7.206964
246.576600,-4.577903
243.116300,-7.790079
128.005800,-2.883168
151.160100,-3.523664
3.785744,-8.809170
305.637400,2.187729
201.722600,-1.656335
49.560930,4.100310
301.250300,5.682662
226.690800,4.368378
17.386780,2.886227
213.325300,5.287889
42.164200,7.557727
252.028700,-6.150800
185.828200,-1.815355
269.907800,7.692764
82.515710,-4.831438
121.731800,-2.276980
158.894600,-8.875120
17.148900,-9.432432
178.477900,-9.103959
276.191200,-1.220283
89.667600,-7.775743
309.745300,-4.788562
176.652300,8.303553
67.667210,-0.495048
50.207470,-7.224280
229.754200,9.297030
18.003590,-3.290796
218.109500,5.910855
141.451400,-3.225718
280.671800,1.621354
256.462800,6.793652
112.351200,-6.086378
264.339300,6.506837
153.651300,5.496664
139.864600,-4.504116
290.452700,6.009722
300.582700,-6.078442
259.895800,-5.305597
226.480200,0.209715
281.858000,-5.211351
156.027800,-3.113668
228.858100,4.904481
138.211800,-5.053367
95.401840,7.772731
247.572300,8.010139
128.445000,-6.966332
127.945700,-1.426361
28.433590,-9.085577
272.449400,-4.840228
12.741040,2.181881
29.472650,7.096819
115.045800,1.081603
234.350300,4.454457
278.584400,4.945338
109.930900,-8.246371
296.045200,-0.919165
265.272600,1.244567
67.845440,5.836270
105.566300,4.366313
135.928700,8.677993
287.894400,8.941011
2.855187,-9.432497
218.421300,-1.261179
76.175880,4.469429
290.004500,-0.807616
270.774000,0.601916
1.520039,7.141862
251.043400,6.452841
107.459900,9.432432
56.997280,-2.146989
182.112400,7.567622
208.289100,-8.399626
3.375647,-4.634724
102.992500,5.790141
284.140900,8.843594
17.290290,-0.665895
163.355700,6.896130
132.315600,6.414681
215.119900,-1.256739
208.473100,-1.210972
208.330600,-4.192837
252.015700,4.637957
33.928390,3.043733
208.520200,-7.303602
15.132320,-7.405982
309.478800,3.622685
283.785900,4.392171
293.964700,0.112596
147.664700,5.627445
76.547120,2.824908
181.915000,3.147433
295.828800,6.081375
198.253100,1.428090
259.348800,-7.369255
130.219200,-4.469283
57.335280,6.345921
34.188300,9.432441
253.813300,-7.413283
114.272600,3.862350
105.002300,-6.140193
102.156400,-3.704733
288.300300,-0.251699
78.435510,-4.946383
237.233700,5.012618
44.742810,4.261667
162.925400,2.468382
73.943150,0.801652
5.262363,-3.740968
217.505600,1.167168
286.593000,-9.432520
124.366400,-5.446599
59.277440,4.778975
294.958600,5.376092
24.163200,-0.871868
115.147100,-8.066672
166.163100,8.274561
43.522940,6.164793
229.363200,3.904658
142.300800,7.144996
52.922940,4.183788
77.967360,5.737313
48.641920,4.740714
237.558100,-5.082958
141.817500,0.425791
121.810000,7.279734
215.643700,-8.355202
153.649400,-3.646875
185.010900,-8.055591
21.949450,3.734862
173.440100,-1.764778
299.685200,-3.006511
260.846600,2.647293
106.958500,-4.633622
256.931000,3.557272
156.538500,-0.961432
235.875400,-9.273062
10.167350,0.172084
305.743400,6.521397
292.067800,4.446431
214.235400,9.432463
233.052600,-4.119819
255.960800,4.116801
61.640010,-4.143329
116.495800,-7.450728
284.931200,-5.077612
173.632800,9.434979
296.111100,-4.857515
41.468570,3.744665
159.048800,-6.913506
250.683500,-4.319832
251.350700,-1.149025
85.647360,2.206242
88.977980,-1.628782
166.682100,7.282662
112.431500,8.285790
207.816000,4.517051
204.223400,-3.787448
3.563091,4.988471
19.992030,4.750562
157.871100,7.162021
60.910450,6.500012
16.527560,-2.133292
192.617400,4.428685
80.460990,-7.391783
302.548400,1.171544
283.868900,-7.840239
3.876494,8.788050
171.283200,-1.814408
300.765000,7.777339
72.939680,-3.459412
171.256500,2.329195
103.937400,-6.487729
294.227100,6.224346
133.287700,-0.148660
10.477690,5.100486
206.860600,1.983928
41.344610,1.717554
161.511400,8.282437
88.360970,6.255501
241.758600,9.432447
98.918110,-3.071659
135.941900,-4.010260
257.142700,-7.053151
162.548200,-4.141388
43.930420,3.427706
10.665980,8.145481
105.631300,0.747590
246.828900,-0.198150
198.975100,9.432454
58.639050,2.142965
0.640659,2.680692
23.988530,2.443356
289.009200,8.832289
95.353200,-8.424834
301.402000,-3.975092
264.753400,-9.432437
311.148500,-4.522532
127.875700,4.953900
140.139600,5.626033
157.058800,0.030264
142.556300,-6.855757
191.296900,0.462822
10.591210,-2.555549
239.455200,-7.545787
163.674800,3.300847
294.618600,7.273787
72.227440,3.222979
26.274580,3.205456
26.649400,4.261007
238.309100,7.558690
269.711700,9.432490
268.943500,7.122768
84.836200,8.327208
234.865100,-2.342271
179.743500,-1.160809
296.926900,-8.419610
30.897490,-9.225423
19.581910,7.446288
92.914130,8.090440
42.972720,1.504867
206.658700,-2.796832
36.162450,-3.859611
161.841700,-2.051136
145.644900,-4.422448
228.353400,-1.027683
199.201100,5.201303
124.442900,-9.432432
268.245200,3.491190
292.929000,-3.237286
59.547000,1.486203
148.939200,-2.634415
167.363300,-9.143877
214.870100,-3.501920
156.101400,2.504806
160.688800,4.399858
290.981100,-1.355983
196.638900,-5.238208
190.291500,0.956491
211.550800,-4.493049
263.874000,-0.915630
144.078000,8.377140
106.494500,-3.048527
270.512500,-7.270123
195.436800,-3.497428
177.508400,7.586026
100.254700,1.266472
271.693300,5.042878
203.154200,0.679190
258.745700,-9.432587
96.008640,-4.790902
212.120800,-0.261551
179.588400,-3.289386
180.263800,9.432731
38.214970,6.364046
305.677100,-8.513129
235.093400,-6.395561
250.141800,5.717025
193.161500,-5.687398
203.100400,-7.812485
1.711836,3.338122
123.665200,7.715542
175.750300,5.083231
158.981900,7.021815
237.492400,0.488612
130.968900,-6.413615
82.429170,-7.331694
21.024710,-6.930972
227.586900,-5.221451
21.908200,-0.934829
19.302230,-6.570186
303.970000,7.628995
157.976000,0.672873
277.596300,0.523948
186.884500,-6.260190
70.250510,8.587483
91.874570,-9.401838
37.268790,0.930239
96.841730,-3.357316
121.101100,4.066513
248.933400,0.976906
83.634850,-4.877876
137.551300,-9.434077
170.231200,-7.642870
10.746030,3.132547
146.984300,7.632833
60.599570,-5.931377
75.851180,0.083228
108.686300,-3.328177
137.562500,-1.239379
253.635300,-5.616449
175.855700,0.717445
175.636600,2.884021
151.888400,9.432436
43.339900,-7.840141
172.278600,-1.189069
263.365900,-5.289135
62.243000,7.628390
238.990600,8.447407
118.076000,6.067963
83.745590,5.197612
257.893500,4.241121
207.985900,-2.219483
232.121800,0.890861
104.673000,2.312021
164.484100,6.027840
174.408500,3.513221
252.527200,6.693726
246.454700,8.084582
238.374600,-7.251000
14.040650,-8.751802
309.815100,-1.979855
128.207600,6.941085
265.868400,-9.326965
171.273200,-0.694854
116.652900,4.305583
309.463700,8.284827
91.654230,-3.656638
228.391000,7.091495
216.405500,4.759839
13.842260,0.397472
111.430100,-8.263969
267.673400,2.527967
44.428440,-8.201789
193.106200,-7.877516
281.054000,8.743513
172.702100,-4.852811
101.953300,-5.778812
162.057000,1.760992
113.940000,1.260560
244.587100,-9.432447
19.564440,3.088987
62.476730,0.763520
196.203700,8.548576
278.031000,-2.278613
35.922880,7.044072
234.057600,7.182195
251.811600,1.268821
214.549500,-8.115805
276.466200,2.382603
158.521700,8.073721
0.606118,-3.638597
292.036600,0.586040
121.468300,-3.409775
222.612200,-8.164272
213.531000,8.554421
167.050700,-5.471292
128.006000,-9.432523
62.758400,-5.414567
30.546590,3.954209
236.827800,-7.059503
190.643400,-6.885440
198.347000,-0.234302
258.632500,-0.027458
256.455300,0.529305
166.715000,6.047584
33.169990,8.965826
141.082300,1.402314
10.658020,1.452162
159.013300,1.954133
217.357100,6.740670
299.784100,7.235560
240.621000,6.530461
120.854300,-9.174840
307.370300,-6.351377
176.667900,-2.681124
42.685170,-3.708172
296.947800,-7.299773
163.073600,-0.615006
89.323380,-6.709816
148.201600,3.886828
171.898400,6.873416
151.356700,3.552440
100.255400,-1.933831
285.286300,5.977465
311.608600,-7.246015
151.502500,4.696319
284.652600,3.681797
276.545300,5.909236
64.956370,-5.845998
118.456700,-2.760686
150.083600,-7.164687
134.716100,-2.574582
165.599300,6.094718
108.483900,7.366883
134.580700,3.473765
230.665500,3.443451
71.622230,0.568791
154.578100,6.125610
283.768200,-6.724735
279.062700,9.269684
204.394300,3.944720
34.450080,-5.083448
40.255420,1.456139
181.619900,-9.432534
1.849567,6.071156
297.789100,1.417871
196.572700,2.682858
155.289900,0.002234
30.170710,2.899019
217.666600,-6.575872
152.015300,2.403788
248.866700,-0.266637
300.925000,0.112349
297.237100,5.361916
294.900600,-2.759779
263.128000,8.722235
129.723600,9.400340
134.992800,7.111502
68.637790,2.136078
152.382300,4.003262
39.016500,-2.580082
212.287400,1.030490
239.237700,-3.666838
81.632420,2.876897
37.928230,-7.936651
77.876750,4.620867
61.835320,2.393395
97.702740,-8.496375
164.620800,3.900132
190.674100,-3.281277
245.480900,-4.810116
216.554800,-6.712725
270.512200,3.474158
151.140900,-6.790836
11.145270,-6.553969
287.431000,3.035896
261.986500,-0.407154
34.811410,5.499217
118.238500,2.560376
274.755800,-2.628720
203.346600,5.766767
11.606820,-8.733329
263.617300,2.222187
310.673100,-0.926226
297.765500,6.780003
17.935140,0.249997
267.164800,0.302785
22.462770,1.032801
172.813300,-5.967268
274.266800,5.233163
123.453400,-6.974936
6.167888,-1.709161
284.978800,-7.990761
-0.160437,5.447027
274.495200,-3.928732
252.345800,3.567871
69.009420,4.039094
110.670700,-9.087454
25.845210,-7.194195
283.631100,-2.922791
161.276900,-3.095555
28.505670,2.907306
302.891000,8.954517
311.352200,9.247072
60.601460,1.983063
224.497800,-6.036866
290.575700,7.173441
76.315350,9.432437
301.869600,3.001492
51.865640,0.165645
301.420700,-8.317783
272.654900,8.487977
309.467400,6.491654
185.893500,-4.683556
88.620500,8.344411
114.451200,-2.240283
245.621200,4.542236
309.030300,-3.926413
98.464070,5.939553
222.350100,9.221125
215.432500,1.527303
57.233150,3.862715
275.525900,6.373569
193.635600,0.497532
13.937350,9.432432
269.956300,-9.432436
152.265300,8.264961
48.493820,2.300977
192.481800,-3.470251
27.508280,8.549460
72.870050,-7.919351
79.417950,-2.933834
117.683300,-7.057389
29.454650,5.961377
87.676530,-8.335937
24.430000,-1.959766
99.798160,0.243656
295.849100,-7.082241
36.651420,7.894917
275.708800,7.478662
121.486300,1.812323
86.348190,8.445081
109.754800,-6.804434
147.027700,-0.184185
68.928810,-2.250262
13.883200,1.789718
251.187200,3.240858
1.346393,-6.515474
163.775900,4.635426
190.224400,7.852890
220.443600,-8.401443
7.442693,2.091097
60.131950,-1.331550
57.964550,8.677966
312.229000,8.549992
33.557000,-1.763464
165.806400,0.039285
20.000530,6.407323
157.349500,-6.721558
126.708800,2.344651
95.981570,1.468215
114.406300,4.974609
223.367000,2.074727
66.575160,-1.029433
65.636620,-2.806252
222.721300,-3.464382
160.053200,1.352409
49.984280,-8.322726
27.287020,-0.259971
177.771900,4.340441
55.249160,-8.440090
191.170000,7.252491
54.857640,4.140627
312.964100,-9.362859
39.176280,4.818248
102.995300,3.751866
10.805340,-3.655011
151.950500,-2.730064
148.189700,-1.801955
299.870100,0.569189
294.943600,-6.422904
161.381200,5.279872
164.894900,4.985849
133.024400,7.854231
239.672900,1.241189
14.514840,8.472630
291.000500,1.576316
75.079780,4.700150
214.320600,1.662427
239.937200,5.535014
198.304100,-8.137472
155.689500,-9.432447
130.768000,1.574383
68.842060,-0.094713
13.264880,-4.410411
170.181700,-2.997022
250.463800,-6.623211
292.830300,8.496278
26.409880,8.134675
141.378600,4.966777
289.075400,2.778174
7.476673,3.210717
206.644900,-6.791691
144.130200,-0.704284
285.892900,-4.503413
27.847490,1.571237
64.376630,-4.659857
120.610100,-8.077208
114.776200,8.617317
267.670000,-2.023619
224.471300,5.607581
6.935904,7.363633
53.783920,2.425924
14.653990,3.305030
311.083000,2.059288
24.340270,-4.196433
186.835300,-1.320052
132.000200,-1.560365
250.932800,4.924085
238.562400,1.047949
48.742200,8.654042
307.546900,5.578441
205.564800,2.031784
188.762400,-9.432475
209.295000,-0.450025
75.526910,-4.869789
178.802200,-4.087172
129.287500,-1.101919
34.273950,-0.835463
74.410140,-4.783391
189.689600,-7.473258
307.854900,-9.432467
150.544800,1.240870
217.213500,2.679279
227.810000,4.509266
281.541400,4.404201
107.452900,-3.628434
242.280100,-7.044756
220.530600,8.608595
110.594900,3.096375
273.727400,1.074210
9.040120,-7.283857
160.254000,-4.091482
178.307000,-2.981298
87.867630,2.858889
271.187500,7.739398
12.267220,-6.852294
8.356334,-0.220853
97.543790,6.578577
31.442110,-0.802320
105.964300,-4.117210
225.825500,2.015603
58.156520,-7.233286
212.943000,6.340680
102.573400,2.692990
56.953410,-5.371481
244.656100,-0.833349
0.983056,0.803306
17.481860,4.002319
283.951200,-5.619730
58.577690,-8.456985
295.350400,-9.215152
198.549300,4.290332
79.909920,3.890330
32.151690,9.432436
11.459080,-7.627060
255.086500,-5.069807
202.589800,-4.240348
224.456600,-7.445070
188.024900,8.319811
237.887200,1.941760
34.250540,-2.643041
59.013570,-1.393990
233.758400,-2.169709
163.195500,-7.980587
6.383830,8.405272
107.444700,4.088335
311.823700,-9.432501
267.416100,5.918433
123.206800,-5.866545
294.757700,3.200416
66.616130,1.199262
172.190500,2.944909
166.775900,9.211917
308.954300,9.282419
65.102000,7.469383
40.984780,-2.004160
310.282200,2.842352
232.359100,1.985540
91.834370,5.473599
212.861300,1.992408
41.659650,-3.257644
166.357000,3.001549
285.985400,8.321741
51.940220,4.721337
15.792940,5.718963
83.631870,0.449848
159.909900,-6.196417
250.991800,2.058437
56.032520,-6.009152
140.554200,-2.555165
179.838000,0.738368
242.380600,-5.585421
309.483400,0.625787
290.942100,-5.823272
24.215040,-6.641426
82.071250,-8.393625
310.607600,-5.503417
35.967180,-2.155201
184.349700,-4.260358
90.849820,-0.997118
273.702800,-6.087208
193.794500,-2.943614
215.575000,-2.280225
96.025150,-1.482391
3.524321,-6.619359
229.096300,-3.924995
220.545600,6.448549
71.875290,-1.517091
68.272990,3.195112
267.480300,1.424600
214.446700,0.549423
279.975300,2.498526
129.221300,0.016203
80.482860,-3.281159
60.307060,7.694257
149.880100,5.395902
242.319900,-1.838229
82.699710,3.216948
218.461300,6.974290
129.976700,8.309186
306.620100,-0.982005
227.381900,8.170558
268.737000,-7.809081
292.744100,-8.381557
194.941600,-1.340617
67.967540,-7.001469
111.375900,-5.368605
173.758200,5.383804
209.882400,-5.880841
178.305100,5.790481
164.223100,-5.440144
105.531600,-8.831444
37.899010,3.730955
174.858600,-7.970494
64.229820,3.525270
163.927400,8.138790
142.421800,-3.785364
126.445300,4.642793
175.821100,-7.397856
80.713060,7.068030
122.629100,4.469600
107.861500,-2.570254
210.705700,-7.199501
60.886130,-7.301362
195.620800,-0.450011
259.045500,1.253099
149.460000,-8.931356
231.530800,8.165998
242.568200,7.368915
92.212910,1.612087
221.601500,-3.444021
258.975800,2.617189
258.042100,-2.178472
286.742600,-3.738375
154.031500,3.287121
27.989240,7.537858
233.007200,-3.000605
27.009730,0.827684
50.502070,-9.316003
279.320200,7.050380
1.303984,-1.667014
198.485400,6.062953
58.016120,1.197603
220.573000,-1.083108
229.876200,2.647876
19.924820,-2.755158
141.596400,-6.278529
154.649500,-5.602978
132.231600,-5.115287
87.051500,2.026303
248.129600,9.119257
275.127800,-1.572162
166.141000,-2.397750
303.894000,-0.649146
141.572500,-5.158633
289.812400,-8.966494
256.288100,7.902648
117.931500,-9.390704
132.502400,-2.561646
197.615300,-7.254165
121.017800,6.090114
47.602330,-9.129308
40.928280,2.763253
4.770096,1.866836
43.381210,7.275928
257.316200,-1.184589
174.196000,8.466985
175.502200,3.993150
197.670900,2.908638
265.827500,2.485039
302.196100,4.084819
208.147200,8.586624
25.743620,9.119220
54.825940,2.903979
129.618000,6.426186
148.625400,-8.183611
190.680200,-0.727933
16.252410,-7.395586
69.965480,-2.674498
70.245360,-0.448732
12.256620,6.506577
95.781630,-2.575719
241.597800,-7.949188
208.253300,6.582848
105.522200,6.768749
170.699200,1.359535
218.334900,-2.377951
302.109000,-7.437263
153.213500,-4.678661
37.754680,-0.884499
51.074720,6.534316
168.820800,8.574395
66.661480,-7.499688
87.369840,-7.258609
240.079800,2.394665
187.924400,-5.844127
73.306370,2.922053
47.461060,1.837492
155.355100,1.669556
125.537600,0.436886
159.273500,-5.274676
239.416800,7.362053
297.931800,-1.945147
293.023500,2.615921
130.846000,9.015642
69.657940,1.673312
25.547840,4.057866
195.128300,8.861750
194.753400,3.709107
101.436200,-4.785166
200.110900,7.110075
27.385610,2.894192
275.634200,-3.522629
274.593800,-5.408473
205.822600,-8.408587
172.805800,2.012890
33.406650,-4.676112
121.699600,5.094658
154.265800,-7.809859
4.634559,-6.766973
306.756300,-8.213322
306.874600,6.662409
50.457390,3.428690
154.997200,3.853545
67.492970,8.066133
69.446930,-7.280706
222.540100,-4.761293
25.351460,-3.714576
218.638700,-7.132343
272.887300,-2.977075
220.507800,-3.201914
236.215500,-4.129241
78.652380,9.432442
146.474100,-2.319380
61.506210,1.322757
187.207100,-0.263437
22.626480,-0.075309
262.020400,-3.005324
20.409280,0.236752
181.385700,9.432724
24.039850,-8.575424
22.832030,2.118405
214.177600,-4.382308
258.819800,-4.994778
76.703940,-8.919309
289.051500,1.526683
28.337120,-1.079087
101.233800,4.581803
66.557300,7.450342
183.178700,0.898055
156.163500,0.703192
252.839100,1.728405
283.944800,7.740809
180.116100,1.878780
238.419900,-8.370216
306.563700,9.432436
48.581090,-1.134553
132.132500,-8.313752
94.376270,0.781922
136.677100,0.497991
115.570400,-2.286346
134.226300,-8.861549
110.370600,-5.868682
202.843800,-5.331270
260.693900,5.999011
169.392100,7.417233
83.580500,9.061843
17.601830,-8.001158
104.342400,-8.298683
97.908960,-3.697487
10.013750,-7.837698
254.855800,3.933732
160.019700,6.601147
111.009500,4.136962
248.258900,5.099581
103.371900,-5.518435
9.760308,-1.798639
200.613300,-4.827934
205.708500,7.364854
103.459100,4.771832
167.836000,-8.128386
302.378900,-4.840685
112.344200,-7.616086
136.392500,-1.092669
225.098500,9.317130
197.955000,-5.446922
86.510530,3.006552
172.894300,6.362363
29.273190,0.244781
250.414600,-8.903226
22.414050,-7.428051
141.039100,-0.379742
108.020500,-9.403077
196.418500,-8.299219
243.342900,2.933531
194.096900,6.109125
222.219900,5.012656
206.976400,-5.681031
185.525600,8.463853
159.090900,0.779309
291.828900,-3.026976
174.007100,6.473495
107.994200,-8.133918
243.523700,-5.831133
260.827500,8.102184
163.375900,-6.640178
2.694914,-3.745172
99.449480,7.829467
249.546900,-4.822630
125.745200,-3.257636
49.380660,2.994754
50.793620,0.528708
64.786570,9.105701
143.495300,-7.466471
86.575360,-0.669772
229.412300,7.551509
79.490450,0.862207
163.693700,-4.211297
4.477629,0.769806
77.466770,-5.508796
235.147100,3.667141
274.994600,-7.786542
128.029900,-4.003020
156.679800,9.032591
151.474200,-0.752265
217.057800,7.819972
84.429570,-1.772614
8.936069,5.540635
5.263708,8.416107
118.756900,5.178498
6.215495,-0.432689
220.493900,-4.321905
260.514500,1.066340
82.178440,5.322821
285.074100,-9.173538
122.662400,-7.767949
66.075860,-5.803597
5.565426,-7.390018
158.742700,3.867984
281.869700,7.975839
176.672600,3.308447
66.633130,5.275987
137.993900,5.905307
128.187600,1.706568
7.856128,5.243285
249.791200,7.929235
39.922330,-5.230289
313.667200,-6.947258
300.341900,-9.328898
116.339900,-5.217278
192.899900,-6.776547
81.631110,-9.432432
126.203100,-8.474047
50.507390,8.854865
214.430300,5.471417
42.247620,-8.088149
273.276600,7.547019
205.368200,-9.432432
251.755800,-2.193072
224.639700,6.764341
89.426610,3.283210
96.193410,6.003481
8.645972,-1.684701
20.657940,-0.855439
52.099950,6.985540
122.672300,-0.971562
215.285400,4.748096
124.954500,-2.464135
264.844100,-7.583795
35.479370,-7.073346
230.565700,0.508631
47.912530,9.406649
89.540200,0.817039
140.831800,9.432432
44.697980,-9.432457
65.304070,3.843167
210.608100,-0.892542
294.110500,-1.966001
232.031400,-7.650708
132.075800,-6.241698
171.288900,4.860272
299.777300,1.724144
296.647400,6.845898
73.306850,-4.589992
111.319300,8.152574
25.290400,8.094870
8.032784,7.136475
177.282800,-0.684140
184.784600,-0.068582
60.115930,4.036279
210.232600,0.162742
219.065300,8.525846
231.674400,3.996218
204.301800,-9.089522
304.381700,0.403009
95.284970,6.658720
100.834200,-5.730224
179.418300,5.666369
11.984860,-0.801977
239.564200,0.026528
101.795300,-0.356141
292.272900,-6.221364
183.951200,-2.030804
299.047800,-2.084290
75.641980,3.484736
254.266600,2.981364
261.153300,4.655735
152.729400,-0.656233
7.227783,4.302846
167.293300,-2.346859
34.972840,-6.074308
26.382700,-2.153550
294.251700,-9.432460
161.195700,-7.067445
107.205000,-7.314373
47.020450,-6.715910
83.200500,-8.143947
307.658900,-1.423377
97.450740,2.742461
38.683490,-1.510598
197.933300,9.020960
278.039100,-0.523281
208.812100,-6.216862
42.552270,-9.191187
293.871800,-8.378733
158.694700,-1.402780
94.823070,-4.326020
91.855360,7.724277
183.767300,-8.971697
114.315800,-8.817920
103.363300,-2.079378
166.417000,-6.394918
202.720200,-6.444532
19.325180,9.279757
175.776500,8.996533
104.687500,0.077070
128.888100,4.474133
139.297500,0.249249
235.327400,5.561903
222.231600,-9.432457
303.045900,3.355226
121.077900,0.761908
277.992700,-3.398085
111.211300,-0.473541
38.950890,-8.393597
55.697230,4.888312
30.328330,9.240072
301.184100,4.564540
117.937300,7.185539
192.498100,9.047217
113.990200,2.468391
142.888800,6.168200
79.051420,7.697660
305.319100,5.480695
303.655000,1.350824
196.274200,1.076448
142.672900,2.536526
139.618100,3.508879
40.605280,-6.125018
197.082100,6.127607
211.411800,-8.068961
188.804400,3.584730
89.100850,9.364338
261.140700,7.026749
169.051300,-1.994966
22.244900,6.767932
201.577400,-2.914545
94.730170,-6.480767
142.487900,5.122288
93.302630,0.444912
170.165100,-1.877325
22.672790,4.633725
306.651700,-4.325881
157.938400,-2.882408
151.202100,0.334017
261.439800,1.697290
108.993600,-7.626168
195.694500,6.633861
160.251100,5.505263
200.563100,4.370856
159.045800,-3.050215
231.553400,7.003720
214.445800,-6.991497
174.000300,-7.251055
233.122100,5.271871
141.262200,7.564728
8.467858,-2.930847
299.883700,4.035885
37.745040,8.144130
219.415000,6.302311
144.024000,-4.177261
105.872700,-7.764517
177.684400,8.737889
300.778800,1.222722
75.258830,-2.046031
219.418300,-4.009588
159.587800,4.602746
294.047500,-5.733468
149.786300,2.185780
170.154900,-0.757716
291.112200,5.030496
67.589430,-4.290656
128.052900,-8.015615
135.437900,-5.805432
124.307100,4.302728
14.049950,6.679196
52.487610,-3.045307
239.254600,-4.786830
134.280400,2.394627
290.546500,-7.948203
56.360160,7.022496
237.223000,-8.107585
168.733700,6.517738
283.666800,6.648913
258.177100,-8.467805
71.347070,-5.876881
254.423400,-0.413304
97.847400,0.823351
95.646560,4.080694
123.064500,-9.432444
257.304200,-9.432454
177.694000,0.357615
45.636400,-3.250202
182.992200,-0.491158
64.537200,-2.591922
272.201100,0.645412
178.996300,1.891776
118.537600,8.132858
299.006200,-3.897266
58.385040,-3.820160
266.594700,-1.710077
270.580800,6.797537
26.271520,-5.756991
14.741450,1.065383
137.538500,-4.014138
102.961500,-0.586860
32.009280,-9.432432
35.228490,9.016885
94.274410,6.175561
174.342100,-3.149509
18.698970,-2.396384
62.300890,-8.386222
4.716444,-9.432445
29.453670,-1.168572
212.761200,-6.377835
12.686580,5.470590
37.328520,-5.913081
0.520462,6.634845
25.260340,-6.238873
287.414900,4.247371
73.773550,7.020871
52.048330,2.297619
90.718910,-7.380157
79.789370,-4.607534
83.650100,-7.110546
296.823100,0.727708
90.484400,-8.542256
145.991300,0.585630
288.416300,6.739193
14.245710,-5.159976
8.573764,-5.954848
204.026200,8.627120
269.115400,8.484359
160.419800,-5.199199
276.801500,9.432437
106.551400,-5.677184
309.029100,4.648480
251.519100,-8.716821
121.124800,2.895475
127.643800,-0.347662
255.332900,-1.068140
36.874860,-6.938639
171.393200,9.433469
149.708100,-1.819993
120.580100,5.059064
184.832100,-5.362523
282.961600,-4.982893
101.361300,1.495552
6.192292,-5.794403
245.660500,-9.112188
30.557580,-3.989727
273.178300,0.097920
144.620100,-8.849780
9.492082,4.568242
177.918300,1.587910
136.743300,-3.225337
76.718150,-1.063259
237.343300,3.748323
220.836900,3.385808
191.510200,1.562413
217.667100,-4.340864
161.114800,6.367457
23.067510,-1.105085
208.884000,-3.218972
188.775400,4.704477
79.669690,-9.432441
41.723990,-6.069288
96.746510,0.616132
273.300300,9.404030
131.968700,7.479737
78.189160,8.412589
130.856900,7.616373
183.333000,-4.730399
271.865600,-1.053537
83.550480,-5.994832
112.887900,9.432437
44.231100,-4.994636
133.357200,1.084546
279.986500,8.327646
267.432200,8.764868
60.426810,8.807975
88.110280,7.347225
63.099560,-7.600852
299.137800,9.378348
224.273300,-8.550076
282.768000,-0.698878
190.457900,-4.380272
61.444040,0.204431
293.794500,-4.583013
295.968600,-2.422241
287.989600,5.209050
119.784400,-1.448148
289.563400,6.690839
90.561460,7.610266
56.627090,2.920739
49.665390,-3.957509
69.667350,-1.408138
275.085100,8.446114
135.836200,-2.568132
61.765560,3.511277
31.981550,-4.263651
159.091800,-4.169395
221.857200,0.682644
179.879400,-4.393015
4.605696,7.509734
217.945400,8.503174
205.210600,-0.938100
247.527800,-1.073417
297.287300,-4.977528
97.866870,3.782418
179.091200,-0.250347
56.817260,4.902765
39.143890,1.594683
213.225000,7.424656
205.655800,5.690730
37.988440,-6.818141
147.523000,-8.382016
111.954900,7.222724
32.277550,-0.025639
212.306600,-2.195781
175.074000,-6.563436
82.078870,4.207118
22.238130,-3.099568
248.224000,-3.789507
51.111810,-1.921409
140.792400,3.525798
93.376640,4.502857
84.671600,-3.280478
5.558948,0.477467
55.921780,3.790914
168.551700,0.910647
214.384900,-9.432436
126.523400,8.086203
189.481600,-8.573834
205.849100,-1.858503
287.768300,-6.128256
164.783800,-4.469411
16.582670,-8.465930
146.389900,-8.594840
9.796539,-4.141842
12.561870,-2.177859
190.898700,-9.264714
234.067000,3.370495
211.658900,-1.281977
288.982900,5.732562
223.080200,0.895629
91.087660,0.121630
162.394800,-3.025210
176.287300,-9.432523
242.232700,3.083737
166.707400,-3.364148
244.459600,-2.015560
201.221700,6.966084
76.278110,7.272129
134.345200,-0.517871
300.282200,-3.954075
144.038700,-2.322898
156.334900,3.600238
123.160300,1.611358
73.845020,8.138715
262.142900,9.432596
88.028720,1.480091
298.654800,3.328757
306.320000,-9.432432
154.067100,1.898699
63.092490,-2.544309
2.742476,4.024591
266.360900,-2.805367
101.660700,5.655480
26.356420,7.015794
11.142270,6.288465
157.363100,-5.600505
73.340240,-2.272484
157.317600,-7.841207
239.245400,-9.127363
256.198800,-4.937965
61.611220,5.626163
101.455100,2.628765
306.358900,7.656666
286.775300,-6.646458
202.867800,8.559015
188.298600,2.435582
285.303100,-1.116625
221.493100,2.475265
75.050290,0.978495
161.010200,0.770327
179.464900,8.648754
229.316200,-2.826664
20.567740,3.587075
194.353800,2.614519
80.892590,9.432432
307.648800,-4.836184
21.322490,-2.453977
199.584200,-2.654644
32.730480,-2.524219
193.820400,9.209383
37.214300,4.617455
296.050200,3.664990
224.231600,-3.890562
53.789320,-7.554371
180.380900,5.093788
146.079300,9.432436
292.179300,-4.090894
293.134700,0.909750
290.599000,-3.558926
237.048000,-1.560751
57.393700,-4.341543
240.573800,7.955698
218.416600,-3.508431
162.486000,5.100603
98.466790,-9.336756
169.926700,8.395041
18.880580,6.427602
257.096700,-8.172301
265.251900,-2.648339
8.565314,2.046197
219.892200,1.260453
125.538600,5.300496
36.002940,0.504903
260.900300,-4.810184
220.835000,7.530630
98.599480,2.934618
275.887500,-2.431507
140.950000,-4.227365
80.009490,5.006161
280.872900,-0.480178
125.633000,2.656313
226.790100,-6.008768
106.328900,7.545857
2.451561,5.126510
3.251996,-2.773263
223.305500,-9.114092
195.349900,1.709159
128.258600,0.588702
33.516820,5.127762
30.916720,-6.837273
114.312600,7.597671
19.278050,0.109749
72.672350,0.958560
203.341500,1.783553
66.706210,0.082893
282.661600,6.125730
59.272050,-3.136217
11.681830,-2.870853
285.978200,-8.496254
298.221000,8.731655
64.679610,0.149415
302.388200,-1.756548
207.664400,-3.292430
60.748260,-4.821158
195.028400,-5.651744
306.492900,0.139535
96.348550,7.112821
62.048580,4.594979
16.584480,4.672704
132.757100,-7.131522
145.909100,6.179408
44.141840,5.206945
97.592580,-1.396158
175.245400,-9.021544
277.609800,5.497290
83.203130,4.217592
45.758440,6.302164
57.276040,7.667498
308.666900,5.708330
99.098750,-1.193350
44.925460,-4.115775
133.076100,-1.248625
270.794200,-0.726957
5.627029,5.452846
34.430060,-8.983443
90.932580,-2.796170
210.791900,2.882220
59.841070,5.746964
212.515200,-8.262012
170.957500,6.268947
167.028100,3.897126
257.063100,5.847569
295.720500,7.474864
189.209700,1.532683
145.211800,3.539744
276.100000,-7.605747
189.284100,6.809791
182.352900,8.867908
76.822060,-7.641927
232.696800,9.025005
54.310170,6.909562
34.719490,2.250755
21.359280,1.225173
42.055440,-4.999360
241.202500,-2.667986
149.251000,-0.797503
177.407200,-9.432458
96.935710,4.405028
4.793111,9.432516
36.194360,-8.998069
273.057800,-9.432444
79.975390,8.330854
112.653900,-8.711898
182.135700,-7.265731
228.005100,-4.178304
215.769100,-4.226816
244.052100,2.066512
100.385000,-4.398483
204.247700,6.432121
293.862800,5.144094
4.374302,-7.856303
47.019700,8.708760
305.480700,0.619049
153.539100,-5.750384
130.981700,3.386940
183.150200,-6.790935
208.872600,1.728977
257.777600,9.434457
160.983100,-9.348189
200.647500,8.093310
274.621000,1.749643
241.185200,2.686915
40.127200,-2.724724
268.529900,5.799726
117.582200,-1.836621
288.521000,-4.252688
245.441200,0.030158
45.204570,8.211102
157.052000,-3.567271
287.091600,5.878588
79.251660,2.983975
301.681300,1.884200
165.298600,-6.455967
51.365570,-3.012426
87.178180,-6.155000
90.038590,6.619654
3.263876,-7.708802
46.299430,2.009773
210.978400,-6.112041
169.180600,5.493419
273.605500,-7.203093
23.297780,9.121008
251.483500,-5.105949
66.106980,3.062155
235.825400,4.558570
75.865340,-3.802028
37.451180,2.704243
193.150100,1.507115
91.960980,-0.855723
224.074800,-4.999664
74.970470,-3.128374
158.223800,-4.883643
210.227400,-1.945961
300.913900,-7.262914
312.578100,-6.685067
51.648510,-0.938203
5.073654,-5.736533
63.118730,4.253747
119.013300,3.534325
254.644800,-6.101407
9.994384,7.249011
46.233740,3.127984
115.709800,2.144104
291.969200,-0.828715
160.163300,-2.975107
46.524050,-9.432457
255.642600,6.030933
243.340200,-9.386468
95.017010,-0.994103
264.214200,4.067775
150.350800,-8.252443
122.387500,-6.630676
21.522990,0.117061
15.165270,9.384572
96.852720,-2.237243
51.127240,-5.618527
130.125600,-5.676446
58.242350,7.100770
278.407300,-5.504923
215.323000,3.628645
153.285500,-1.704890
91.274670,6.746525
6.239825,6.391809
116.887000,-0.958342
33.629940,-7.863174
104.122000,3.868912
32.337670,-1.475214
262.410900,7.255052
244.127000,9.165710
104.841100,9.307043
124.758400,7.471308
113.767900,0.153714
241.401400,5.522735
246.692600,-1.819702
259.921100,2.016326
34.182920,1.267532
176.450300,-8.324402
263.840300,-4.274547
259.739200,-0.828104
125.429900,-0.678066
178.501100,3.296030
29.530390,-9.334655
178.396900,6.906644
263.602500,-8.286282
293.536200,9.432432
31.666330,3.924230
124.124900,2.180953
256.558000,2.500057
240.353800,-0.768004
125.562300,-9.392800
66.154040,8.495362
310.679000,-6.621239
24.602200,6.244892
164.447200,7.146946
221.417700,-0.347610
94.764050,-3.207437
36.268440,-7.880392
140.453100,8.358864
235.369000,-0.057276
191.532700,-4.065015
210.846500,4.001023
255.923200,1.514679
186.088200,9.432442
94.494760,4.569566
252.412300,-3.100272
105.110900,3.342963
180.584200,-9.005942
97.579440,8.936154
52.287630,1.203339
269.924900,-4.763600
307.993100,6.605415
123.765200,-1.457153
89.229550,7.394869
59.060750,8.959379
16.424270,-6.177638
90.550800,-3.849229
99.106460,-6.833515
220.178400,-2.131365
169.530900,9.436601
186.066200,2.465761
99.915000,8.848286
112.168800,-1.054902
42.039820,6.444520
61.665550,-0.893501
102.346200,-9.432432
245.526800,-3.690969
164.301700,-7.803802
203.745000,-6.896501
101.211600,-7.449776
99.290010,2.052643
38.141210,5.246347
189.569400,-6.359653
203.534400,4.662508
166.246500,-9.229776
263.060900,0.986533
56.307530,5.900189
9.704177,2.301393
125.177600,8.510070
5.011448,-1.452444
134.133600,-1.617837
59.480270,0.368052
87.108040,0.799695
301.864300,9.402264
168.848900,-7.648878
29.365710,-2.361898
218.300500,0.018387
300.205300,5.108831
294.609000,1.028868
117.418600,8.182938
188.793600,-2.383751
217.753200,-7.818667
101.197200,-9.432463
191.331500,4.185464
91.816350,-4.765019
137.515100,4.339234
168.129000,4.502576
124.326100,-0.487550
199.260100,3.424708
145.914700,7.299871
236.889500,1.432638
7.985011,-6.907763
91.642270,-1.929553
209.496100,6.825012
198.354900,7.983220
30.417800,-5.101104
112.417400,-2.921798
288.575600,-6.905377
109.393700,-4.197633
299.701600,2.930660
138.559300,-7.668860
36.347750,8.973106
150.979200,-4.628967
180.957900,-7.950026
305.391300,-3.451612
108.338700,-1.377208
228.622400,-7.565938
6.567937,-6.890377
227.606100,6.291842
284.746500,6.958790
194.352900,4.858640
167.895700,9.205257
109.395200,-5.317840
292.095700,5.566190
71.828850,-3.602772
306.112400,-2.471410
213.227900,-0.091612
251.973300,-0.218335
62.755880,-1.460710
113.344900,-0.883465
69.920770,-9.420918
222.057000,8.100380
207.045000,3.704558
307.517700,-0.312195
252.914600,-8.081886
111.691800,-2.068410
298.499200,7.646626
172.728200,-9.378609
157.416100,4.858409
115.009600,-0.141774
58.617450,-0.346244
37.907220,-2.735264
205.548100,-2.942554
98.956050,0.983360
252.631700,7.808902
104.414200,6.933351
134.341000,4.567957
22.225680,-4.259790
35.586590,-5.137370
290.892800,-4.639802
42.577260,3.576780
127.357700,-4.899043
144.867500,-5.342136
74.233090,-1.596011
77.719190,-8.312593
101.771600,-8.470901
34.020690,-3.739313
47.882980,6.846242
301.314000,6.800969
18.699430,1.068876
56.898480,-3.262706
75.304220,-6.020276
260.957900,0.036266
232.555900,-6.447955
61.114830,-1.868739
241.384800,-0.225203
38.918810,-4.733097
230.174900,1.568027
54.944080,-0.516816
175.637900,-4.685561
87.474550,8.269652
155.428300,-1.109210
47.533020,-4.317115
44.522170,7.322818
237.860400,-2.332915
165.746400,3.964691
212.406300,8.189055
244.926600,-6.557976
286.075200,-0.274120
89.821320,-2.936996
7.350892,6.247813
189.539000,5.523992
61.938320,-6.917191
50.287400,-2.679759
245.127100,2.381145
255.814700,-2.079220
183.175500,5.647055
132.854800,2.085721
153.331100,-6.851013
113.303400,4.423818
303.266400,0.300642
1.722929,-3.188454
157.142500,8.012625
20.168050,-3.848570
275.513100,-6.049228
34.071950,4.154629
45.311580,5.235039
152.168000,-1.631389
158.317200,2.831963
