295.825200,-3.041749
97.540380,-6.213030
310.916400,2.511749
280.711300,3.581858
63.073510,-8.282082
274.796100,-8.659660
215.013400,2.431527
259.655900,3.079112
258.294000,-1.367845
266.016800,4.659467
2.837613,8.053207
268.888900,4.521318
255.912900,-9.424505
238.955700,-1.561721
258.624700,-6.159810
259.669800,-4.325234
53.856050,-5.996549
223.248000,7.227943
245.397900,3.488719
238.303800,-4.255474
4.119773,3.724001
220.054300,-7.255183
14.912400,7.495655
70.575490,-3.899687
152.011100,-5.444590
290.254500,2.848798
10.756040,7.340514
130.428000,-0.339754
210.777700,2.313829
47.261020,-7.611014
271.169300,2.098648
60.821900,0.025306
59.662810,7.221290
299.717000,4.024497
47.827300,-5.591158
224.839200,7.696367
214.368100,-2.345117
284.703400,4.767826
195.340700,0.789877
245.680100,2.169363
263.274000,-7.152188
86.704660,5.598831
283.699600,-0.859163
115.457500,5.670448
149.399400,-6.123424
23.642570,-9.327234
44.589000,-2.641944
249.687900,-2.571282
68.313200,-0.807470
99.667730,5.212518
294.050200,7.379411
128.187400,8.400475
203.186000,7.087308
77.767550,-7.417286
238.608700,5.008431
74.315540,0.248508
37.269430,-3.650542
157.843400,6.634801
207.139800,-6.233246
306.613700,1.951528
220.360000,-6.522560
33.781340,0.261405
68.227900,1.065328
186.452100,-7.537322
282.810100,1.476754
43.401740,-0.174681
120.376400,-6.625655
283.769700,4.000909
42.695820,1.487159
6.802909,0.271225
27.892000,4.821748
187.395800,8.811253
225.491100,-3.621269
98.792500,7.515962
301.784000,2.592811
14.869750,5.958879
32.800170,7.575998
271.384500,-4.096698
40.190240,4.559423
75.458140,-8.705133
237.557400,7.369686
34.174840,-7.483542
99.341550,-8.267534
211.436300,0.371509
142.564000,-1.265311
171.547600,8.467005
263.639400,-0.000833
203.634000,3.505838
256.101200,-8.578753
69.311760,-8.417044
306.104900,-1.995541
24.907120,-1.225220
120.688900,-5.959561
166.235700,5.306494
128.015800,5.406953
161.621000,8.742424
181.984200,6.506275
70.145480,-3.323229
123.653500,-3.531078
32.607730,-8.263168
111.192800,-5.968507
236.130700,0.354162
184.952400,5.194032
132.126900,5.716586
246.662700,6.763068
275.862200,8.707335
252.644000,5.476426
172.507000,-8.165016
292.009000,-5.303133
81.278050,-8.356519
1.824766,-7.170912
223.922400,-6.568321
119.565200,5.405796
110.406400,-0.417413
26.983940,5.505487
272.218200,4.289733
225.675100,2.914160
86.939090,-1.223206
206.393100,2.653331
287.505600,0.253971
76.659430,-5.673990
77.596560,2.373860
55.827160,-5.128932
311.845900,3.651279
294.462500,-0.125002
179.170900,2.220599
111.744500,9.053844
66.710760,-2.427363
53.950320,-2.269020
140.313100,6.496543
153.867700,1.189910
23.158620,3.413925
237.540800,2.403613
180.684600,6.661671
310.966900,6.075063
180.285900,8.277994
182.522100,-8.693933
1.471079,8.233043
263.124200,-6.538157
14.402770,5.007583
244.161500,6.916154
233.448600,6.660724
261.557400,-1.639492
1.320731,4.894335
231.471300,-5.017069
204.366800,2.499591
48.700170,8.451290
147.189800,-1.662361
11.060960,4.539386
39.530110,-6.609364
98.129810,-2.637283
189.259600,-4.528574
93.947810,-0.960784
95.341030,-3.571901
309.129200,-7.091167
139.293500,-3.888648
193.141700,-4.058120
312.525800,-5.818738
67.334130,-1.291952
158.219900,-8.786745
47.888870,-5.582091
156.586700,-6.089423
142.845000,8.241107
247.114700,-2.508239
173.217200,9.277130
85.325480,9.125502
221.769300,2.234272
17.808240,-1.112870
235.884800,-5.339839
202.412500,1.784038
293.027800,0.191934
133.689700,-3.013233
305.218100,-8.163223
22.690370,-2.605541
47.962160,-5.575167
220.324100,0.731528
129.300300,-4.352719
257.769100,-5.915030
108.450800,1.903545
138.561300,1.794712
155.486300,-5.698262
308.480700,-1.758133
176.979800,-6.600186
238.186400,-5.995352
27.596790,5.560843
165.447300,2.926682
66.190260,-9.391987
115.057900,8.557999
68.719310,-3.161906
169.426700,2.616057
8.197915,-4.228151
36.247930,-0.518791
83.553610,-2.000783
137.065500,6.281625
195.460800,7.525533
265.573300,-0.366902
45.719020,4.440976
125.634500,-6.205206
310.174200,-7.686011
26.763880,8.727169
154.748600,-8.114971
261.768300,-8.513654
64.893300,-4.177858
178.500500,-7.162276
227.653600,-9.316109
116.983300,-9.131903
192.072700,3.148736
268.415300,-5.166116
90.490430,8.053797
146.825900,6.678749
54.388600,-2.514418
256.495100,-6.849310
131.929500,2.448992
114.699100,5.902389
4.682805,-4.844011
240.765900,-1.390649
88.766590,-8.753296
31.101600,-2.622342
134.725700,-3.900189
219.268000,1.814612
107.786700,5.406293
309.498300,0.286885
246.478400,6.377192
31.487270,-2.406390
288.993500,7.308057
125.084800,-5.925695
147.201200,1.117203
282.305400,-8.215429
290.651000,-3.340205
133.000600,-8.776737
115.640500,-6.381314
133.578600,-3.271743
25.461830,-0.543779
43.869840,-4.956525
308.170100,-5.307854
211.687600,8.428503
209.249700,9.092440
211.378500,5.302080
231.795600,2.143487
306.792500,2.749031
196.911200,2.098119
139.493000,6.075411
156.073900,-8.895113
82.869070,-5.197538
253.734900,-9.319403
65.688240,-3.657344
87.296650,-0.542496
161.799400,4.582698
159.266400,5.439415
70.874920,7.911605
144.656200,1.287632
66.946710,3.832425
150.154300,-0.606186
13.890710,-1.072996
105.933700,4.143425
102.476200,4.552509
240.437500,-9.009682
143.932900,4.517347
221.054900,4.174866
207.816900,-1.151226
80.619450,8.990469
78.308530,-4.614128
273.943100,-1.299751
0.754750,-8.333538
44.907310,0.143903
309.557600,1.252925
82.918710,0.326659
96.536800,-4.280528
90.062480,7.689233
130.035800,4.575243
19.389010,1.264395
124.821000,1.610570
308.464700,6.830057
149.393000,4.010134
21.764020,-3.476455
172.587500,7.341241
71.960080,-2.878217
48.022910,-1.506400
156.163400,-4.099918
266.718600,-0.407996
139.884700,-9.097170
217.578600,-1.874258
114.319900,6.112189
258.827500,4.351536
277.058100,-8.936396
216.762500,-5.748386
156.872900,-2.335268
44.375920,6.544727
74.295620,-4.098218
120.390300,-2.067268
103.885300,-5.560975
232.911500,3.242407
196.278700,7.675888
103.755200,-1.701537
215.963300,-7.059340
229.697700,8.063354
123.771900,-2.647106
106.637500,-8.875227
295.681300,-5.956191
231.973700,-5.384871
96.410930,3.153076
62.268290,5.672498
176.954200,-6.971695
16.523580,-1.139979
196.749200,9.277563
47.182280,-1.276213
122.210700,-9.314556
282.478100,7.328620
148.539600,-4.951654
254.398800,1.155459
12.855060,-1.350553
164.249400,1.252812
160.078500,-6.898018
221.122900,-0.961291
229.134600,-0.092502
188.380600,-2.625220
199.253100,-3.920916
136.617500,-4.423519
6.293799,5.330601
149.431300,5.197828
252.901900,-1.975914
32.753190,-6.364420
85.028400,-0.083443
177.960100,-6.101382
198.370700,2.587431
93.140460,-2.141930
221.839200,5.811045
52.819580,-3.675143
189.769500,-6.155129
83.526780,-3.004017
284.642200,-3.727767
59.904620,-4.330355
301.456900,-1.464637
228.343000,0.306348
150.280300,-8.112555
135.304900,9.174269
222.096300,0.136743
22.183160,-6.411616
17.987880,5.733605
100.122300,3.728098
93.801530,5.547768
52.634900,-1.244694
257.868300,-2.224453
78.703890,6.675748
156.877400,2.930138
17.272900,-1.961138
285.235600,-3.813102
275.495500,8.822428
168.928700,3.676111
247.892200,6.740337
183.169100,-1.474007
79.536740,-6.297774
102.952700,-7.688985
291.780000,7.087654
265.334900,2.096346
303.915500,-6.490867
103.366700,1.803244
165.244800,8.564577
114.145300,-4.795692
217.092000,-1.144812
300.392400,-8.217766
33.471160,6.915255
209.708500,5.862463
139.292900,-2.964950
74.921780,4.049630
124.147400,-0.020188
24.334350,-4.228180
93.527780,-4.858578
82.455760,8.708094
150.372000,6.304443
191.671200,-6.594757
303.754400,2.929487
276.026400,-4.436408
129.916800,-8.989172
226.549200,7.020994
273.875300,-5.052821
204.835700,3.475968
18.215740,7.218259
41.474820,-5.758317
312.986600,7.278059
56.193750,-0.249975
161.537700,8.952423
220.020400,-2.061029
294.926700,4.097743
88.607400,-5.080036
140.584500,2.169687
211.321200,7.868162
222.946500,8.362034
81.576390,-5.066718
147.661000,-3.460667
115.309500,5.587727
166.366300,6.866256
1.402380,4.769891
103.030300,-8.298336
221.782900,-1.601180
24.517690,-2.907519
0.696574,7.939853
163.806200,-9.237732
85.421830,-6.966160
198.082800,-1.168676
131.473200,-7.112194
36.795880,-2.393549
131.831200,-7.291042
233.293300,7.948822
298.562500,-8.503072
28.222850,4.153087
308.244200,-0.427550
20.411630,-4.902821
171.951500,-8.698843
246.001900,3.575742
191.830400,-5.690125
40.502990,-8.735815
105.374300,3.424383
213.032900,-6.640404
172.613500,-1.209067
299.508700,1.766861
283.485200,-5.660668
313.238100,1.271571
278.713500,-0.075667
132.065900,1.360149
82.138310,-0.453112
96.976270,-7.992520
92.876000,7.114968
91.917370,-5.740214
305.529900,-5.950752
1.118587,2.813056
155.690700,-1.958323
136.487700,2.293526
92.924060,-2.007059
288.825900,-2.489022
8.639631,4.077674
23.328970,-2.840910
137.725500,-3.042412
69.182980,0.752487
186.426900,8.394419
195.593800,3.257004
76.758090,1.208930
66.875430,3.827801
111.918000,-3.536228
131.959200,-8.787670
303.064100,-6.734965
226.390600,7.079917
177.613100,-6.697398
0.856923,-6.499775
157.922200,8.907608
84.901790,-4.576129
10.973670,8.047628
257.685400,0.743633
136.131500,7.856324
174.602500,2.102689
140.230600,7.362249
285.575400,5.743134
120.305400,8.524111
271.780000,8.595968
266.402000,7.557908
257.635500,1.650225
231.148700,-3.314266
255.877300,4.646021
129.674300,0.777929
300.078400,5.547521
161.818300,-4.974679
206.794500,-1.963363
152.668700,-5.909441
58.296130,4.783554
42.215740,-7.008578
273.447400,-1.830787
171.565100,1.807677
226.444400,6.797431
40.635980,-8.173706
272.795500,-0.783826
82.760110,-3.013229
282.567200,2.326708
306.835200,1.880887
220.439000,2.494247
268.412700,-5.452161
182.783100,-4.339674
48.196960,3.820972
266.135200,-6.413513
127.271600,5.465222
268.726100,-1.312466
137.234100,6.920412
233.894100,1.773947
24.530630,-8.077459
99.635750,5.941562
176.240900,4.337394
181.473900,-5.191877
261.936500,6.434103
129.283700,4.906170
285.331000,1.584690
285.705700,-6.243063
212.443200,5.382789
277.112900,-2.470933
2.372797,-6.570011
299.370400,7.886558
46.247470,0.521080
40.643780,3.263930
118.117300,4.102294
29.055790,1.187399
1.233298,-0.388147
214.319000,-0.323263
128.217400,3.898655
214.516900,7.272229
59.515190,2.435863
136.057800,1.412668
182.445000,-2.832583
77.930810,-4.751976
165.910300,2.120334
219.983800,9.074505
241.700200,-8.540237
233.788600,-1.189422
174.261700,-0.536441
52.807910,-0.678467
184.748600,-7.007487
296.388900,7.722213
294.551200,-3.726273
254.463500,-8.217377
193.805900,4.325408
30.547710,-8.399727
100.768600,4.952173
98.405240,4.565399
300.208900,-5.051829
186.993200,1.553315
163.031000,5.521265
9.986610,-4.451285
296.392300,-6.411866
231.665000,1.848939
164.282500,3.190026
209.903400,0.267719
289.456600,1.431413
201.038100,-2.470715
313.237000,-3.275561
69.160700,-4.197933
21.108480,7.641498
192.756500,1.080374
136.138600,4.941730
300.521100,5.456269
245.079800,1.932384
144.504700,2.415520
221.553000,3.551104
248.382900,-1.168280
93.596250,7.984787
256.635600,1.611236
51.599370,3.747737
287.716700,-5.219326
86.470090,-8.278536
219.306400,4.648665
199.847200,2.610636
215.712400,5.552601
261.923700,3.358065
139.952200,-9.490553
70.044880,4.059141
283.661300,5.493222
98.141040,7.103231
275.107600,7.870670
164.489100,8.461464
78.335500,-2.798432
164.447700,0.815390
88.438720,8.666076
162.423600,-4.937033
45.105650,-5.483039
43.052760,3.871664
280.291000,9.336241
116.303500,5.545075
39.641350,-6.646396
147.875900,0.947572
192.598700,5.418844
182.078400,-9.200312
175.397300,6.865373
70.672470,-3.933964
9.272073,6.844526
282.871400,-8.064776
174.486100,2.277517
27.082450,-2.191330
177.152900,2.827020
7.330043,-5.681807
119.599500,1.714164
281.931500,8.713303
82.176410,1.258898
199.046200,-8.575649
203.942100,-0.515243
190.513000,2.004946
292.650300,8.994535
300.641400,-2.067892
221.038400,3.191493
208.750400,4.044371
134.418700,-3.321262
89.824140,6.100038
239.606100,9.135353
110.423600,-2.620452
164.210400,0.999672
129.223500,7.615293
24.141380,2.974815
167.930600,6.984327
275.577600,-0.814985
296.941600,-3.550478
81.345740,-2.932749
7.714703,0.407371
296.537800,8.813353
128.072500,0.528674
264.068800,-2.317786
129.905100,0.339414
24.096610,8.855330
75.984340,2.240795
10.884860,-9.474146
113.938100,-7.773423
51.179260,8.704243
253.839800,-4.093962
174.340000,8.048689
39.949400,1.848162
217.697400,3.162600
155.621500,6.520732
267.324300,-5.473496
33.525270,7.096729
129.658100,-2.278938
6.424370,-4.683869
245.277500,-6.074026
49.223760,-0.141821
259.149600,-2.045792
290.763100,5.881629
207.771600,-0.317978
159.572300,7.414671
85.258200,-9.422346
167.209900,-7.264960
184.760900,-0.987710
152.808800,-3.349579
79.931140,-8.249830
197.996300,-3.533936
278.816800,6.142634
238.241700,3.489876
59.412120,-8.852594
135.817700,-8.183849
245.737100,8.715460
263.628300,9.077283
222.710600,6.382900
10.069010,-1.110478
187.430100,4.917002
298.752500,6.684646
288.792400,-3.236048
223.947000,-2.996752
99.853900,4.284039
79.314190,7.120429
187.597400,-4.257606
287.537800,-1.771624
115.611500,-3.192361
85.083180,-0.121922
66.274380,-0.556314
1.986682,-5.036250
35.433160,7.661602
35.254860,-1.019956
298.329900,-0.437384
47.619710,-8.632250
268.540700,-0.388295
30.464870,4.418862
185.564100,0.856949
220.927400,-7.870356
199.276700,-8.353361
285.693100,-2.146407
38.579280,-5.427786
153.927700,-7.778731
17.263420,-3.217919
64.250890,6.401078
155.192200,2.799945
195.522500,-8.084930
105.491400,-6.981947
265.046200,-4.132863
12.760050,1.041294
132.643000,-7.599192
186.430600,3.914363
201.184400,0.063001
172.177100,4.928648
276.101100,5.051804
185.959700,0.226761
129.540600,-1.931491
288.108300,2.508918
48.008580,1.636446
275.698000,0.879890
268.322500,7.694790
201.805100,-7.678982
127.547100,4.446398
19.046440,8.009970
143.163300,1.192961
247.940400,0.183047
305.927500,7.766101
87.049550,9.012265
205.822500,9.036537
166.273700,-4.481692
247.043900,0.058841
187.940500,-7.464920
36.500820,6.432952
144.471300,6.805470
175.041000,-9.148771
189.731100,2.724224
142.937800,9.244356
69.900350,3.802783
237.758100,6.342098
240.410200,0.538910
180.874000,-6.135640
26.137860,-8.376415
170.329500,7.203948
63.330990,4.166812
56.808280,1.998385
118.979300,-1.666137
232.904500,0.779335
40.592290,4.944582
308.810200,3.073705
172.632900,4.176470
92.975340,-5.440218
142.630300,-5.991737
196.026400,5.552007
159.693800,-8.872004
148.698000,2.355214
277.909800,-4.228493
300.643600,-0.009740
280.382000,-0.986459
262.548200,-3.255340
112.557000,5.977439
230.239900,-0.934218
118.060400,1.836514
83.500820,-0.732279
189.600300,-7.252263
35.063980,-1.594306
149.669900,-4.434470
185.851100,3.319069
100.308300,-8.337837
0.592610,3.083461
72.099750,8.817284
302.185800,0.177888
206.758200,-1.366784
173.923000,8.276512
78.542950,-5.253405
158.260800,-5.845931
305.137600,9.000095
223.818200,0.000149
156.421800,1.371757
187.644300,-9.248348
4.373488,-2.339233
282.248400,-3.708920
246.267000,5.316822
250.952700,-0.872411
166.608600,-4.314713
285.132300,-6.704789
235.326200,0.226259
216.758000,1.932645
79.080630,2.643489
207.151700,1.186920
212.260300,5.184175
254.727400,-1.167177
180.458100,6.869133
62.395650,5.665133
193.679500,-3.856911
231.983900,0.450325
10.152820,-1.183288
64.171890,-5.437109
4.758371,-2.743980
179.482600,-7.180789
132.160800,-5.711366
119.476000,-8.694981
54.302700,-1.004714
185.244300,3.545158
159.666400,0.301632
309.232200,6.591224
8.655752,4.455304
52.607250,5.331636
279.408800,6.378326
116.486100,6.892446
181.689500,4.848794
149.084600,-9.175495
312.657600,-2.603792
6.718648,-3.873490
123.660200,7.092882
55.238000,-6.820609
49.767990,-6.140497
177.173000,6.625281
102.034200,1.711784
23.338220,0.206366
43.366330,-6.581473
255.476900,8.945871
230.278200,-2.054859
233.453000,3.885256
106.164100,-0.474747
201.184700,-3.679607
23.954200,-4.827880
154.911200,-8.418623
124.888200,3.999710
76.259090,8.486906
0.619851,-8.235769
85.838360,-7.448205
270.472400,-8.011265
151.544600,8.970623
198.587000,6.613576
313.174900,0.042537
145.828700,1.789751
251.588000,-3.574211
36.508850,-5.675851
184.924400,2.015520
140.187500,-1.266358
156.207800,6.711280
145.863200,-5.407725
277.325100,-0.927868
189.490900,-3.701659
142.249900,8.713890
77.953570,-3.774728
193.558400,-5.147361
36.454850,2.368296
97.749810,5.560659
239.850300,-4.921289
57.381240,-6.054347
309.721600,-8.344429
261.675900,-7.885312
63.368690,-0.225341
269.398000,-0.792086
196.955700,7.438648
258.130500,-5.739793
244.420700,-6.223265
261.494100,-1.927186
282.085100,-3.277980
232.485900,-5.168627
201.946100,5.501842
207.720400,-8.270008
108.592700,-8.328014
167.545300,-5.099930
32.262030,7.759668
229.728100,-4.855860
88.346480,-4.006255
19.743290,1.224009
83.234860,7.933259
59.425000,3.256846
1.831296,8.894768
274.154400,-6.342676
222.708000,4.067950
307.839300,8.498011
93.590880,-1.220195
240.543300,3.516526
267.565900,0.225355
312.941400,-2.753635
169.659900,6.471559
264.308200,-3.515127
207.304500,-4.783089
202.498600,-9.321255
55.096830,-5.262097
302.886100,-3.706348
101.469500,-0.865671
268.930000,-6.411922
213.504300,-8.879194
187.754200,1.836910
55.486300,-0.142188
12.956940,8.865246
223.492500,-5.248888
44.773120,0.550114
262.021000,7.922485
284.140000,-8.911243
192.836400,3.456647
216.207000,2.678300
57.347320,-0.100654
236.510800,3.572251
97.426910,-9.450142
276.124500,0.344964
43.527950,0.955445
227.151300,-7.611142
185.449800,-0.368244
112.714500,6.389956
45.553230,-5.003700
313.253900,0.674014
285.326700,-1.856138
80.463350,2.647098
170.197400,-6.073625
118.885900,-6.031608
180.042900,-8.036732
157.399800,-0.323869
30.743290,-2.794613
114.024400,8.889051
240.757000,-3.787798
150.597800,-6.272740
173.295300,0.756456
46.960510,3.664258
128.669500,5.419211
280.555100,-6.371104
181.036100,0.997656
39.374980,4.172242
35.881030,-2.365919
168.140900,1.516414
198.979100,7.883729
160.860500,6.616342
44.020640,7.688964
239.209900,-1.421688
169.353900,4.303506
154.214500,-1.447609
75.035830,8.418486
199.564600,-1.269859
196.378900,-7.496936
20.314980,-6.712867
252.541500,8.242502
289.599600,0.945671
229.732600,-6.871663
208.541000,-8.145777
63.294830,-4.743163
260.168400,-6.344453
301.028400,5.438145
305.274200,7.197111
174.865100,6.303851
214.793600,4.693441
257.005600,0.366706
150.438100,-5.656669
51.924360,-3.931653
54.352550,-0.547192
17.721290,-3.983788
311.772900,7.188911
11.214180,-1.588060
59.877530,-4.100775
18.051950,5.204616
37.584120,7.184766
148.236500,2.363001
195.766600,3.560366
24.753490,-4.148837
75.889360,-8.930763
282.808800,0.253224
82.575470,7.028537
174.842100,0.918254
60.842910,-3.609605
47.673930,-5.986334
112.974300,-2.483462
216.920600,-1.070042
249.692100,2.473052
41.503520,0.983780
80.002270,2.423204
130.109200,-2.877231
243.218700,8.986860
191.736500,-0.791179
116.306200,-2.351217
194.071000,-6.092445
4.559399,6.844120
216.496800,8.649464
293.814800,-8.216784
195.557900,4.973092
277.196600,2.817506
269.103900,-6.345115
100.542300,-8.481882
80.394170,3.806164
226.460500,9.344248
174.258900,4.471502
253.929700,-4.882530
88.324390,-4.715673
180.797300,-4.455382
44.313120,0.713089
55.113100,0.335455
111.020700,1.054468
255.237200,1.358230
143.562800,-8.582328
189.530400,3.595277
49.317500,5.895562
131.553600,-8.077192
126.616000,-6.458719
209.011000,-7.220032
152.276300,0.277016
175.859900,9.197315
253.731000,3.242590
219.884600,2.226298
282.586900,1.235784
308.193000,0.388356
204.664200,-4.102753
188.962800,-7.015313
195.328000,-2.500409
178.763800,-1.079233
281.653700,-2.092586
150.717000,4.221280
13.260360,2.905551
179.056200,-2.413971
136.426600,3.553469
175.868000,-3.199687
181.847900,-5.961476
254.509100,3.334327
39.426960,1.016565
84.245640,3.387235
115.225700,-6.281009
5.460744,7.568377
285.235800,-7.464715
187.673800,-7.910927
111.621500,-4.525271
304.645500,-0.925541
202.011700,-6.078190
76.232090,-8.024296
177.079000,-1.087624
172.194900,0.437504
308.716400,7.030604
115.873600,-1.740798
42.590740,-5.928431
171.778400,-5.051359
128.267500,2.432083
257.198900,2.892460
218.920400,1.997150
281.573700,-2.927540
289.588500,-4.088371
215.889400,8.864607
19.749110,-0.855389
140.945800,-6.746966
36.433840,-2.090275
180.592200,-0.557839
0.727061,-2.199763
258.589000,-4.008963
80.469180,-4.102184
97.838470,1.491128
81.177330,4.999251
234.418200,7.839025
206.018800,-0.358012
115.805600,8.196566
99.499510,7.211236
113.776200,-0.630164
142.702800,0.576816
127.339100,-6.018332
253.432500,-5.907575
47.417490,4.919225
92.073620,-3.665575
302.336000,-9.365341
277.145200,7.579427
32.826820,5.785372
70.285320,-8.494576
171.427800,3.234906
76.308060,8.543049
19.860130,-7.986634
194.559900,-0.614673
48.079520,-5.247181
1.896414,-2.133818
170.772500,2.926283
136.794900,-1.845809
228.706500,9.230461
153.110200,-6.555237
104.520200,-6.978127
138.210100,1.558983
273.722100,4.171877
282.542400,4.991178
128.914500,2.419941
170.416400,-3.946977
165.480600,-5.491211
209.151400,7.920826
205.320100,1.535339
183.153400,8.591000
262.426400,-0.474531
81.692080,-2.729672
300.407400,0.034673
294.069100,3.959434
220.937700,2.003018
244.427700,4.516595
149.774800,-7.079998
241.757900,2.042862
70.168960,-2.365685
307.136100,3.092839
272.539700,2.827942
209.805900,-4.917078
42.210110,-0.625602
213.535900,1.652488
175.656100,-2.005241
191.503200,-7.628911
110.037200,7.703989
197.079200,-0.779334
115.444700,-6.284539
156.841300,-9.191771
52.963920,-7.865554
92.896000,-8.215051
9.373088,4.090810
274.617700,-0.176207
46.038230,-4.666901
41.467810,-8.181194
235.280600,-4.203990
34.024790,-0.003006
194.268400,1.902465
12.627730,-3.563047
211.796300,6.752080
274.092100,2.489756
313.169000,1.420035
214.394000,7.147085
173.922900,8.166292
135.365700,-0.322744
290.022200,5.347796
270.988600,5.743152
201.977500,2.061126
130.865000,-2.371371
19.110890,-5.205917
8.139664,-4.657527
18.456910,2.989616
240.862600,-1.679187
250.455700,-5.147773
309.330300,-3.494247
123.092200,4.019467
103.974900,1.120237
21.889400,5.432025
261.754500,-2.631084
174.337200,9.087900
168.654000,7.568485
118.779800,-6.758368
293.692400,-9.270985
122.775800,-7.982928
298.289100,-0.389633
311.287300,-7.870610
123.917500,-6.914319
124.846200,-4.321839
105.851600,-0.124048
53.337460,-0.286340
176.640700,1.196111
6.341938,4.673596
177.930700,8.099766
259.629400,2.922575
276.589800,0.914023
79.052890,-0.496719
216.269700,5.012083
260.802100,-5.263980
32.137320,5.332386
178.405500,4.603443
255.586600,-6.146606
239.350500,4.576422
93.940350,-1.297415
307.854100,-2.436136
64.570050,1.139185
239.742800,4.451506
64.945460,2.927465
249.399200,-2.518135
248.690300,-7.168616
22.327840,-5.730964
200.931800,8.282873
60.408770,-6.802838
140.416600,4.911629
228.541700,-8.661953
257.974100,5.105674
112.814700,-6.178994
204.491400,2.965252
192.508500,5.244987
70.051830,1.922005
49.129540,-1.563309
53.310560,-6.326305
64.855570,-0.516350
106.103700,8.335033
167.761500,6.325408
266.034600,-3.585610
181.272800,2.159422
249.211500,-2.036488
170.059900,1.747769
69.454050,0.749418
304.487600,1.619367
130.685500,0.338242
43.936000,-7.937426
54.676610,-2.718148
151.790500,5.045652
236.101100,-1.859959
288.038400,-2.464505
280.578100,7.443454
274.900000,3.422376
277.959200,4.287918
15.689890,0.948967
154.373200,1.166536
254.541700,-0.829324
113.130700,-4.979742
283.562400,-5.417814
119.316300,8.614613
128.654800,2.858701
219.145600,4.753567
25.592890,1.818810
168.554300,0.747700
248.310300,7.604644
77.537560,4.800465
195.520000,7.423385
161.869000,6.090037
124.603600,4.947122
110.597200,7.567750
267.594900,-4.949770
91.348900,-8.390940
287.577200,6.617671
142.567600,-3.263525
116.034400,5.273571
13.589640,3.937633
133.712800,0.457378
166.184300,2.741115
203.561900,3.558975
41.932470,2.924400
227.365400,-8.946304
54.792920,-1.961731
38.686120,0.663135
264.231700,5.089485
222.930100,2.948493
248.515300,-7.089459
63.653190,1.672505
220.721300,3.726600
250.316700,-0.759786
174.141100,2.068301
194.953600,5.231207
47.945220,-1.002286
62.566190,-3.628640
170.520000,3.484244
223.358500,6.421937
123.207200,4.644460
245.733100,8.978365
153.397000,8.097171
127.165800,-4.246322
11.527970,2.243898
262.749200,-2.465742
82.880010,-3.606626
170.646400,-5.894134
212.777600,-0.815878
9.257221,-4.973816
221.615900,-7.671968
128.630800,-5.182132
12.478540,8.300232
183.877300,-2.756475
91.208180,-4.579160
179.550000,-8.791578
162.186700,-5.808855
119.377200,-4.678493
235.333500,-3.643491
271.364200,-1.478707
266.759700,-6.314040
307.348600,3.114757
186.521600,4.217171
18.082110,-6.421831
75.312600,9.004633
309.075700,-6.404220
297.269600,-6.974792
198.048000,5.493510
271.456400,3.846868
274.774000,8.397011
108.015100,0.828744
228.664800,7.626407
98.578650,7.107066
43.163550,-0.992447
12.365360,7.654759
277.903100,8.040346
253.237300,-0.029053
126.135000,6.298901
205.132500,-8.310755
272.165800,7.461524
38.569950,-6.763682
220.000100,-7.547976
68.319510,-7.883966
212.101500,3.599967
221.092700,-2.230989
187.082100,6.743033
70.827340,6.204810
163.111400,-9.082102
92.876490,-9.498013
201.105000,0.062077
202.504800,5.646793
175.828300,2.635609
150.908200,-7.638571
101.450600,-3.466501
264.649700,1.602350
20.209560,-7.035953
151.807900,-6.932585
305.368000,-8.662443
199.188900,8.710653
174.317200,7.944526
268.736200,9.070442
213.287400,-5.773701
241.489500,-2.350067
15.569170,-4.059408
268.698400,1.605914
0.948311,4.082013
78.562840,4.111533
285.616200,5.524367
146.055900,-3.823203
53.025200,3.178488
192.200300,-5.034033
63.760400,-1.770969
161.938300,-7.178134
256.451800,-6.317543
90.522070,6.651346
295.876200,-8.236429
56.041530,0.434142
197.127300,-1.925827
202.062200,0.029604
267.101300,7.833362
242.765500,-8.277605
261.759100,5.041790
233.148600,0.359645
9.862682,6.641943
220.124600,-1.017774
277.367900,-6.041073
298.307500,-4.419806
92.993510,-5.535650
192.292800,7.926899
233.194200,-0.088938
118.964100,3.655973
118.832000,-3.753571
34.226680,-5.114540
75.677440,-7.862256
102.679900,-4.974116
78.130680,-8.172367
85.593340,-7.384260
222.711800,4.542588
243.778200,0.693342
292.127800,-8.964971
151.401600,4.832780
244.065700,-7.690470
237.994000,2.418783
142.719400,1.845953
139.397600,-5.268602
301.402900,2.084340
169.042700,-8.391365
135.782300,0.519154
1.006712,-7.405482
135.246200,-1.727455
270.326400,2.229880
108.200800,5.654342
288.066300,2.277121
265.427200,-3.802376
51.358600,1.333336
235.534600,6.130306
104.021200,-2.706805
224.601500,2.776643
230.957900,-3.880447
154.016600,3.883096
226.747800,1.234747
254.621300,1.199765
111.587800,-2.710479
142.434000,-2.795902
223.310500,3.638922
99.977160,7.747626
110.398000,7.887109
49.747090,-9.322191
302.796800,1.907843
130.103300,4.934605
108.292600,6.428682
46.044050,4.847664
88.382870,-8.592878
244.202300,-8.911282
132.585100,-7.014197
92.560120,-0.523989
230.660800,6.565481
111.108800,0.988271
141.745400,-1.738904
5.228746,7.238503
112.568900,-0.322690
59.969670,-2.480037
16.466070,2.092944
238.075200,-6.111866
205.120700,4.937899
221.892400,-7.042321
290.171100,-5.320103
12.274120,-0.060319
101.626000,-2.622862
217.883400,-5.897910
235.131500,7.678817
130.194700,5.302613
92.335070,6.905771
160.966900,2.200688
2.705586,5.815766
46.168500,-5.305656
228.757100,-5.460554
56.325220,0.937955
23.431400,-4.246370
126.920400,-5.697769
5.415292,9.181639
180.981500,-0.391620
130.359200,-1.009752
145.309100,-7.097589
122.351900,-8.684614
216.427100,-2.874965
94.604550,-1.955065
129.323200,2.977180
197.996400,7.209342
53.459530,4.904296
114.406900,2.975585
246.522900,-1.109918
105.225500,-4.514055
47.767630,5.368342
77.375570,3.981214
195.868700,-2.329045
111.854900,6.725896
209.143400,8.356281
5.469849,3.330466
72.135840,-0.816946
283.063200,-4.163664
257.714800,-3.967238
187.700900,9.330175
290.301700,5.453180
309.468600,4.468894
208.909500,-1.715465
23.190190,7.614587
203.782300,-0.354816
25.956200,5.374048
288.518900,1.682981
179.263800,4.045399
310.366500,1.433036
190.452900,9.037233
39.030550,5.951134
163.039800,-3.243207
64.979420,-6.753949
178.390700,-6.515179
235.347500,1.055021
236.530500,-0.375155
103.679200,-2.292906
281.912800,-6.445614
34.247650,8.212460
70.498350,3.611919
32.430260,5.297370
23.970660,-0.216377
73.679960,4.484282
64.713980,-6.607326
50.026290,4.988512
292.387300,-9.482447
294.740000,2.002743
257.414500,5.707610
281.691700,6.147789
311.860700,-6.085400
123.172400,-5.246742
226.221100,-5.354767
108.858600,1.873235
147.103600,-3.070851
77.990440,-9.104416
249.020900,-3.308468
179.478500,7.513679
8.958426,-7.839676
186.971100,-3.363939
309.087100,-9.283512
278.429200,-1.956737
172.654200,-6.181133
104.687000,-8.915329
106.517000,-9.426035
152.989300,3.253291
310.053600,-7.898564
159.080600,-9.144360
62.432110,-5.859096
204.725600,-0.659020
199.834600,-9.075649
312.317900,-7.713841
121.877600,4.154379
273.495000,6.876601
44.439180,-5.853045
199.491300,2.513805
73.540550,4.547030
261.155000,8.652943
6.302083,-8.701851
160.222800,-0.313910
217.125900,-0.080836
12.569890,-9.175257
78.855940,5.290141
100.909400,6.904758
271.947700,-2.080116
167.706300,5.511907
272.959300,-7.448765
71.142960,-0.180765
150.645600,3.562577
255.984300,8.768908
5.450295,-9.151106
299.353400,-5.240051
217.523000,4.817158
234.941200,1.129863
190.236900,6.688274
6.216629,-7.986401
129.538300,-5.782583
173.576200,-5.690762
60.368580,5.673060
254.258800,-8.936539
34.656150,-0.021353
209.395800,7.842639
293.569700,6.255351
247.834300,-5.300242
156.176700,8.806427
297.378300,-2.476194
214.781300,8.157860
38.675590,8.077618
208.076400,-5.817328
254.862000,1.837024
163.181800,8.172731
241.556500,-6.545296
15.147120,-3.846997
66.028680,2.241884
156.053900,-2.110510
163.000500,4.718811
132.739600,0.367371
58.591530,5.043719
73.690260,6.155750
173.251400,2.648460
143.708900,-6.682930
175.037800,-4.615845
73.488340,1.928505
40.224830,-1.731297
210.001500,8.550293
72.254700,-0.074414
191.820200,-3.626246
299.730600,-4.852631
228.839500,3.176965
285.920300,3.936209
185.733600,-7.730726
259.656200,-3.249706
300.084400,-0.129241
2.271072,1.252552
191.688500,-0.460501
12.984550,-7.413920
28.578770,-5.662020
146.311900,-6.218874
169.862500,3.218903
147.842500,-5.510381
139.413400,-0.848711
144.881800,7.437739
184.039800,2.782133
78.649740,-5.982127
91.907000,3.094201
81.395000,-6.132948
174.605400,-4.992406
175.435000,6.469032
276.470900,5.878378
43.088880,-5.674238
202.092900,-8.230688
254.701400,8.063362
25.544560,4.946242
47.367150,7.225093
65.716050,-4.739995
84.608220,2.623585
206.215100,0.983510
137.698400,9.039639
49.277760,8.451035
85.677490,-3.089711
178.054000,0.840420
241.310400,-7.045701
30.116220,5.718462
119.625800,8.143152
107.912900,-5.250595
13.067020,0.399680
247.514200,4.409500
272.220900,-8.725407
288.475100,-7.592143
173.988300,-2.744802
173.136100,1.045060
158.492300,5.861683
244.347100,-0.033731
140.086500,-3.575699
67.009550,-6.685238
23.499730,-5.905838
41.599130,-0.757394
28.239190,-8.030321
255.928900,0.048977
181.715500,-5.903449
135.089300,8.775087
76.516810,-6.994946
147.735900,-3.839442
221.187000,-9.410049
156.830400,5.351225
275.192500,6.684185
183.547200,3.728954
188.028100,-2.334143
54.137050,3.813529
149.873500,-2.895362
105.926000,9.167282
108.056800,-4.271075
170.059700,0.124177
14.789930,-2.471899
183.847300,4.778770
48.830370,-0.615879
112.368200,3.415487
211.981500,-6.643500
297.685400,-6.149761
51.047050,-6.819884
291.198200,3.789849
41.948150,1.252992
157.850900,-0.025776
68.910490,-8.750875
91.059650,3.515266
160.883600,2.215959
30.718690,1.309499
171.233700,-1.767471
100.447300,3.252387
309.843600,8.531586
206.790300,-8.649473
55.208740,6.103817
280.107800,-5.892426
257.201800,-3.166811
252.947100,-5.115483
83.094210,7.322963
115.826400,-7.255044
252.188900,-0.981698
277.333300,-0.264054
196.361700,-3.702796
262.414800,2.074516
286.469100,2.774211
185.930500,7.344818
145.515700,-7.225163
88.316700,-5.917030
184.323700,1.878162
169.085300,-5.991989
58.029650,3.856264
49.976660,7.102315
55.419910,7.019633
157.002400,3.506792
5.122096,-2.907114
254.586600,2.241909
95.228220,-4.748322
7.988270,-2.499602
264.238500,-2.093162
32.674340,-6.241628
32.623590,4.907610
4.447412,-5.102950
307.066300,-5.061088
195.417900,-7.136517
270.649900,8.172749
30.025350,-7.552876
129.990900,-1.591622
287.268700,3.513733
137.193500,-8.773008
206.179700,4.833557
272.239100,-6.032353
81.807560,5.429773
228.834200,-4.730321
64.741040,-7.251308
269.736700,-7.043002
38.225480,-4.175756
147.153300,9.233982
123.963200,8.147703
57.790310,3.142415
208.008900,-8.029554
47.703040,2.604921
90.447920,-3.971556
227.076600,5.754656
139.508400,-9.237793
247.101600,-6.949757
161.369600,-4.205661
79.228620,4.021702
101.518100,7.579562
225.283200,-4.360906
185.202300,-9.100607
45.725810,3.973652
54.131370,5.311393
249.656300,2.123000
177.084300,-5.858214
199.793100,6.363995
192.860400,5.153173
295.189900,-1.729949
248.707700,6.151446
192.734000,-0.006789
202.874000,2.038540
64.151250,-4.080491
302.108400,0.486323
265.907200,7.110441
15.870320,6.770923
141.310800,-1.389802
27.098870,-5.241378
203.384700,-3.248376
144.240600,0.676676
18.423740,-6.638532
172.497900,4.672068
261.037200,-5.138433
26.189770,0.760344
70.467350,-5.970975
85.573670,5.997433
147.837800,2.712125
277.710700,8.874708
31.559810,5.081504
234.585200,5.079558
297.319700,-0.383723
24.957270,0.024434
93.658160,0.960080
268.224000,4.855637
308.196000,7.646236
82.430870,5.532058
21.866900,7.846077
14.328280,-2.077733
28.473840,5.406356
32.745950,2.919173
151.979300,4.857270
104.993600,7.893774
202.131400,7.953546
66.832410,8.572136
21.198190,5.561316
218.962800,-8.492308
48.424740,-0.781951
116.712400,-8.776531
67.025330,-5.401013
99.739490,-3.486758
117.358100,-6.437378
146.261900,8.662848
296.885300,-6.858923
231.288300,-8.799097
64.421790,-0.223505
140.503400,-8.323895
244.711400,2.809330
99.516040,2.504123
34.759150,1.430970
123.398700,-7.320230
224.185400,7.669860
130.804700,-6.659092
201.349300,-5.804791
271.479600,1.655130
50.430990,-0.222515
304.849100,1.935672
108.698800,1.241090
124.151900,-3.838892
278.811900,-3.121680
269.124100,-1.342023
38.076770,6.690940
86.263840,-6.948655
250.076000,-0.524885
243.124200,8.965609
72.350150,7.959989
94.949680,-7.283219
27.839240,6.290562
179.441500,-6.820652
143.922000,2.198735
241.873200,-3.904972
221.960700,-6.359293
119.882200,-7.137455
192.580300,2.406724
278.392400,0.268547
178.700100,-7.122479
80.500030,-6.119736
293.132800,-1.711545
275.645400,-4.385313
183.795800,-6.446780
3.812993,3.155544
12.363000,-4.890824
86.267980,-6.028240
262.116900,-3.289694
65.519940,0.683447
158.132800,4.758605
36.091910,-6.108074
277.154000,6.816032
119.668800,6.113124
68.946880,3.954686
186.297800,-7.499835
94.590960,-7.110804
213.008400,2.921925
213.415300,-5.503273
129.821800,4.399889
76.208270,-3.079788
97.254990,0.025376
140.462100,-5.198829
219.907100,4.695419
304.707600,3.416148
5.801370,-9.429417
269.298700,-9.054794
92.341000,-5.796317
300.860400,-2.057208
201.927300,-6.642694
114.952300,-3.699922
93.694050,-3.458676
119.598700,2.200465
286.747700,8.858833
228.145200,6.208313
19.290380,5.446450
298.793200,3.590174
76.967930,-6.081881
285.095500,8.866365
292.599400,3.790797
39.502530,2.222536
102.871500,0.531453
152.799900,1.405571
197.191100,-4.780760
288.549600,-5.031452
41.988190,-6.678786
285.916400,3.980224
115.487300,6.522161
264.252000,-9.323824
40.044670,-8.838327
79.292660,0.054679
154.896300,7.927253
109.833000,-2.768072
14.348510,-2.559721
230.548400,-0.912428
292.948500,-2.343539
41.607560,-0.291619
206.213100,-3.827568
18.879410,-5.869977
62.674260,-9.271267
126.953600,-6.572108
119.005700,-8.372250
296.951200,-3.236912
100.358700,-2.546477
77.690410,-0.862911
70.333750,5.407137
152.620200,9.160278
72.457280,-4.224261
238.063500,-0.215266
178.328900,-8.030314
285.775200,0.471644
265.970600,8.449411
289.148900,1.853398
105.981600,6.003956
283.228300,8.859867
46.269260,-5.568463
237.924700,-0.790677
28.047950,0.151730
200.158300,-3.186855
282.386000,3.937246
278.610800,2.843823
247.308100,-6.405154
219.926500,7.816514
220.080400,-5.050128
40.910790,4.724677
288.127300,2.807986
306.028100,-5.474863
80.248300,1.482226
45.410790,-9.044979
5.444586,-4.826294
73.949160,-8.050709
287.008500,-7.977231
80.005590,3.068402
176.345400,-4.599833
151.120100,-5.540069
248.897200,6.659988
182.125500,-8.841042
52.336600,-4.897909
265.595000,-1.873943
69.090960,2.151794
201.284800,1.375213
212.027400,6.812578
119.533000,4.469002
66.913120,-2.243212
211.004300,2.264542
112.348600,-1.889890
307.386500,6.473258
189.437700,-3.386460
70.248740,-3.025856
151.402800,2.819111
154.415000,-4.716303
205.985900,-3.345970
110.411100,0.012515
302.750900,-2.363291
195.990800,-2.424609
185.594500,7.716436
39.256730,1.559244
202.861700,-2.713805
299.759100,1.136174
86.924270,8.025457
117.795800,-3.141395
5.248263,-8.578350
199.391000,-3.883770
78.974610,1.216784
310.092600,6.002613
44.496870,-2.257772
210.151500,0.664850
267.508600,-0.530350
244.987300,7.748277
266.438000,2.093095
135.418200,5.558967
36.809060,4.336728
175.818300,0.388237
72.921620,0.217352
16.420440,0.981537
31.093720,2.655639
290.111600,-6.081017
230.113200,-3.960020
221.506100,-5.041138
274.382900,4.370882
251.147700,-1.367799
87.051110,-2.830230
98.560590,0.831233
147.858500,3.163156
243.365500,3.421845
280.285200,-6.001567
310.762800,-7.860896
221.188100,-9.179506
84.951160,6.736360
80.907340,5.733737
113.670400,7.580343
226.088300,-7.481874
46.915770,7.922325
77.279590,-2.875076
187.124600,2.138026
0.996972,-1.394139
141.016500,0.270909
2.784287,2.902111
85.402310,-8.947340
266.668000,0.058171
89.183790,-4.266730
148.461100,-1.599018
125.631500,8.983805
224.575300,3.448843
33.959750,2.157644
87.182690,-7.318016
9.427907,-2.593926
301.682400,-2.612327
72.329670,4.089215
181.677700,1.970835
75.328090,-0.584635
142.616900,8.844465
164.068700,-1.781153
277.842600,0.663563
168.378500,-0.465699
181.772300,-0.458973
266.722200,6.749536
53.258210,1.100007
233.980700,0.946861
72.785300,3.846492
69.582940,-3.359540
230.418200,-5.859704
37.322350,6.096706
262.229900,2.362830
265.997400,-7.789874
148.212700,-5.875780
210.783800,-4.557859
117.126300,-3.884279
126.999400,8.507837
121.403200,-6.408254
293.556400,1.598698
205.031300,-6.281524
15.747060,2.566427
62.839460,1.612671
205.793600,-6.383171
231.748800,-6.254420
105.351200,-4.687034
240.050500,4.383397
130.090300,4.551053
118.437000,-0.413300
83.515020,-3.909556
268.507100,0.992845
6.692340,9.133959
197.135400,5.215932
98.762140,1.954860
297.027300,-7.588743
115.966500,8.518616
162.079200,0.978101
188.988200,-5.862693
26.260670,-0.777438
167.478500,3.278849
264.944300,1.310817
101.353700,3.289724
63.822860,6.153806
34.901700,6.752506
35.651530,-1.611877
299.985400,-7.006558
165.938800,-4.485055
191.892900,2.763534
163.258700,-2.188360
120.218000,-0.284502
3.687050,1.281292
167.084200,4.922439
89.902470,5.753347
255.598200,2.179619
52.274880,-8.974899
135.363900,2.126027
210.696800,-7.831180
281.050800,6.107009
253.100300,0.539486
15.467220,1.318662
203.893700,-4.732278
304.490500,-2.736618
144.138500,3.119001
105.782100,-0.372846
77.612460,-1.962299
255.346500,1.056486
292.883300,1.628905
21.477060,5.444158
135.509500,5.419402
306.900100,-3.276497
187.794700,5.579444
119.892200,-0.416335
138.265000,0.794714
174.955800,7.107851
17.278490,-5.631288
242.841900,-2.761153
199.528800,-8.979374
265.922500,-5.949611
26.921660,-6.392528
29.707750,-5.389112
204.964600,-2.294515
250.365800,4.471479
259.210400,1.113795
244.793400,-8.346958
242.687800,3.711970
109.612100,8.919945
49.158720,8.932877
103.123400,-7.634876
270.158700,-6.787222
161.465300,-5.410101
216.820200,-7.545216
171.897200,0.735992
313.197800,7.417486
113.993500,8.978141
180.450800,6.962564
122.795200,2.879570
281.891900,-1.632228
13.391560,-5.690195
123.575000,0.445692
71.949330,6.337346
32.748120,7.359035
310.815000,0.700718
170.788800,0.257258
216.027800,0.899119
11.000990,5.229441
111.790700,1.822476
21.183000,5.625262
270.841200,4.200367
151.492400,-2.048467
222.467200,-0.053479
141.195000,-1.423085
276.984900,-3.925027
268.354000,1.638797
233.658800,-4.962328
311.060900,-0.645101
152.429900,1.723831
266.037700,1.870460
103.400100,1.145652
162.891200,6.059186
214.215700,7.400035
271.367900,-4.328269
194.358100,7.021657
26.000570,-4.168945
218.897400,3.043707
149.522800,3.237520
177.291200,-4.373149
74.555190,5.081455
304.691400,-4.814715
262.848800,-0.117266
261.659000,2.552848
104.493700,8.913176
235.222000,6.660730
114.318000,-4.101034
14.656330,-3.825577
193.943300,-9.004885
220.078500,0.799788
14.999230,6.940910
254.191600,-1.912298
154.216200,-1.892891
187.609000,4.039920
150.205200,-0.418254
168.293300,-8.442789
7.488266,-1.975070
252.202900,-7.366986
260.015400,-6.396520
60.182070,3.113119
136.560400,-8.598434
103.418300,2.336008
117.207500,2.396041
243.807600,8.325693
92.094890,-6.844323
40.687890,-3.363581
206.451900,-5.778326
84.805360,3.746806
171.179000,-6.454531
66.501220,-4.498972
94.045140,8.961470
165.390700,7.582249
224.955800,-6.998644
229.943800,-6.434422
226.614800,3.066849
78.007160,-9.295752
198.706500,-5.837736
283.157300,7.909507
12.346290,4.741590
298.403400,-7.502084
174.129900,-1.649288
225.766400,-2.321844
26.067820,0.226784
30.038710,-6.040745
302.412900,3.254119
65.290120,-6.890842
295.234200,-7.946398
37.581810,-5.176043
212.668300,3.746061
240.942500,3.994512
34.837770,-4.056422
271.714600,-3.460833
92.634450,8.227062
9.208784,-5.445918
217.309800,3.223487
176.001800,-1.266965
70.441520,-7.668154
60.307720,0.811870
280.934100,-5.229203
138.485700,6.748832
309.528100,-6.080979
5.124820,5.349185
5.572768,1.628979
53.324180,6.999313
297.217700,-2.274598
230.630400,6.356646
244.521000,8.115622
202.133100,2.537946
53.208530,-5.504826
39.731770,4.731796
69.713840,0.905946
181.360400,-1.207161
160.215100,-1.622376
35.265340,-8.142424
259.972200,9.230318
100.126700,-1.042917
85.369290,-8.286848
85.403580,-6.682599
159.712100,8.337446
99.311840,4.421306
217.516000,-2.419564
260.784600,-8.872860
53.168350,4.883843
107.141500,-1.557729
153.996700,7.679994
89.546690,-5.251422
186.012800,-6.335573
151.010300,6.793612
102.204800,-2.758887
292.039700,-8.655128
25.308720,2.417309
102.823700,-1.927006
173.872500,1.591755
236.525400,-5.444426
261.062300,-2.209256
244.639000,6.633028
2.404703,-4.563767
67.261920,4.359908
91.948430,-2.604002
251.430800,-7.602250
4.746728,3.201974
119.164000,5.903757
307.024900,2.643496
39.462270,-0.209458
9.237555,0.457833
123.284200,8.567825
117.925200,9.014673
296.284000,-8.897692
192.663800,7.817758
103.550300,-3.408353
209.794800,4.060641
29.932730,7.962853
258.742600,2.957678
143.129000,-4.330931
103.931000,-2.700059
97.532400,0.087280
248.140400,6.067651
155.755100,8.213272
23.817400,5.286541
289.851400,-7.105929
134.238400,5.359713
279.244900,5.654907
206.479100,0.015782
278.644000,-8.649355
30.018710,1.434500
240.612800,-2.653976
153.990400,-7.238015
279.707800,6.692542
16.650050,1.111794
298.204400,-4.297975
3.981477,8.192105
258.157900,-3.168328
252.141100,-4.520199
90.002920,8.888494
188.488800,7.172840
119.026100,-2.557979
247.554700,-2.382765
144.625700,-1.649608
71.363350,-7.648799
164.442800,-3.936198
164.843800,-0.549570
70.387080,4.024526
310.099300,7.484468
123.241800,-3.286499
101.022200,1.408267
215.171800,7.395364
209.067000,4.893026
251.875600,5.787055
63.969810,-5.903044
199.442500,-0.753680
103.078400,-7.228735
21.262340,1.961489
256.952500,-3.143156
131.613300,8.206240
288.652300,7.681036
122.589500,-0.191361
47.670350,-0.493960
255.409700,-7.904654
243.531500,-5.466996
21.424550,-7.152655
257.920200,8.547838
91.688360,3.272788
105.852500,3.952312
28.547050,-3.836150
273.279900,5.049981
294.545900,-4.044044
191.642000,-5.249042
31.946820,-8.691492
286.089600,-1.216811
285.859000,-5.672305
3.421617,-4.185791
148.525400,-3.224269
179.281800,7.451612
49.464680,-7.591245
87.994060,7.426441
244.865500,6.150026
55.830140,-0.252429
289.498300,3.262568
44.227550,-6.329723
90.841160,8.467176
212.903700,8.788319
31.996490,2.276570
113.622400,3.622550
11.810570,1.714896
112.640600,-5.085634
75.727520,1.302626
14.696750,-0.297921
287.975000,-7.260108
193.174300,-1.690480
233.761100,-8.169491
64.247670,6.970834
177.346300,6.126998
201.503800,4.520650
227.874300,-3.608867
110.949500,-7.816700
85.740520,-9.502645
262.345300,1.049799
301.301300,-5.583516
289.419100,-3.125660
266.554900,-7.167140
25.300920,1.723243
96.415960,5.256408
50.644810,4.921374
274.631700,8.303913
113.183000,1.963134
157.121000,1.895391
49.736560,2.481739
245.631400,-1.912345
103.590900,-2.983366
117.944500,5.017261
103.089800,-8.262901
256.531400,4.314824
24.346180,-7.929492
284.276900,-0.628928
24.112280,-7.840270
158.842800,9.250925
17.234460,-6.937161
58.379640,-6.263499
290.043300,-2.570625
25.140240,-3.006416
2.654799,-4.542750
130.502600,-0.558152
96.732040,0.148502
111.898100,9.088823
170.366800,4.918355
307.043600,2.455065
142.287700,-8.747610
169.929600,-3.988062
219.565800,-8.738199
47.349310,1.141707
214.165700,2.489196
58.940550,7.995592
234.089400,-8.961494
187.854900,-7.504231
29.601400,-8.254227
99.038020,7.814439
293.709200,7.015510
175.014500,-4.346186
246.999900,2.180897
79.821880,9.031183
169.548900,-0.186816
9.908581,8.103142
290.898800,-6.562507
172.972400,-0.322805
235.269400,2.172079
66.851510,5.398270
215.885900,-6.631382
9.182177,-5.632567
30.828630,-1.939946
8.198288,-3.954170
66.749450,-1.661540
215.417300,7.272296
47.525110,-3.479722
131.410900,-5.948947
259.115200,-8.218019
280.269100,3.362113
123.859700,-4.254729
185.403700,0.772245
120.369000,-6.846543
120.868900,-6.873751
156.432000,7.061446
54.324190,2.215201
18.310750,1.765295
57.127150,8.747051
279.227800,-7.195738
245.484100,-7.045531
239.497400,3.340931
278.987000,7.370077
13.606470,-2.078678
113.953300,6.644836
224.417100,3.299609
45.033150,-7.211636
23.294040,-3.540873
197.774900,-6.049773
85.083520,9.284798
156.431700,4.409880
123.076200,-2.425885
251.707100,0.225852
63.759800,-1.719000
235.185300,1.058070
192.548500,-9.100126
12.221200,3.438756
158.415000,-8.153206
307.368800,-7.712159
6.680586,9.086559
184.223400,-7.460415
304.741600,-1.355226
301.149400,-9.443872
247.417000,-3.111777
305.335000,2.850758
161.782600,3.266987
167.200900,3.260843
142.527300,3.408143
126.521800,1.616260
145.260600,-0.532487
249.221100,8.554525
66.986890,-1.900431
229.087600,0.887955
100.377500,-9.419376
291.751200,-5.425102
146.751500,8.998819
241.573600,1.654525
38.341390,-8.692123
68.094090,0.571454
87.546640,-0.111575
39.345990,-4.051287
240.612900,1.994553
300.018000,-1.113394
202.865400,6.317601
187.229700,5.002185
117.725000,4.231146
219.153400,1.934157
160.492600,-0.333659
190.381500,4.924282
227.809400,-8.094461
205.745400,-6.720025
249.492200,6.934961
140.048100,9.128193
270.933600,-8.124939
33.257900,-0.808500
114.721400,-6.641873
305.595100,-2.257450
173.636500,-4.142788
294.340700,-7.247742
252.318100,1.611899
115.954900,-8.599390
24.166610,7.906869
68.340860,9.112099
13.470110,7.503000
118.887300,1.435472
283.209100,4.325851
19.454130,4.298286
192.181800,5.764784
5.547356,4.916593
211.493300,2.419989
306.666700,2.502741
231.783200,9.104553
104.068400,3.953759
116.790900,6.524070
8.844574,6.172056
202.483600,-0.403211
119.542500,4.766620
278.561600,-3.665226
216.579700,-0.402009
154.575300,4.320782
33.231330,-5.101521
149.070100,-3.202761
126.991900,0.256912
302.646600,1.786211
283.329000,-9.449280
198.277900,-6.211894
234.339300,-5.103013
202.373000,1.556161
255.439200,-6.488462
174.486300,-8.342260
210.226300,5.722219
307.685200,-3.777655
193.290400,7.842391
126.735500,7.345199
231.575800,-2.413966
154.272600,-1.768582
48.932280,7.598069
290.255800,-6.496715
181.118300,-6.389550
258.371500,-7.330884
171.558000,3.530240
123.917600,6.753448
212.306600,-5.786142
306.417500,4.599924
111.939800,0.428645
239.177500,2.267706
25.026800,-2.668308
272.983700,-6.245316
289.545700,7.391768
125.277600,5.870501
72.925720,8.150890
261.985900,-9.169239
259.247800,-4.081694
57.543750,2.739493
63.386070,4.619198
280.551700,-1.504844
61.969760,-2.950304
148.403700,0.624191
83.861590,-1.173216
72.702160,6.319095
38.826170,0.051924
245.561600,8.593485
88.296100,-5.493632
15.536560,-5.676636
268.755400,1.802977
198.924800,-5.066233
107.338400,7.814095
180.265500,3.185949
297.224300,-9.481697
168.862800,2.210136
136.154800,6.789018
210.123500,3.567847
148.518800,2.605585
146.727200,-7.808669
21.196880,4.726643
101.989400,6.146264
104.537500,-2.617797
14.160580,4.708235
231.742100,-2.167592
84.909920,-7.714978
260.108800,7.306766
177.825200,-7.542901
105.942000,8.511600
173.631100,-0.615236
90.346830,2.357534
295.441900,0.788338
283.377600,-7.616309
246.649000,-4.398076
243.277300,-7.889468
128.765700,-2.898588
151.402400,-3.052835
3.787991,-8.714211
305.534900,2.195168
201.507700,-2.197371
49.441430,4.216705
301.032000,5.012207
227.075800,5.098715
17.711930,3.225845
213.362600,5.894027
42.127610,7.402071
252.485600,-6.203539
185.957700,-1.590733
269.663100,7.822505
82.731570,-4.728940
121.883700,-2.391502
158.654900,-8.841681
17.014590,-9.315063
178.051200,-8.625834
275.980700,-0.735371
89.608260,-7.420277
309.905300,-4.912448
175.848600,8.317900
67.299690,-0.945666
49.776790,-7.074713
229.706100,9.193939
17.609980,-3.459607
218.552900,4.987598
142.058000,-3.113485
280.616100,1.703463
257.091100,5.770706
112.520300,-5.729220
264.423100,6.527990
152.689000,4.970212
139.942800,-3.830052
290.506900,5.906637
300.252300,-6.500585
259.435500,-4.409424
226.495500,0.268396
282.419500,-5.109428
156.057500,-2.616501
228.382200,4.699287
138.471000,-5.112177
95.482260,7.184783
246.871900,7.920093
128.339200,-6.796594
128.349200,-0.982700
28.614780,-9.067480
272.340600,-4.826773
13.206510,2.337780
29.410780,7.099096
114.855500,1.070638
234.137000,4.151490
277.993600,5.891971
110.025900,-8.153246
296.902300,-1.133791
265.425200,1.176527
67.979520,5.270034
105.146300,3.715924
135.618300,8.632757
288.225800,8.507111
3.518528,-9.207621
217.743400,-1.714477
75.418950,4.317243
289.718500,0.232627
270.839900,0.693084
1.226506,6.510784
250.732900,6.168654
107.119600,9.146280
56.995690,-2.165007
180.737300,6.888221
208.437200,-7.925728
2.817163,-4.522254
102.985600,5.524862
284.339400,8.853308
17.551350,-0.634388
163.179300,6.152651
132.132000,6.424592
215.513600,-1.116886
208.791900,-1.043210
207.933300,-3.628597
252.088200,4.956133
34.044050,2.880639
208.844300,-7.357470
15.167310,-7.405516
309.308000,4.002151
284.146900,4.794925
293.716700,0.259657
147.647000,5.856924
76.074980,2.626564
181.594400,2.662736
295.497000,6.300926
198.162100,1.697463
258.694900,-6.924418
129.599200,-4.205249
57.081210,6.057735
34.243660,8.857342
254.104800,-7.824175
114.210500,4.269075
104.574300,-6.198407
102.059300,-3.963375
288.479700,0.507636
78.301360,-4.890875
237.442900,5.091576
45.342240,4.455587
163.351000,3.172174
73.842890,0.873043
5.579933,-4.095017
217.177500,1.413982
286.467900,-9.328362
124.544400,-5.389520
58.879650,4.760252
295.180200,6.200468
24.562200,-1.173806
115.584700,-7.825699
166.315700,7.766311
44.034100,6.452294
229.108500,3.965739
142.046800,7.628861
53.108970,4.404219
78.409200,5.663052
48.550980,4.136961
237.287600,-5.356252
141.966000,0.177017
121.836200,7.269481
215.723400,-7.650782
153.837500,-2.893047
185.426100,-7.693200
21.242070,4.706201
173.672100,-0.895636
300.070800,-2.493945
261.207500,2.268703
106.371400,-4.585604
256.468600,2.739778
156.264100,-0.563653
235.875400,-9.273062
10.151480,-0.811796
305.810700,6.789825
291.748900,4.318266
214.418800,8.482412
233.153000,-4.759614
256.199300,3.554869
62.099210,-3.733250
115.996900,-7.725985
284.923500,-4.633765
174.262300,9.295956
296.539100,-4.699995
41.089420,3.229569
158.923200,-7.073819
250.947300,-4.101202
251.407200,-1.213150
85.446870,2.271054
88.977980,-1.628782
167.204500,6.525272
112.704500,8.053114
208.496400,4.051558
204.337300,-4.023353
3.771311,5.323458
19.693400,4.824314
158.021600,6.719047
61.134280,6.206377
17.109820,-2.017610
192.627800,4.822608
80.278410,-7.909152
302.540500,1.436325
283.871400,-7.381415
4.117011,8.341538
171.752300,-1.248121
300.116800,7.256580
72.328690,-3.016233
171.180500,2.740534
103.632400,-7.310532
294.735400,6.231822
133.361700,-0.016799
10.255480,5.110645
206.204900,1.578979
41.335370,2.021336
161.570600,7.443315
88.777190,6.551258
242.444600,9.234373
99.734570,-3.330366
136.308500,-3.959347
257.213100,-7.397110
161.865100,-3.840384
43.695610,3.412339
10.755260,7.383231
105.626400,0.365522
247.027400,-0.320112
198.822600,9.031153
58.257620,2.571773
0.706164,2.994046
24.454660,2.548928
288.547100,8.570049
95.151980,-7.612006
301.088900,-3.556420
264.467900,-9.484989
310.760000,-5.049631
127.803000,4.761820
140.139700,6.198789
156.888500,-0.040843
142.626000,-6.229426
191.638500,0.865955
10.097660,-1.801883
239.109400,-7.618731
163.892900,3.821431
294.377200,7.305059
72.214770,3.682573
26.441090,3.571011
26.889490,4.426098
238.456900,7.823852
269.651400,9.294926
268.575100,7.680437
84.944180,8.981812
234.876700,-2.443195
180.362800,-0.631938
296.926800,-7.521700
30.979020,-8.687717
19.452000,6.862165
92.557690,8.122561
42.841920,1.385942
206.631300,-2.370547
36.010740,-3.547544
162.184100,-3.086626
145.843000,-4.895877
228.353400,-1.027683
198.523200,5.401908
124.691900,-9.472620
268.084100,3.222513
292.964600,-2.696740
59.808050,1.223552
148.789800,-3.135603
167.745400,-8.834028
214.937900,-3.793295
155.602400,2.464495
161.443600,5.305110
290.530800,-1.887952
197.230300,-5.227587
190.672400,1.775301
211.054800,-4.579342
263.535600,-0.584835
143.698800,8.287546
106.500400,-3.147049
269.934200,-7.135941
194.268800,-3.570442
176.968000,7.705165
100.521200,1.661279
271.320200,5.241146
203.306500,0.695858
258.200800,-9.027939
95.842180,-4.505390
212.506800,-0.110936
179.786100,-3.776762
180.412300,8.467293
38.056660,6.214850
305.798000,-8.684330
235.279600,-5.782378
249.388200,6.106053
192.656300,-5.589612
203.205200,-7.354570
1.765395,3.944037
123.842200,7.785245
175.870700,4.835253
158.523600,7.021780
237.811500,1.546772
130.961100,-6.119581
81.977880,-8.152342
21.687480,-6.811415
227.450800,-5.250403
22.309070,-0.357642
18.678990,-6.307020
304.352100,7.513145
158.374700,0.581271
277.390400,0.360984
186.547700,-7.000523
70.491070,8.321461
91.761700,-8.836512
38.097820,0.625278
96.271250,-3.226251
120.668600,4.339194
249.503800,0.545029
83.367740,-4.920072
137.479200,-9.450043
170.220100,-7.657074
10.472100,3.285463
146.633600,7.770433
60.901420,-5.641466
75.573590,-0.274411
109.353600,-2.965094
137.025100,-1.714407
253.860400,-5.476005
175.999300,0.920407
174.621200,2.493757
151.917400,9.272551
42.491070,-7.048077
172.980200,-0.628246
263.411500,-4.154747
62.231010,7.412723
238.786500,8.133642
117.243000,6.063111
83.380650,5.099712
257.412500,3.283138
207.460000,-1.611013
232.494500,0.776977
103.592600,2.345919
164.522200,5.652961
174.616200,3.753459
252.481000,7.097480
246.361600,8.341284
238.094600,-6.695618
14.040650,-8.751802
309.183300,-1.893451
128.205700,5.675218
265.441300,-9.391935
171.288000,0.339581
116.893800,4.445406
309.218500,7.358209
91.010920,-3.953229
228.464200,7.356275
216.508800,4.769439
13.919960,0.563599
111.186700,-7.944585
267.157100,1.894241
44.177290,-7.479914
193.040200,-7.569752
280.501400,9.031422
172.791300,-5.251060
101.725200,-5.411393
161.380200,2.393728
113.963400,0.914357
244.427200,-9.094723
19.632090,3.464106
62.086670,0.401562
196.227300,7.977418
277.591600,-1.866712
36.013540,6.792030
234.048800,7.280414
252.106500,0.720051
214.974700,-7.995567
276.708900,2.122336
158.405700,7.558948
0.606118,-3.638597
292.547800,0.524422
122.747300,-3.232724
222.086900,-8.178402
213.964800,8.225821
166.568900,-4.694334
128.006000,-9.506870
63.257140,-4.966545
30.742650,3.985508
237.537900,-6.598456
190.312400,-6.879277
198.605800,-0.485482
258.910900,0.617994
256.400300,1.307163
167.175900,6.093756
33.362540,8.901405
140.883500,0.931257
11.265000,1.627290
158.699300,1.989137
216.691300,6.359266
299.710600,7.225444
240.621000,6.530461
121.682500,-9.025108
307.231900,-5.840247
175.876100,-3.118428
42.650550,-4.641795
296.921100,-7.483634
163.073600,-0.615006
88.859730,-6.361131
147.989500,3.071547
172.243700,6.870908
151.333100,3.772375
101.028900,-2.356468
285.482100,5.714326
311.542600,-7.264775
151.813600,4.810019
284.234900,4.047271
276.265300,6.305719
64.713940,-4.948920
118.302400,-3.037768
150.646100,-6.453300
134.388000,-2.534599
165.775500,5.485036
108.087300,7.027381
134.541100,3.838565
230.774500,3.157016
71.923440,-0.048542
154.662100,5.959403
284.124200,-6.494960
279.710400,9.136595
204.279300,3.247027
34.721120,-5.001922
39.821850,1.733933
181.441100,-9.522499
1.924625,5.667957
298.812600,0.909074
196.482500,2.954587
155.508300,-0.174370
30.679400,3.345413
217.615400,-6.410812
152.081000,2.467548
249.357000,-0.441140
301.356200,1.300973
297.237100,5.361916
294.983700,-3.312028
263.500300,8.989080
130.011000,9.086557
135.262200,6.638198
68.467210,1.213511
152.762000,3.152707
39.254380,-1.898681
212.400500,1.172607
239.955700,-3.168253
81.131470,2.950233
38.147820,-7.809851
78.131200,4.602437
61.497300,2.182976
97.728160,-9.043411
164.200600,4.370085
190.410200,-3.595072
245.396200,-4.481957
216.178200,-6.976828
270.956900,3.868057
151.077900,-6.839318
11.397810,-6.973044
287.559000,3.279736
262.421000,-0.466466
34.216820,5.631763
118.754300,2.698573
274.907900,-2.194694
202.732500,5.520754
11.492220,-8.545916
263.705500,1.399921
310.893200,-0.664760
298.260600,6.789128
17.806970,0.666875
267.381900,0.107463
22.117370,0.948591
172.917600,-5.929858
274.610300,5.947781
123.254500,-7.200711
6.070012,-2.245912
284.968600,-7.922032
0.637017,5.243151
274.849600,-4.113470
253.079700,3.240027
69.278880,3.529974
110.764400,-8.423010
25.560760,-6.869046
284.111900,-3.610604
161.535200,-3.489036
28.417640,3.252821
302.715700,9.030972
311.291900,9.234674
61.182600,2.074064
224.032300,-6.514461
290.352600,6.248021
76.272980,8.767620
302.048900,2.601114
51.604220,0.063148
301.430700,-8.984678
272.904200,8.488780
309.254300,6.601257
185.911800,-5.045627
88.475780,8.529459
115.090000,-2.372900
245.962000,4.775003
309.124600,-3.557122
98.820690,5.683138
222.531000,8.555542
215.357000,1.673121
57.288880,3.278993
275.284300,6.735065
192.937500,0.935345
13.728870,9.183527
269.678100,-9.418188
152.478600,8.377303
48.279090,2.291769
192.606200,-4.100253
27.205860,8.295811
73.532420,-7.990018
78.492750,-3.664313
117.552500,-6.561774
29.107330,5.587189
87.214520,-7.743407
24.940290,-2.112040
98.651380,0.906861
295.957500,-7.397719
37.046500,7.866130
275.548900,8.291994
121.173900,1.632841
86.600170,8.771606
109.617500,-7.316727
147.210700,0.001112
68.727090,-2.750400
13.748160,1.759962
251.940700,3.018495
1.182548,-6.506390
163.131400,4.907259
190.479800,7.565747
220.659900,-8.336111
7.695970,2.693076
60.405560,-1.243643
58.362660,8.469046
312.229000,8.551012
33.995430,-2.008229
165.502300,0.247327
20.166310,6.060363
157.047000,-6.743785
127.062900,2.122924
97.025570,1.474297
115.086500,5.491406
221.880000,2.238676
67.011570,-1.092073
66.178280,-2.509670
222.387500,-3.409500
159.728100,0.704152
49.864670,-8.171843
26.631370,0.045926
177.877300,4.690937
55.249160,-8.440090
191.391200,6.544774
55.437720,4.390907
312.875000,-9.343723
39.259150,4.847066
103.285900,3.215767
10.403810,-3.110090
151.522700,-2.449950
148.812500,-2.024168
300.110400,0.678913
295.326900,-6.821667
162.200400,5.482618
165.048000,5.083966
132.246000,7.703062
239.350800,1.547379
14.584800,8.481640
290.676200,1.470474
74.620480,4.391033
214.992300,1.931187
240.030900,4.786789
198.299900,-7.856520
155.464500,-8.975962
130.150000,1.413667
69.208240,0.394706
13.210990,-3.996005
170.683000,-2.173331
250.467400,-6.369785
292.864400,8.916845
26.527180,8.162180
141.277600,4.961428
288.798900,2.334495
7.866693,3.412820
207.117100,-6.270024
144.207900,-0.502348
285.360700,-4.678728
27.400350,1.068261
64.627140,-4.613780
120.994100,-7.965788
114.595100,8.513618
267.743300,-0.996564
224.209500,6.002573
6.765220,6.984521
53.837770,2.566312
15.047930,3.004282
310.701900,2.091340
24.288750,-4.099006
186.747500,-1.388120
131.537200,-1.717715
250.382400,5.052948
238.035000,1.728880
48.878090,8.703287
308.230200,6.313702
205.848900,1.789771
189.051500,-9.261839
209.014800,-0.861030
75.468250,-4.222044
178.136100,-4.308564
128.724500,-0.594904
34.663950,-1.289862
74.309270,-4.175230
189.393200,-7.038537
308.637900,-9.237131
150.727700,1.975887
216.935900,2.531996
228.034100,4.696355
282.503600,4.889369
107.605000,-3.962279
242.590100,-7.616486
220.174700,8.067007
110.629800,3.184066
274.373900,1.080316
8.763746,-6.630562
161.110000,-4.237581
178.205200,-3.281992
87.837520,2.831495
271.065200,7.552936
12.107720,-7.091593
8.973055,-0.459743
97.892430,6.413238
31.827370,-0.790146
105.382800,-4.592156
225.555300,2.420529
58.060550,-6.840990
213.065100,7.093656
102.558800,3.127376
56.941280,-5.671272
244.452500,-0.169297
0.990181,0.778969
17.465110,3.581037
283.591800,-5.639117
58.755310,-8.541197
294.582100,-8.836555
198.530800,5.124534
79.550250,3.663385
32.666240,9.214125
11.569280,-7.438794
255.055700,-5.554780
202.695300,-4.128171
224.323000,-7.367373
187.659500,8.707191
237.718900,2.090622
34.719410,-2.076829
58.962200,-0.765985
233.775600,-1.998385
163.161300,-7.948718
5.964705,8.127508
107.067300,4.284376
311.860800,-8.999699
267.129400,6.260002
123.269500,-5.965008
294.616100,3.378239
66.813410,0.720811
171.276100,2.614058
166.977800,8.529982
308.738500,8.825033
64.897320,7.389520
40.602470,-1.649943
310.065000,2.932532
232.309100,1.971895
91.261460,6.025492
212.656800,2.344843
42.234740,-3.993696
166.347600,3.437672
285.940700,8.672475
51.776960,4.872861
14.969980,5.923872
83.205110,0.206007
159.720800,-6.445362
251.345000,1.811909
56.444110,-5.575984
140.969500,-3.179540
179.728900,0.741041
242.428500,-5.631223
309.548000,0.865839
291.054900,-5.563756
24.429210,-6.500880
81.718450,-8.389801
310.554800,-6.246644
36.078850,-2.192471
184.053900,-4.353000
91.708290,-0.934602
273.627300,-6.388213
193.937600,-3.303118
216.409700,-1.848662
95.291050,-1.387326
3.167267,-6.712014
229.353100,-3.954073
220.897700,6.485566
71.138890,-1.891483
68.513340,3.051076
266.944400,1.920047
214.284100,0.836280
280.154000,3.136567
128.859000,0.128514
80.955410,-3.267092
59.664490,7.261028
149.836500,5.244944
241.233200,-1.792543
82.246930,3.149586
218.419100,6.849809
130.183400,7.970373
306.632600,-1.422640
227.061300,7.538749
269.059600,-7.427504
293.236000,-8.410299
195.341100,-1.242233
67.429890,-6.824950
111.362700,-5.565328
173.143900,6.362749
209.457600,-6.171363
178.519200,6.376474
164.375000,-4.980846
105.121000,-8.186840
37.829960,3.756343
175.758400,-7.333870
64.866940,3.160058
163.884100,8.027952
142.262300,-3.110619
126.712500,4.676377
176.675800,-7.161164
80.583920,6.545532
122.719700,4.217401
107.574400,-2.107479
209.869600,-7.173251
61.133090,-6.781645
195.328000,-0.900111
258.623400,1.731297
149.697000,-8.487211
231.554400,8.315332
243.635500,8.322611
92.221730,1.709147
221.593700,-3.170598
258.641400,2.433262
257.996500,-2.859273
285.790000,-3.872216
154.261900,2.731534
27.497600,8.005474
233.108200,-3.230763
26.412770,0.470987
50.073010,-9.252654
279.087700,7.208473
1.167546,-1.715375
198.407700,5.915216
57.629620,2.226348
220.362000,-1.381731
230.177600,2.512198
19.940140,-2.819418
141.377600,-5.876192
154.547700,-5.824974
131.867200,-5.751501
87.057120,2.224744
248.219100,8.886126
275.332700,-1.161116
166.281700,-2.732075
303.755200,0.417879
141.175600,-5.493695
289.812400,-8.966494
256.222100,8.221663
118.005500,-8.898565
132.213200,-1.935204
198.164300,-7.304005
120.205600,5.014995
47.331180,-8.973854
40.972390,2.762868
4.885957,1.744687
43.831930,7.306295
256.839800,-0.718131
174.243500,8.882360
174.648200,3.782660
198.301500,2.595250
265.579600,2.021878
302.147700,3.390599
209.122200,8.360001
26.554690,8.720497
54.307290,2.937374
129.379000,5.487665
148.560300,-8.116386
190.860200,-0.674300
17.039180,-6.994124
70.088430,-2.598764
69.366540,0.463595
11.995320,6.435603
95.796770,-3.217431
241.885600,-8.333656
208.898100,7.185674
105.836400,6.826839
171.157600,1.252956
218.388400,-1.788403
301.901500,-7.896187
153.567500,-4.994007
36.869660,-1.849472
51.624490,6.435837
169.404700,8.362885
66.350350,-7.005627
87.106740,-7.596589
240.144000,2.406738
188.888000,-6.200324
73.105550,2.837971
47.777740,2.141232
155.490900,2.012880
125.231100,0.688777
159.494900,-5.387319
239.308100,7.449947
298.576900,-1.407824
292.908200,2.905398
130.894900,8.894804
69.102820,2.026930
25.925380,4.137877
195.320400,8.102797
194.253800,3.688851
102.169900,-4.609559
199.573800,7.272342
27.084770,3.092511
275.626100,-3.685281
274.253800,-5.857527
205.632100,-9.112719
173.239100,2.280067
33.757230,-4.888305
121.730300,4.693950
154.321100,-7.674121
4.508388,-7.100787
306.339800,-8.386740
307.731500,6.535161
49.956250,3.498968
154.949200,3.856611
67.109830,8.196791
69.722050,-7.687968
222.616100,-5.066117
24.944330,-3.593897
219.229100,-7.899750
272.476100,-2.675441
220.192200,-3.145771
235.733600,-4.592138
79.480140,9.019047
146.951200,-2.639683
61.839860,0.863467
187.130700,-0.252394
22.317170,-0.007200
262.177900,-3.242213
20.482680,0.236852
180.893500,9.237507
23.834640,-8.724470
22.577150,1.424415
214.164200,-4.395997
258.563800,-4.159436
76.332240,-8.731024
288.569000,1.979481
28.681280,-1.178110
100.928500,4.395175
66.778750,7.241536
183.323900,1.043141
156.484000,1.163085
253.390500,1.153211
283.360700,7.625929
179.823000,2.248376
238.780600,-8.303987
306.988400,9.252245
48.672780,-0.712054
131.665900,-7.675232
93.918630,0.834772
136.126100,0.844819
115.825500,-2.315367
134.202000,-8.863697
110.533600,-5.683704
202.663900,-5.853323
260.966800,6.669252
169.834800,7.051109
83.960620,8.866179
17.498440,-7.364851
103.689900,-8.118261
97.220060,-4.043891
9.333421,-7.677958
255.654800,2.768890
159.548200,7.167691
110.974600,4.049272
248.562800,6.123092
103.044900,-6.320535
9.822418,-2.222705
200.569800,-4.873891
205.708500,7.364854
103.652400,4.204609
168.090200,-8.027264
302.367100,-4.855091
111.807700,-7.942344
135.993000,-1.559331
225.094300,9.161304
197.716400,-5.966955
86.684660,2.734895
172.779300,6.710157
28.865510,0.422944
250.833700,-8.812422
22.498520,-6.735309
141.387300,-0.249736
108.276700,-9.125053
196.246400,-7.977839
242.784000,3.525256
194.374100,6.774534
221.825200,4.276447
206.966200,-5.379801
185.813000,8.122248
159.075400,0.603698
291.817200,-3.298804
174.090300,7.670087
108.352000,-8.074089
243.936000,-5.736985
261.143300,7.747365
162.968100,-6.415456
2.803803,-4.262818
99.444580,7.433742
249.641800,-4.070516
125.138200,-3.723217
49.625360,2.889826
51.192580,0.292591
64.786570,9.105701
143.503600,-7.065831
87.079400,-0.848011
229.439800,7.929773
79.326610,0.632868
164.224500,-4.166664
4.649855,0.823650
77.614590,-5.407756
234.989400,3.378588
274.976600,-7.980098
128.387400,-3.454839
156.429100,8.224855
151.806100,-0.913405
217.111400,8.456106
83.641900,-1.894225
8.646199,4.519530
4.792852,8.215349
119.356000,5.032158
6.264916,0.139771
220.048200,-3.865308
260.441700,1.248526
81.831530,5.439581
284.722600,-8.390837
122.794200,-7.836398
66.190830,-4.766882
5.586874,-8.289909
158.394100,3.491365
280.970700,7.687034
176.651900,2.900038
67.005000,4.798161
137.708800,6.083131
128.650800,1.572978
7.962447,5.174364
249.114700,7.034400
39.793190,-5.478923
313.444200,-6.743353
301.082000,-9.316944
115.865900,-6.087263
192.744600,-6.093466
81.800850,-9.435833
125.865900,-8.852448
49.355080,8.694064
213.979800,5.767572
42.190330,-7.189585
273.692000,8.210459
205.357800,-9.366800
251.621200,-1.327896
224.454500,6.776514
89.426610,3.283210
96.657360,5.310547
9.407196,-2.503786
20.446260,-0.127200
51.935550,6.324941
122.644300,-0.858539
215.926400,4.891255
124.079600,-2.596552
264.996900,-7.632797
35.352550,-6.818098
230.562900,0.533030
48.186060,9.097750
89.540200,0.817039
140.648300,8.831724
45.323650,-9.131212
65.586670,3.713617
210.118700,-0.435654
294.272200,-1.923258
231.869100,-7.415598
131.292300,-6.800563
171.628500,4.041172
300.376300,1.374698
296.245000,6.512687
73.014020,-4.319497
111.633900,7.791469
25.433280,8.129837
8.526226,6.427498
177.052300,0.109200
185.273500,0.317623
59.633520,3.250245
209.955100,-0.045733
218.262000,8.367353
231.671200,3.993466
205.090000,-9.295166
303.806600,0.580923
95.148470,6.716117
101.240400,-5.606974
178.985000,6.415071
12.246500,-1.467679
240.298600,-0.414607
101.710500,-0.484156
291.367800,-5.898319
183.669500,-2.003221
298.954700,-1.585769
75.721890,3.279851
254.613200,3.045127
260.998000,4.563655
152.005600,-0.508513
6.831083,4.405589
167.258200,-2.357825
35.815280,-6.175124
25.746000,-2.165540
293.806800,-9.326546
161.075600,-6.605166
107.613600,-7.774915
46.934840,-6.237416
84.224230,-7.839848
307.900300,-1.087127
98.712500,2.198069
38.778250,-1.553301
197.992100,8.775269
277.664300,-0.090317
208.561900,-6.469223
42.853190,-9.025587
294.000300,-8.416931
158.257100,-1.197099
94.218090,-4.563135
91.787410,7.483247
182.929900,-8.643025
114.779800,-8.272064
103.500800,-2.148781
166.397400,-6.412444
202.535700,-5.958783
19.311200,9.246202
175.683800,8.406412
103.910100,0.462869
128.990500,4.498188
139.287400,0.142616
235.190700,5.562801
221.525600,-9.504419
302.402800,3.001183
121.139600,1.379554
278.107100,-3.427049
111.901900,-1.017186
38.984020,-8.275269
55.995110,4.403323
30.328330,9.240072
301.100200,4.827857
118.130300,6.568883
193.092400,8.447035
114.138200,2.889542
142.762000,5.862851
79.042190,7.790942
305.656800,5.790005
303.791000,1.127419
195.648700,1.415926
142.763300,2.140688
139.955800,3.558617
41.072730,-5.810526
196.382900,6.364871
211.344900,-7.609520
189.003600,3.454741
88.961230,9.013849
261.054900,7.247779
169.624300,-0.646424
21.679690,6.118345
201.444400,-2.562984
95.013690,-6.262846
142.577900,5.421871
92.879390,-0.150259
170.391500,-0.682870
22.204170,4.892027
307.173800,-3.942758
157.196600,-2.578556
152.054300,-0.062966
260.951000,1.717339
109.029000,-7.765154
195.730200,6.713460
161.333900,5.549478
200.742400,4.390797
159.122700,-3.217652
231.367300,6.948092
214.404000,-7.132683
174.750800,-7.299115
233.251400,5.275540
141.612700,7.639799
8.667133,-3.773098
299.978200,3.566367
37.517880,7.861423
219.364700,5.415498
143.143300,-4.210112
105.253500,-7.736900
176.622100,8.584804
301.247000,1.562432
75.181470,-2.385085
219.381200,-3.269545
159.362800,5.116101
294.306000,-5.648688
149.741100,2.152386
170.428300,-0.604611
290.757700,5.490513
67.277520,-3.771992
127.583300,-7.053373
135.437900,-5.805432
124.584500,4.549426
14.684130,6.549453
52.381530,-3.426313
238.956300,-5.348364
134.679500,2.533619
290.145000,-7.295096
55.925520,7.104156
237.215500,-8.085342
168.054500,6.347932
283.589800,6.087656
257.604900,-8.034639
71.026080,-5.268795
255.498600,0.316246
98.017030,0.979190
95.691120,4.314925
122.371800,-8.811411
256.902300,-9.320406
177.344600,0.447703
45.710410,-4.827980
182.622500,-0.766383
65.413440,-2.736780
271.852500,1.109083
178.206800,1.666805
118.289700,7.581995
298.724300,-3.933958
58.924020,-3.704902
265.868800,-1.889775
270.532100,7.145202
26.009450,-5.323829
14.452730,0.575565
137.194600,-3.603518
103.192500,-0.533379
31.817670,-9.236135
34.417250,8.753176
94.486550,6.187298
174.254500,-3.401616
18.370640,-2.419920
62.868340,-8.647539
5.194005,-9.011694
29.609420,-1.799896
212.610400,-6.518834
11.906850,6.007370
37.520530,-5.622664
1.191839,6.527267
25.120610,-6.535479
287.685900,3.762921
73.693360,6.683794
52.327830,2.108676
90.703730,-7.456876
79.390310,-4.988553
84.283710,-6.868521
297.424600,0.181515
91.059650,-8.372744
146.522500,0.976573
288.839300,6.959383
14.199910,-4.819026
8.203102,-5.106820
203.994300,8.604361
269.390600,8.521494
160.351600,-5.140704
276.123400,9.156397
105.802600,-5.811341
309.175000,5.894903
251.091800,-8.753168
121.287000,3.189968
128.127200,0.358731
255.498900,-0.842638
37.141250,-6.081458
172.608100,8.479786
149.329400,-2.170969
120.175700,4.722602
185.172200,-6.427742
283.298500,-5.316593
101.502600,1.674870
5.932612,-5.604825
244.972100,-8.944561
30.591560,-3.517213
273.266800,-0.068668
144.588400,-8.840710
9.919216,4.909780
177.673200,1.210410
136.579400,-3.171041
77.202230,-1.135112
237.245000,2.963981
220.923600,3.216294
191.862000,1.616060
217.836200,-3.829010
161.484400,5.781770
23.001960,-0.960283
208.009200,-3.356847
188.817500,4.083747
79.214070,-9.523924
41.757500,-6.008354
97.462170,0.258813
273.350000,8.890200
131.763400,7.721242
78.734010,8.414042
131.369000,7.721820
183.133600,-4.454799
271.769500,-1.279392
83.452300,-5.421299
112.735400,9.199602
44.240390,-5.613333
133.424100,0.707128
280.004400,8.520166
267.387400,8.254553
60.409400,8.706919
88.369320,7.371452
63.240280,-7.524731
299.090200,9.124371
224.256900,-7.923743
282.731800,-0.868829
191.297100,-5.287005
61.465160,0.372115
294.026400,-4.439425
296.733800,-2.888205
288.413200,4.910711
119.585300,-1.611541
289.006900,6.892932
90.287870,7.719575
57.265300,3.020918
49.595430,-3.990788
69.691120,-1.336148
275.581100,8.537621
135.894100,-2.253125
61.495800,2.549594
31.705980,-3.674139
158.929800,-4.396429
221.695200,0.447602
179.940400,-3.972697
4.712248,8.062603
217.883900,8.371748
205.735100,-1.069307
247.780900,-1.116679
296.693400,-4.633350
98.428890,3.311408
178.864400,0.012065
56.968370,4.947281
39.472750,1.818372
213.632000,7.219690
205.250500,5.057618
38.153310,-6.771729
147.234500,-7.879626
111.932800,7.355510
32.444140,-0.341648
212.229300,-2.095426
175.829900,-6.372642
81.868020,5.197990
22.714580,-3.030307
248.766200,-3.345205
51.401700,-1.459478
140.386100,3.621981
93.728160,4.865370
84.285690,-3.613819
5.393275,0.411232
56.176620,4.158784
169.465300,0.170622
214.002300,-9.474510
126.824600,8.037531
188.951200,-8.707222
206.123700,-2.027152
287.841300,-6.493989
165.269600,-4.359622
16.881150,-8.728594
146.628300,-8.054037
9.176281,-3.912033
12.780650,-1.546047
190.739800,-9.033403
234.297700,3.583197
211.080700,-1.113243
288.837600,5.545293
222.625900,1.175435
91.232200,-0.289139
162.253400,-3.290594
176.857600,-9.264479
242.125500,2.643854
166.538300,-3.825107
244.672100,-2.006526
201.067600,7.095815
76.199100,7.965141
134.026800,-0.895588
299.799200,-4.319687
143.642800,-2.339339
156.517300,3.486370
123.131900,1.883054
73.986000,8.113216
261.963400,8.899458
87.800950,1.476660
299.356400,3.427651
306.024200,-9.181580
154.110300,2.329235
63.622170,-2.692294
2.232897,4.275666
265.845400,-1.908482
101.162700,5.497857
26.413220,7.683380
11.108800,6.386952
158.110700,-5.778586
72.622520,-2.025190
157.966600,-7.829493
239.155700,-8.834543
256.295900,-4.890423
62.170780,5.241560
100.420900,2.583730
306.605200,6.807263
286.350600,-6.827037
202.784500,8.378899
188.562900,2.123477
285.530200,-1.222797
221.144500,2.344476
75.247630,0.905601
160.750900,1.169340
179.466000,7.895103
229.318900,-3.174104
20.597920,4.205840
194.434800,2.642107
80.194150,9.092203
308.003400,-5.259081
22.519200,-2.814283
200.022500,-2.711816
32.853690,-1.741503
193.541300,8.942917
37.840750,5.020006
296.036200,3.676489
224.345000,-4.312233
53.566700,-7.638296
180.438400,5.999969
146.423900,9.105227
291.996100,-3.772340
293.142800,0.445543
290.383200,-4.307008
237.821400,-1.227314
57.890610,-4.257490
240.573800,7.955698
217.864500,-3.280111
162.791600,5.446810
97.960910,-9.105629
169.611100,8.323862
19.536780,6.254217
257.448900,-7.966037
265.426400,-2.999341
8.708219,2.687723
219.888500,2.175913
126.028900,6.070434
35.174100,0.226372
259.915100,-4.466205
220.595300,7.141593
99.370570,2.560246
276.347000,-2.568892
141.055300,-3.858187
80.294160,4.042814
280.474900,-0.917563
125.658100,2.733795
226.347800,-5.433679
106.173700,7.746557
1.855776,5.374865
3.080655,-3.169019
222.528900,-8.846039
194.992000,1.741726
128.882900,0.166048
33.670620,5.579573
30.665330,-6.830412
114.606500,8.515501
19.032780,0.628734
72.547370,0.386477
202.993600,1.931482
66.809650,-0.695218
282.779200,5.659166
59.525940,-3.819146
11.500990,-1.983845
286.397200,-8.445683
298.400100,8.421238
65.182650,0.613726
302.149900,-0.347438
206.932800,-2.414664
60.556500,-4.167195
194.811000,-5.654219
306.679800,0.677637
96.450260,7.233972
62.291880,4.956138
16.920810,4.325878
132.298300,-7.268166
146.195900,6.670471
45.160130,5.057661
97.284620,-0.528923
175.694500,-9.033234
277.926800,5.921771
83.227020,4.404914
45.373210,5.851076
57.830970,7.465322
309.183500,5.946249
99.682470,-0.775274
45.439710,-4.933903
133.279300,-1.091748
270.459900,-0.969647
5.551834,5.413269
34.736010,-8.651798
91.192690,-2.888313
210.688200,2.895642
59.856480,5.914731
212.677200,-8.384026
171.951600,6.558094
167.279000,4.075798
257.065300,5.038596
295.754000,7.133641
188.902000,1.979377
144.977800,3.162519
276.056600,-7.614436
189.369300,6.829931
182.426300,8.871208
77.047490,-7.579362
232.497000,9.054634
54.833410,6.757291
34.710300,1.475591
21.861270,0.894034
42.624920,-5.555999
240.920800,-2.347297
149.417900,-0.883960
177.674400,-9.295988
97.775780,4.350298
4.937342,8.593889
36.085600,-8.453836
272.820000,-9.247112
79.514950,8.782136
112.559100,-8.581099
181.121100,-7.492575
228.777500,-4.489230
215.852000,-3.516617
244.680000,2.674525
100.892400,-3.762829
204.055400,6.281166
294.212300,5.262063
5.156091,-8.402943
47.155230,8.147861
304.919400,1.685627
153.144900,-6.317342
130.465900,3.896507
182.770000,-6.329968
208.953500,1.548335
257.809000,9.332167
160.970200,-9.349478
200.781600,8.072031
274.960800,1.104599
240.602600,2.871202
40.315620,-2.232245
268.445000,5.678877
117.061300,-1.761441
289.429500,-3.923713
245.271600,-0.087549
45.001760,8.095281
157.071200,-2.860590
286.629500,6.108071
79.603240,3.227417
302.392100,2.124820
165.778200,-6.062161
51.414950,-3.005253
87.170820,-6.800320
90.204580,7.290367
3.746607,-8.148771
46.256200,2.847340
211.439200,-6.591980
168.262400,6.031481
273.445100,-6.803788
23.587530,9.037615
252.142800,-4.669295
66.603550,3.034981
236.042800,3.971373
75.549820,-3.651852
37.597520,2.544140
192.882100,1.951494
91.980220,-0.995473
223.674200,-5.106604
75.019740,-3.306535
158.637200,-5.360650
209.409600,-1.525601
300.347500,-7.188359
311.969300,-7.234459
51.717250,-1.014833
4.555070,-5.117350
63.262290,4.280368
118.704000,3.828618
255.352100,-6.059493
10.463590,7.266160
46.155330,3.394505
115.657100,2.205917
292.138600,-0.719103
159.467500,-3.456092
46.931890,-9.509626
255.763500,4.941474
243.328000,-8.589869
94.662270,-1.475048
264.411400,3.887907
150.279000,-7.983588
121.925500,-7.020834
22.038190,0.252277
14.566250,8.776522
96.806110,-2.008906
50.883600,-5.709095
130.164200,-6.033224
57.988410,7.463073
278.627000,-5.529219
215.154400,2.915960
154.152300,-1.654979
91.652160,7.464098
5.851336,6.390411
116.933100,-1.378397
33.968190,-7.585352
103.699000,3.514786
32.996940,-1.202346
261.969900,7.742212
243.577900,8.939360
104.777000,8.876431
124.669800,7.925567
113.587800,-0.037988
240.655600,4.829860
246.982100,-1.849231
259.428500,1.464271
34.446990,0.869671
176.448300,-8.183992
262.946800,-3.415603
259.669200,-0.115273
125.157600,-0.670060
177.855100,2.657363
29.343020,-9.096460
178.385800,7.490646
263.528800,-8.110218
293.250800,9.219677
30.959830,4.062088
124.631700,1.752460
256.054200,2.174286
240.405900,-1.006053
125.650600,-9.061403
66.724190,8.493578
310.658800,-6.463196
25.027580,6.045891
165.626200,6.758918
221.418000,0.339824
95.043840,-3.738234
36.267110,-7.726618
140.612600,8.438417
235.344100,0.363589
191.684500,-4.049428
211.433600,3.785662
255.255400,1.499151
186.209800,9.280983
94.272160,4.677160
251.950800,-2.179035
104.674200,3.719825
181.253300,-8.871874
97.980020,8.786072
52.661920,1.092039
269.397800,-4.830315
308.489000,6.534944
123.924900,-2.140177
89.429440,7.327065
58.781390,8.157703
16.694080,-6.239501
90.515990,-3.989885
99.300090,-7.052556
220.214800,-1.808241
169.186300,9.337442
186.021700,3.102112
99.306430,7.637170
112.209400,-1.250835
41.597410,6.221242
62.009050,0.237663
102.349800,-9.006512
245.452500,-4.256634
164.258300,-7.810074
203.303900,-7.081978
101.705800,-7.566150
99.232850,2.279266
38.463680,5.157824
189.521600,-6.759932
203.193700,4.428789
166.342500,-9.212854
263.500800,0.809337
56.066350,4.906515
9.457050,2.384546
124.981600,8.303818
4.916407,-1.534648
134.476100,-1.447872
59.608440,0.905253
87.371060,0.662354
302.039600,9.325809
168.362700,-8.160955
29.908740,-2.193568
218.879400,0.416616
300.509200,5.276870
294.638100,1.445406
117.297200,7.992015
189.011100,-2.961849
217.348200,-7.589901
101.919900,-9.291288
192.277800,3.823798
91.849720,-5.213236
137.097500,4.527841
167.448400,4.275565
124.293100,-0.541783
199.503800,2.549923
145.964300,7.596506
236.543000,1.447776
8.334829,-6.656404
91.973580,-1.625152
209.405300,6.882364
198.155300,7.420231
29.830930,-5.378649
112.351500,-2.675102
289.295900,-6.886643
109.408400,-4.700623
300.201900,2.634176
138.559300,-7.668860
36.029700,8.580767
150.683700,-5.292679
180.443200,-7.860589
305.701400,-2.374068
108.299500,-1.407369
228.373500,-7.871330
6.401793,-6.882853
227.200400,6.085996
284.876300,5.971169
194.166700,4.913841
167.883400,8.457764
109.624500,-5.061146
291.004300,5.468458
71.293830,-3.665453
306.225800,-2.658865
213.255500,0.329501
252.046700,-0.798962
63.187180,-0.915191
112.650400,-0.968178
70.036560,-9.032259
222.457100,8.430815
208.143100,4.022550
307.483200,-0.660554
252.991800,-7.672247
112.234900,-1.928759
298.488300,7.370681
172.683400,-9.345211
157.567800,4.645429
114.713600,-0.378176
58.626420,-0.280148
37.751560,-2.736697
206.358900,-2.502639
98.736570,1.540984
252.541200,7.924840
104.927800,7.529847
134.544400,4.372241
23.327470,-4.324980
35.236200,-5.072682
290.547200,-4.878239
41.997330,2.963248
127.568500,-4.367176
145.310600,-5.325181
74.309430,-1.882055
77.700490,-8.484180
102.877200,-7.969718
34.335080,-4.585598
48.115460,7.419455
301.042500,6.351867
18.655360,1.227113
56.900080,-3.244688
75.619420,-6.263487
262.096400,-0.391508
231.971100,-6.126995
60.840040,-1.941888
240.402700,-0.392664
39.264370,-5.335181
231.022400,1.762262
55.274490,-0.062583
175.349900,-4.480216
87.375210,8.256322
155.571100,-1.395473
46.737170,-4.657223
44.301030,6.846583
238.031100,-1.608576
166.243000,3.527137
212.665500,7.582708
244.495000,-6.399735
285.847400,-0.476772
90.726560,-3.505011
7.540248,6.428968
189.591000,5.177492
61.656780,-6.536363
50.611680,-2.552842
244.899300,2.422565
255.717100,-1.458857
183.316700,5.461845
132.249300,1.523099
153.120100,-6.473823
113.924700,5.318602
303.423200,0.539695
2.377574,-3.743484
156.573700,7.928701
20.116230,-4.093610
275.064200,-5.997049
34.007060,3.544588
45.417620,4.956198
152.442600,-1.669046
157.916400,3.221631
