156.627600,0.071045
156.394500,1.165867
156.780800,-1.037679
157.967600,0.919379
155.533100,-0.167034
158.376600,-0.396122
155.273800,0.922055
155.374200,-1.275296
156.231500,-2.013468
153.504000,-1.747940
153.996900,-0.742256
154.891700,-2.285555
154.324100,0.328796
153.304900,0.793340
152.801200,-0.312961
153.972200,1.692945
152.758100,1.787796
154.086800,3.597672
153.444000,2.680480
154.795600,2.730629
156.289700,4.048204
154.855300,4.412502
156.227100,2.930090
157.946800,2.698975
157.794600,4.225703
159.532800,3.310255
156.992700,2.112504
158.934700,2.024739
160.355400,2.550601
160.322800,1.243150
159.687900,0.320385
160.956300,-1.149348
159.895600,-0.780283
161.410900,0.977167
158.939800,-1.363997
159.870800,-3.118479
157.666100,-2.553187
159.861000,-1.998818
157.823600,-1.444757
158.722300,-2.926154
157.244700,-3.590341
159.329300,-4.098532
158.341200,-4.625648
158.286200,-5.744363
157.313600,-5.070907
159.362600,-6.279942
160.405400,-4.409165
159.153600,-7.380121
161.458000,-6.371002
162.502600,-7.800296
161.397300,-7.981470
162.667700,-6.678897
160.255700,-7.114604
162.778000,-5.422175
161.522900,-4.523985
162.711300,-3.742142
161.947400,-2.922972
163.040200,-1.952615
160.935200,-2.311713
163.777900,-2.795326
164.784400,-2.067483
164.077300,-4.396098
164.815200,-3.525198
164.222500,-1.098582
163.809600,0.185128
165.016000,0.238941
162.608300,-0.909368
165.805800,-0.722621
165.890300,-1.890698
167.012300,-0.995624
166.121300,-3.326803
166.976700,-2.603732
167.760800,-3.720103
168.912800,-2.998428
168.313800,-0.835586
168.894000,-1.817568
169.686400,-0.808267
168.982400,0.063011
171.099200,-1.654705
170.317000,-3.250476
169.182500,-4.454338
171.307700,-3.786838
171.798500,-2.558626
171.288000,-4.906117
170.206000,-5.194342
170.759400,-6.748559
169.610200,-6.336305
171.956100,-5.804421
168.417100,-5.272100
166.571300,-4.880023
168.665900,-6.936929
166.700400,-5.992352
165.133600,-6.165110
166.949500,-7.210215
167.792200,-6.238078
165.470300,-4.674381
165.499100,-7.346313
165.404300,-9.219233
163.835600,-7.749055
163.959800,-6.639491
166.267300,-8.416377
168.043400,-7.867293
167.158300,-9.428168
164.411000,-8.706146
162.823100,-9.365977
161.414900,-9.267817
159.696100,-9.173461
158.798100,-8.503993
157.860400,-9.121364
157.836100,-7.930181
156.398200,-8.064178
154.488300,-8.655959
155.285000,-6.578494
156.366800,-6.867126
156.744000,-9.211412
155.509000,-9.248539
155.104400,-7.720574
153.166800,-7.289659
154.401200,-5.890794
153.201700,-8.408569
151.508600,-7.972022
151.705900,-9.076840
149.966500,-9.386023
150.362800,-8.338447
153.653400,-9.432767
148.565300,-9.042893
149.855200,-6.979343
150.972700,-6.865553
149.081000,-8.047094
147.966400,-7.937755
148.769200,-6.704913
147.601900,-5.938086
150.110800,-5.424541
149.002700,-5.262584
148.109000,-4.390474
149.701900,-3.790040
150.696800,-4.304659
151.538700,-3.085104
151.214600,-5.611783
152.246400,-4.233336
153.355200,-4.077033
152.871800,-3.067442
153.298900,-5.420258
154.220800,-4.786223
152.082900,-7.010749
154.722100,-3.785394
155.339600,-4.764815
156.304700,-4.197992
155.629000,-3.128592
153.984700,-2.942423
152.423300,-2.041583
151.305100,-1.978159
149.742200,-2.641407
149.783400,-1.222344
151.787000,-0.788421
150.692900,-0.548978
149.879300,1.120631
150.858000,0.558741
148.964200,-0.348793
151.953100,0.937211
151.320400,2.694591
150.850300,1.678537
150.046400,3.250472
149.251200,2.387770
148.320300,1.764976
147.301500,2.230453
148.314300,3.023219
148.766400,4.164686
148.818400,0.761770
147.757000,0.288962
145.887300,-0.258316
147.669100,-1.470543
146.769200,0.816936
145.010700,0.585849
145.431700,1.633237
146.276400,2.681821
146.565900,3.885561
145.145800,2.863114
145.503100,4.237632
144.474800,5.095157
145.771900,5.684260
144.118000,3.470460
146.823500,5.111258
148.097800,5.319607
147.647100,4.174569
147.443100,6.228488
148.558100,6.402301
147.045200,7.378074
149.217400,5.352853
148.450300,7.837056
146.118300,6.749347
146.063400,8.555804
144.377800,6.311909
145.152600,7.316150
145.366700,9.432801
144.035000,7.389352
143.795300,8.483480
142.913000,7.794296
141.964700,8.390370
143.201100,9.432598
143.177500,6.668911
142.311100,5.911637
142.229000,4.795498
142.111600,7.012728
141.149400,6.081865
140.958600,4.687432
140.103700,5.680439
140.141200,7.151514
139.278500,6.437737
138.474900,7.561336
138.981500,4.983046
139.339000,8.273920
138.159700,6.486739
136.832700,6.464283
137.785300,4.487900
137.360200,7.452297
137.821400,8.472930
135.740100,6.710138
136.267300,7.698383
136.307500,8.817731
134.963200,7.800276
134.369200,8.749975
132.491100,8.908586
133.595500,7.408558
135.318800,9.344119
137.243700,9.432499
138.785900,9.305467
139.898500,9.432824
133.253900,6.139064
132.339400,6.785735
134.665800,6.393531
132.066500,7.872090
131.397100,9.149104
130.774100,7.501761
133.481100,9.432461
131.145900,6.381178
129.683900,6.541160
130.940000,5.139197
129.859500,5.434235
132.045500,5.362555
130.744800,4.036200
132.908800,3.858801
134.116100,5.417650
133.092200,4.963793
133.957700,4.252164
133.426400,2.865431
133.988800,1.399074
134.844900,3.568429
134.821200,2.322202
131.882000,2.555302
132.876100,1.527919
130.976800,0.634493
132.544300,-0.297990
133.660000,-0.396767
133.721800,-1.713083
135.099000,0.074091
134.848200,-1.617220
132.263300,-1.528538
131.729400,-3.099317
130.914500,-0.483368
132.836000,-2.930568
130.722600,-2.615008
131.144600,-1.578809
129.607200,-2.572712
129.520100,-0.447504
128.361500,0.407900
129.717300,0.654714
128.431500,-0.708008
127.760300,-1.619281
130.029000,-1.445149
127.247300,0.522249
128.871700,-1.734218
126.317500,-0.102262
126.061800,0.987095
126.455800,-2.361485
124.559200,0.812980
125.339200,-2.410599
124.225500,-0.648761
124.221000,-2.437864
123.382600,-1.382670
123.551300,0.324584
122.360600,0.214921
123.579100,1.718220
124.685300,1.941914
122.103700,1.544388
122.369800,-0.905099
122.585000,-2.166543
121.567600,-1.702740
121.266200,0.452327
121.159300,-0.661460
120.047400,-0.789693
121.084700,-2.712525
120.497500,1.266022
119.205000,-1.526811
119.355600,-2.636158
118.413400,-0.567362
118.097500,-1.692369
118.168500,-2.810166
120.188900,-3.384054
119.651800,-4.622901
121.858300,-4.422627
119.013700,-3.702391
122.028500,-3.315533
120.831300,-5.474765
122.386700,-5.590584
121.475700,-6.945340
120.438200,-6.523440
119.084600,-5.588685
119.329400,-6.681315
117.514200,-6.712305
119.948900,-8.140081
117.959100,-5.684308
118.787300,-7.661127
117.602400,-8.007777
119.665900,-9.225918
117.581700,-9.132329
118.642100,-8.771624
116.207800,-8.069770
116.083800,-9.247505
115.096100,-7.933369
114.806900,-9.052180
113.748800,-7.618656
113.527700,-8.716695
111.931200,-9.077644
112.479900,-7.276500
111.165200,-5.987431
110.807400,-7.285193
110.890400,-8.401585
113.525500,-5.787644
112.269300,-6.176370
111.562200,-4.910470
112.695300,-4.789057
112.406300,-3.336551
114.296100,-4.962382
113.645800,-2.983134
114.855000,-3.152097
113.762500,-1.681868
114.976800,-2.038662
111.988200,-2.243456
110.498800,-3.090682
110.801400,-1.020574
112.687100,-1.368156
111.379100,-3.783339
110.253800,-1.997675
109.064700,-3.324368
109.078600,-2.206870
109.422800,-1.142560
108.291800,-1.216903
109.847900,-0.082038
107.961700,-2.287908
108.249400,0.244877
107.408200,-0.494684
107.411600,1.486965
108.321000,2.163523
106.828100,0.524955
109.535100,1.411481
110.728800,1.098098
110.014500,2.798243
111.057100,2.297840
112.175600,2.358601
112.431700,3.632999
110.420900,3.841825
111.773200,0.693256
113.654900,1.487385
113.245200,-0.396970
111.751100,-0.426654
114.651000,-0.894168
114.236500,0.506424
114.749900,1.722833
115.751800,1.052490
116.362900,-0.137535
116.863800,1.186580
116.356100,2.348624
115.293300,2.702377
117.469500,0.035770
119.102900,1.167885
117.140600,-1.110501
119.332800,0.072187
116.577600,-2.079054
115.918000,-1.165540
117.179000,-3.334952
116.060700,-3.399007
115.514100,-5.365002
117.350600,-4.441788
115.146500,-4.233509
116.232800,-4.505895
116.205200,-6.360833
114.760000,-6.403745
118.594200,2.967070
117.456300,2.136890
120.551100,2.384411
119.441400,2.235139
120.398100,3.493602
119.325300,3.815345
121.436900,3.069548
120.765300,4.551498
122.339200,3.879102
121.836300,4.879489
122.859600,2.887408
124.535500,3.780428
123.976900,2.809562
123.447100,4.044726
123.624400,6.113475
124.262000,4.887828
122.366400,6.215931
122.592400,7.329901
121.443300,7.957528
121.018100,6.921971
123.753300,7.334245
121.234600,5.823539
118.903000,6.190921
119.761000,7.698829
119.545000,8.797579
120.163600,5.495940
120.664300,8.762012
118.699800,7.292137
118.335100,8.350805
117.150200,8.761030
117.191600,7.353163
115.525500,8.283108
117.797100,6.410899
115.991700,5.900280
115.008000,7.099859
116.980900,5.374813
118.048100,4.238208
115.495700,4.192452
118.161600,5.351995
116.450200,3.607275
114.055200,3.533933
114.580300,4.837237
114.871800,5.918698
113.508500,6.451366
113.251300,4.965826
111.559200,5.358116
112.501200,5.962657
112.832700,7.865594
112.052900,6.989137
111.110400,6.383690
109.779000,5.954614
109.922300,4.844329
110.880100,8.116177
110.035300,7.044691
108.423100,7.603368
108.453500,5.936755
109.682300,8.333748
110.573700,9.384880
108.758600,9.433802
106.865000,8.690044
105.962300,7.205967
105.522700,9.433876
107.066700,7.584498
105.623100,8.320762
107.981600,8.631085
104.303000,7.208544
104.403800,9.434447
104.503000,8.321818
102.797900,8.023869
103.326500,9.132950
102.114000,9.335247
101.344600,7.672070
100.847400,8.835257
99.879300,9.398670
99.746860,7.407813
98.500680,5.960677
98.345270,7.071010
100.714000,6.579042
99.183720,8.520777
99.642700,6.254698
98.120740,8.168162
97.328000,6.606083
97.028140,8.819098
97.102600,7.701947
98.050700,9.285923
96.072530,8.141191
95.500950,6.345176
94.950220,8.313718
94.002460,8.935894
93.661580,7.869192
94.569080,6.983202
95.006380,9.432459
94.631100,4.732662
93.391370,6.782571
92.823370,5.817747
95.659570,5.162087
96.628800,4.603149
95.042400,3.318769
96.348120,3.518767
96.602900,5.756458
97.613950,5.276650
97.433800,3.824922
99.331850,4.817861
98.693450,2.922681
100.414000,4.134620
100.596000,5.239831
99.776360,3.213788
101.360800,3.254179
100.834000,2.094648
98.273440,1.884296
99.486520,2.131912
99.792200,0.084662
98.972760,0.912681
101.041600,0.628249
100.936500,-0.682145
102.688500,0.689426
102.174900,2.484866
102.784700,-0.776879
99.871830,-1.032586
98.645820,-1.820191
98.752750,-0.343384
99.823460,-2.409102
101.834200,-1.486690
102.593500,-2.951038
102.940300,-1.886030
104.225700,-2.632252
104.246500,-1.512309
101.531500,-2.594958
101.636100,-3.721985
100.511100,-3.454679
100.755200,-1.787482
102.864900,-4.037755
101.744900,-5.349530
103.584900,-5.403290
104.294600,-4.175115
105.065500,-5.889224
106.088600,-3.909509
105.637500,-4.931156
105.254900,-3.074281
106.375300,-2.828488
105.495800,-1.477538
105.168200,-0.406854
106.616300,-1.628811
104.048300,-0.409604
103.795300,0.932747
104.342000,2.473974
105.140800,1.689271
103.215900,2.898381
104.108000,4.031388
102.632100,4.246025
101.691000,5.475450
102.804400,5.352835
103.924200,5.326778
105.331100,4.970907
103.023900,6.810406
105.017100,6.079360
106.402500,5.777531
106.507600,4.547692
107.732500,4.671457
108.989000,3.249789
107.412100,6.349352
107.868000,3.559545
107.289700,2.600289
108.844700,4.539468
105.758000,2.623234
106.271100,1.500706
105.547000,0.646383
105.223200,3.607381
106.535900,3.428324
101.510000,4.365904
101.830200,6.660341
103.027500,1.757259
107.962900,-3.606158
107.114000,-4.359708
108.500500,-4.642730
107.663500,-5.646904
106.506700,-6.126030
106.834000,-7.424468
107.737600,-6.764238
105.721600,-7.545305
105.861800,-9.193702
104.765800,-6.963847
104.149200,-7.894359
104.717600,-8.858946
107.203100,-8.481595
108.405200,-7.985221
108.148000,-9.082758
109.569500,-9.133124
109.512900,-7.785933
108.851000,-6.882593
109.995600,-6.514458
110.454900,-5.073987
109.370600,-5.417058
103.591100,-8.862478
102.410700,-7.965502
103.251300,-7.225224
102.524300,-9.199189
100.489400,-9.251626
101.143900,-7.697229
100.892200,-6.375859
101.897400,-6.869571
99.857440,-6.803895
99.571150,-7.886458
98.037340,-7.902015
99.399750,-8.993113
98.810420,-6.406495
98.132940,-5.265721
97.066640,-7.146307
99.637530,-4.961397
98.507340,-4.130372
100.683800,-4.561416
96.350970,-4.100389
96.857830,-2.852538
96.663700,-5.174200
99.391030,-3.442306
98.388920,-2.910474
97.229260,-1.795902
96.608700,-0.863483
95.169040,-2.203275
95.775790,-3.141856
94.474980,-3.989535
94.265720,-2.864750
95.376770,-4.653922
94.386920,-5.351455
95.690990,-5.729056
93.540410,-4.607108
92.884380,-3.378843
92.273080,-4.768153
93.047380,-6.236101
92.650870,-8.215574
93.902430,-7.814419
94.718270,-6.977240
91.507840,-5.802465
92.373000,-7.130461
91.266140,-7.536920
91.539600,-8.621367
90.695880,-6.573915
89.849820,-5.227876
89.204180,-6.935840
89.848040,-8.035653
90.798070,-4.631628
88.919920,-5.852370
87.849490,-4.904598
89.624670,-4.129089
87.729780,-7.091292
86.539890,-7.697802
87.252880,-9.336246
88.557650,-8.659115
86.416960,-6.584430
86.909300,-5.513051
85.628300,-5.388427
86.861880,-3.495124
87.942620,-3.788658
86.135930,-4.347953
84.999660,-2.714574
85.089630,-3.830992
86.099740,-2.503815
84.510770,-5.312410
83.212420,-4.625800
85.270730,-6.452044
83.466200,-5.716792
84.275690,-7.161692
83.718700,-3.593799
82.815210,-2.931748
84.046970,-1.867033
82.097280,-4.520988
81.435760,-5.973862
82.508140,-6.297067
81.280030,-3.755147
80.567890,-4.619700
80.394800,-3.069169
79.511620,-6.465085
79.299910,-5.251016
79.237170,-3.967789
77.569590,-3.515907
79.673000,-2.212941
78.459180,-2.835400
78.150960,-4.636544
77.479020,-5.556395
76.421450,-5.096243
78.445290,-6.122777
77.530910,-7.410914
78.972180,-7.838136
78.642680,-9.427225
79.743160,-8.794903
80.779690,-8.288301
80.026400,-7.459634
77.978700,-8.437630
76.327840,-8.531493
77.379940,-9.384289
76.410930,-7.396066
75.292050,-7.345395
75.592490,-5.906509
75.213530,-8.645396
73.308270,-9.139892
74.416980,-9.432687
74.177120,-7.238701
74.108640,-8.356306
72.965680,-7.136357
71.219510,-7.060625
72.396570,-6.170039
71.342310,-8.489279
73.766840,-6.196840
73.498370,-5.109544
74.580280,-5.426816
73.950580,-4.084819
75.381540,-4.508685
76.449530,-3.517872
74.434760,-3.072419
72.845340,-3.743973
72.691880,-2.570672
76.224920,-1.985875
74.050610,-2.020418
73.108100,-1.415960
74.024580,-0.175119
75.536290,-2.869317
75.295210,-1.041292
75.724750,-0.006784
77.063100,-1.134859
78.251610,0.356412
76.824030,0.211602
78.116780,-0.755163
79.514750,-0.978815
77.325450,-2.223832
80.628570,0.195460
80.771700,-1.995311
79.583200,0.597734
79.994640,1.751058
81.100460,1.543732
79.072170,2.433262
78.741490,1.363339
77.056690,1.307311
78.216410,3.155898
77.870580,2.076920
76.614910,2.907342
78.619800,4.245339
76.929700,4.225183
79.942500,3.138215
81.899340,3.252578
79.677730,4.837027
80.564590,4.152792
81.667510,4.348452
80.833700,5.592402
82.497940,5.100169
84.050130,5.274923
83.444470,4.309264
82.151570,6.379344
83.267630,6.474519
83.019290,3.271034
83.350670,1.825175
82.237720,1.951662
84.329910,2.660836
85.735450,2.151026
84.431790,3.781095
84.267400,1.181614
85.383530,1.088184
86.329900,-0.304504
87.145150,0.862107
85.245700,-0.023174
86.854130,2.188080
84.129550,0.070041
82.922100,-1.816768
84.859090,-1.095565
82.600900,-0.225622
83.212350,0.712980
80.922520,-0.885399
81.939730,0.678568
81.891220,-2.288413
85.953480,-1.361080
87.484600,-0.288648
87.677030,-2.107294
88.959310,-3.221925
89.347190,-1.557353
90.429490,-0.037673
89.141720,0.035873
91.057220,-2.596936
88.321060,-1.033629
90.476200,-1.293430
92.174160,-2.512704
91.916420,-1.422712
91.374510,-3.671203
93.135550,-1.803627
95.030780,-1.094355
92.800210,-0.734956
91.888300,-0.084548
92.324950,1.031210
93.937950,1.174823
91.206900,1.099076
90.041150,2.081710
92.211610,2.585676
91.140950,2.272415
89.649890,1.033478
88.531490,0.975056
88.964120,2.380600
87.941820,1.926718
88.630860,3.601504
86.518910,3.256291
87.261550,4.093857
86.328960,4.947594
87.231060,6.665458
86.264670,6.093011
85.314900,4.471851
85.262340,5.592722
87.275670,5.546226
88.529210,5.853671
88.313770,6.952502
88.120960,4.811066
86.267500,7.236598
85.147620,7.259186
86.155310,8.396784
87.198600,8.818384
84.620250,8.247398
84.460350,6.374695
83.607340,7.768929
83.122790,9.236654
84.443920,9.376867
82.391310,7.866066
81.720870,8.761243
80.965010,7.008292
80.478000,8.336819
79.217770,7.479517
78.687210,8.464512
78.058790,9.390243
77.808190,7.728465
76.947660,9.252206
79.506430,9.316912
75.184860,9.297694
76.286210,8.081562
75.252270,6.896589
74.710830,7.929049
76.370310,6.964587
77.352260,6.425625
77.206310,5.315037
78.723060,5.422959
78.530030,6.526340
76.061050,4.932358
74.675160,3.718742
74.422990,5.111138
75.793790,3.668972
74.790750,2.576388
73.249140,1.904886
74.982810,1.271775
73.331220,3.107378
75.870740,1.954468
71.589200,3.526357
72.672990,5.087493
71.920190,6.205880
70.960860,5.571690
73.211980,6.069204
70.502600,3.795843
73.695570,4.260420
70.018270,2.786318
69.160240,4.147282
70.109400,4.844277
69.578070,5.857238
70.907820,6.689850
68.764220,7.334072
68.310890,5.225618
67.620890,4.312303
66.199090,5.992121
67.278790,5.694376
66.610690,4.795721
68.304180,3.424868
67.540510,2.605463
66.740710,3.389643
69.051860,2.221167
68.098380,1.634214
69.465240,0.043540
68.347890,0.129904
70.438670,1.621535
67.412260,0.749199
69.417550,1.162507
70.375510,-0.610472
70.488920,0.503404
71.689640,1.564668
73.372920,0.791615
72.268360,0.606822
72.473920,-0.493493
71.303740,-1.237226
69.879690,-1.965222
71.261440,-2.548539
70.724070,-4.065438
70.064240,-3.099356
69.951080,-4.876091
69.207260,-4.038785
68.454570,-2.825036
71.736410,-3.586015
71.917760,-4.725833
70.974830,-5.330405
69.947980,-6.906518
67.963230,-7.527602
68.244640,-6.347873
69.079970,-7.614446
70.257390,-7.983065
69.476350,-5.890577
69.298140,-8.713109
67.616330,-8.607563
70.156760,-9.432437
66.026320,-9.380052
68.411020,-9.397029
66.060260,-7.835304
67.154870,-6.752189
66.255970,-5.508058
65.687900,-6.778884
67.366740,-5.652233
68.405490,-5.233167
68.093190,-3.925282
66.980480,-4.051219
65.473230,-3.410528
67.405090,-2.293227
65.929210,-4.436749
66.487770,-2.935995
66.469610,-1.180283
65.557270,-1.955643
64.426380,-3.012114
65.819260,-0.242613
64.437990,-1.892055
64.777060,-0.652918
62.913380,-0.864974
63.627680,0.212109
64.560490,0.832284
65.815470,1.003525
66.543610,2.007719
65.576300,2.572375
67.230190,-0.355921
64.136890,1.869243
64.012010,3.603716
62.922200,1.082171
62.825380,2.551358
61.638900,2.224458
61.367000,3.311095
62.454590,3.720646
61.802600,1.116344
60.536390,1.912617
61.310370,-0.539042
62.264350,0.048017
59.313660,-0.858616
60.533080,-1.354122
60.686650,0.802614
62.170360,-2.202474
62.288330,-3.675664
60.308030,-2.451421
61.320020,-2.931617
61.258030,-4.115095
63.326040,-2.089170
60.636550,-5.159708
59.761340,-3.429146
63.047660,-5.358436
61.946450,-5.560312
61.138660,-6.335450
62.798800,-6.673717
63.704360,-4.451595
63.878480,-6.109296
64.815930,-4.317447
64.980700,-5.910283
64.167820,-7.191298
63.499810,-8.621480
65.129650,-8.708731
62.747490,-7.792589
62.368800,-9.266112
61.678380,-8.384126
64.271500,-9.432631
60.698550,-7.626295
60.497840,-9.239790
59.640310,-7.993027
59.386390,-9.083941
58.249170,-7.556148
58.001400,-8.953680
56.339070,-9.199883
57.061710,-8.344027
57.116660,-7.225237
55.950380,-8.146391
56.002720,-7.027477
54.589190,-6.588526
54.827020,-7.847978
56.887240,-5.461329
55.615360,-5.976449
57.806750,-6.342923
59.002860,-5.695586
59.279990,-6.932484
57.983480,-5.232551
56.301860,-4.506410
58.448760,-4.213697
57.441300,-3.724105
59.618210,-4.692505
57.737150,-1.807860
58.729380,-2.993573
56.777560,-2.821788
55.754550,-1.649647
56.763840,-1.163841
54.764110,-3.278578
53.681060,-3.893023
54.932760,-5.038159
54.037330,-2.426249
54.572330,-1.442138
53.344490,-1.527633
54.847280,0.125936
52.827170,-0.534120
55.794730,-0.471436
53.727300,0.132180
52.926610,-2.571039
51.505590,-2.216527
52.568380,-3.764123
51.424710,-3.482128
50.987870,-5.351534
50.075330,-3.696390
51.768470,-4.548214
50.292960,-2.509480
49.564870,-1.350261
50.680340,-1.254421
48.133180,-2.718768
48.996860,-3.999017
48.489550,-1.659831
47.285670,-0.136973
49.399100,-0.242667
47.011710,-2.672492
47.352120,-1.599035
45.951920,-2.309836
45.996410,-1.190586
47.694830,-3.746366
48.324100,-0.554212
48.374030,0.564206
47.315960,1.359114
49.178890,1.634274
48.142750,2.114903
50.322280,0.390299
46.467940,0.627372
44.536030,0.058736
45.635030,2.063735
45.401380,0.968260
44.392630,1.790660
43.606420,0.683652
42.681130,-0.621067
42.970390,1.949563
42.276870,0.827810
43.919280,-0.876318
42.738660,-1.789504
44.918110,-1.510424
43.490600,-3.035561
43.940050,-4.363554
45.011280,-3.942714
42.157580,-3.873146
42.170030,-2.753841
41.126520,-2.348093
41.035300,-3.892336
41.430950,-1.061813
40.251900,-1.648738
40.371460,0.292789
39.215960,0.521093
41.147260,1.625600
39.751440,2.055272
39.222540,-0.867868
37.809430,-0.129335
38.572460,-2.611706
37.825350,-1.249362
39.692570,-2.619399
39.274510,-4.390653
39.461640,-6.241945
38.747440,-5.379036
40.122920,-5.334573
37.751640,-4.670670
36.600570,-5.749167
36.726280,-3.466522
35.892350,-4.881341
37.842970,-3.554260
37.330060,-2.516411
36.427320,-1.142444
34.507580,-0.241732
35.614920,-0.072992
35.590480,-2.560171
36.705630,0.181997
37.534940,2.081813
36.045060,1.156992
37.509580,0.961964
36.416240,2.213843
35.030480,1.632370
33.800440,2.193029
34.099920,1.008863
34.213420,3.234253
32.958920,4.534410
34.078980,4.546580
35.325110,3.096922
32.853310,3.419285
35.670560,4.166592
35.130050,5.147695
37.498930,3.634475
37.127960,5.525331
38.322010,6.735328
36.100450,6.287327
38.702320,5.628955
38.495900,4.145115
37.202500,7.006165
36.749740,4.470979
38.014800,8.319520
35.744570,8.287640
35.088180,7.124528
34.167330,7.762291
34.216840,9.066375
37.048020,9.190789
35.308020,9.319104
36.890060,8.081846
33.214820,8.351727
32.594350,9.369154
31.576860,8.900744
31.053830,7.910104
32.173600,7.938742
32.977940,7.159167
31.785820,6.817645
30.478330,6.949111
32.641740,6.090676
33.812000,5.939610
31.650210,5.040518
31.041340,5.980718
29.286460,6.349295
30.706960,4.213315
30.025890,5.507897
29.165130,4.791126
29.571130,3.747223
28.365180,5.712106
27.250840,6.575889
28.079200,4.337085
29.054150,7.534579
27.120620,4.916205
27.793950,7.555338
27.689430,8.914208
25.817090,6.891976
26.578900,8.746668
25.685570,9.422420
25.354330,8.054608
23.606300,8.601970
23.927590,7.528937
24.672960,8.943659
24.709180,6.726679
23.320900,6.199792
26.439010,5.804686
24.227360,5.543530
22.852060,7.216199
21.732250,7.227230
21.455760,6.141921
21.965560,9.254965
22.407490,5.551952
23.073430,4.651691
21.963140,4.520933
22.327820,3.461534
21.013700,5.112835
24.167910,4.425732
23.442630,3.570593
26.077370,4.508999
25.146930,3.886548
24.785010,2.210258
26.870170,2.637160
27.075690,3.769875
27.850030,2.096312
28.055230,3.217251
29.723530,2.637615
26.674630,1.529314
28.939420,1.837957
29.589160,0.861372
30.333600,1.698265
27.657990,0.992893
28.585270,0.364586
27.577830,-0.125058
29.141870,-1.311723
29.517470,-0.256450
28.025350,-1.221784
26.594230,0.410862
25.572680,1.328305
25.492670,0.207696
26.561050,-0.748928
25.353600,-0.903775
24.169080,-1.949461
25.568110,-2.260611
24.095930,-0.174146
24.562570,0.844167
26.671940,-2.070180
27.531820,-2.788030
26.006390,-3.318754
24.084370,-3.928106
26.856240,-4.048443
25.262080,-4.925369
26.888990,-5.511036
23.716400,-5.733221
25.281950,-6.044583
25.899830,-7.803116
23.894910,-7.276125
26.174440,-6.717875
25.005200,-7.129795
24.352900,-8.458531
25.899520,-8.921958
26.891820,-9.436560
27.992550,-9.199942
29.088590,-9.424726
28.435180,-7.911640
29.865190,-7.800325
28.802910,-6.316519
29.860770,-6.680452
28.959520,-5.207788
30.629230,-5.819009
31.570530,-6.939280
29.957820,-4.699980
30.981520,-7.891993
30.204700,-9.337932
32.578500,-8.327377
32.686280,-6.840432
31.393460,-8.933529
33.484460,-9.167437
35.279200,-9.083802
33.907150,-8.042248
34.973220,-7.285775
34.120130,-6.252378
34.304130,-5.052015
35.820160,-6.552700
33.116650,-4.740493
33.481210,-3.245618
34.410550,-3.937030
32.278830,-3.997007
31.203370,-4.310199
32.420640,-2.885250
31.339740,-2.591383
32.122540,-1.789881
33.241810,-1.832838
31.037240,-1.512889
30.364760,-3.185016
32.149650,-0.326967
30.027440,-1.997616
30.768950,-0.425412
32.139570,0.793116
32.087620,2.601794
33.437140,0.088168
32.793350,1.702668
34.242740,-1.330092
34.486980,-2.752517
35.653000,-3.787077
31.796420,3.929966
31.060220,3.085740
29.039810,-2.807996
28.449640,-3.760001
27.721360,-4.759962
32.225320,-5.621522
36.876750,-7.011709
36.004290,-7.723483
36.915110,-8.375461
38.014150,-8.159162
36.544320,-9.432438
37.911460,-9.274582
39.244670,-9.142579
39.041940,-7.713820
41.037090,-7.889400
38.458370,-6.740087
40.378110,-6.885989
42.004490,-5.953083
41.892490,-7.067619
41.227160,-5.146571
42.880920,-4.727833
43.544300,-5.702778
45.651870,-6.086080
44.283820,-6.544096
43.012620,-7.071232
44.701060,-5.494769
45.975350,-5.014778
45.621900,-7.203382
44.646550,-8.785582
46.702270,-6.911738
46.776440,-8.105690
43.550350,-8.053834
45.676810,-8.318322
46.830180,-9.225410
45.673310,-9.434334
48.220340,-9.379747
48.430470,-8.279740
49.535530,-8.097967
49.340840,-6.961492
47.918890,-6.346183
49.950850,-9.138227
51.056250,-9.319231
50.581090,-7.693849
50.144510,-6.088702
52.193820,-7.692145
51.086780,-6.694357
52.586170,-6.642993
52.292730,-5.538259
53.370880,-4.970296
53.560570,-6.074257
53.746650,-7.326577
52.074960,-8.853574
54.458980,-9.031923
53.518750,-8.423136
48.413680,-4.955357
49.824170,-4.869833
49.043730,-5.881479
47.298070,-4.791044
46.575420,-3.705851
46.813320,-5.798539
47.687770,-7.442107
43.314590,-9.269073
42.347600,-8.106133
40.798780,-9.082203
42.195730,-9.215937
23.610760,-9.327058
22.934880,-7.853049
22.444960,-6.502954
21.450690,-8.091187
22.146950,-9.076028
20.827780,-9.206117
19.716100,-8.797689
20.193320,-7.588748
18.506750,-8.177272
20.208330,-6.334100
21.308890,-6.542587
20.236120,-5.214307
21.198940,-4.641870
21.768760,-3.677497
22.836440,-5.040122
22.874600,-3.855824
20.781380,-3.148550
19.747870,-3.632905
18.556940,-3.718885
18.841450,-2.487360
19.957330,-2.389842
19.120910,-4.686606
17.492150,-4.713652
18.830110,-6.294251
17.632260,-5.828901
16.121970,-5.566978
16.991220,-7.343900
18.091990,-7.136758
16.084610,-6.686376
14.449570,-5.973742
15.773020,-7.762290
14.996380,-6.951281
16.396440,-4.481032
17.098470,-3.010152
14.938180,-3.757661
15.870830,-2.767469
14.166750,-4.889936
13.332550,-6.056728
12.654440,-5.165298
13.797170,-3.832544
14.306720,-2.832494
15.174660,-1.634042
13.917550,-1.250270
12.988900,-1.876015
12.609870,-2.929748
11.607410,-4.315319
10.698710,-2.121183
11.761210,-1.484796
10.680020,-3.687117
9.490150,-4.987154
8.747151,-3.115708
11.569900,-5.445057
9.616570,-2.409590
9.674554,-0.692489
7.883848,-2.365960
8.768136,-1.678576
7.473495,-1.076795
8.560826,-0.578068
6.827253,-1.994180
7.649179,-3.461178
6.537642,-3.323417
5.621192,-0.727453
5.536334,-2.599493
3.995491,-2.184920
5.489595,-3.718225
4.009148,-3.304832
4.969268,-1.634393
4.732353,-0.048551
3.036199,-1.524995
3.893705,-0.790823
3.105484,0.695913
1.970724,-1.091959
4.199446,0.936124
5.666331,1.496808
3.586319,2.209925
4.695774,2.056016
2.846407,-0.393729
2.458523,1.610236
1.146819,2.508420
1.212563,1.390370
1.921878,0.334663
0.776759,0.358639
2.203951,2.878600
4.325222,3.155465
3.366186,4.730012
2.269913,4.500174
1.069242,3.625699
0.061247,4.476877
0.121117,3.029004
1.574726,5.778791
0.350974,6.545321
2.059801,6.788286
0.296081,7.899823
0.076162,9.428587
1.416959,7.705458
1.269731,8.815830
2.742705,7.680985
3.131210,8.731592
4.179299,7.416019
4.284557,9.169601
5.622007,9.324631
5.256705,7.722479
6.550263,8.585915
4.318120,5.977024
5.852343,6.500900
6.564288,7.404372
8.381273,7.276604
7.820308,6.307171
6.784775,5.880238
7.829637,8.322775
9.283782,7.939923
8.511527,9.211612
9.615464,9.009805
10.383450,8.152809
11.188340,9.414006
11.488990,8.332957
11.133520,7.260590
12.306970,9.229938
12.361210,7.406880
13.147790,8.204329
11.914720,6.379634
13.204310,5.842950
12.270520,5.167264
10.975300,5.769700
9.923524,6.813665
13.427410,6.940637
14.918970,6.824748
14.485600,8.550627
15.883910,8.845995
16.208220,7.119253
16.760890,8.149549
17.088730,9.220457
15.362260,7.853399
18.449120,7.492253
18.188500,9.432516
19.951520,8.777655
19.246090,6.434408
18.127980,6.388836
20.619310,7.101041
17.363110,7.205840
17.552140,5.429065
16.587650,6.065401
19.574550,7.504954
20.240820,5.921852
21.135870,8.175299
20.859890,9.432539
20.029780,4.578445
18.252490,4.351213
20.177200,3.207880
19.226220,3.798810
18.858240,2.741370
17.605550,3.375184
16.723500,2.381093
17.133620,4.391144
17.838390,2.279530
19.201520,1.210357
16.667750,0.644421
17.653830,1.175005
17.676860,-0.478589
17.875400,-1.648888
18.434590,0.346333
15.815680,-0.081868
16.664830,-1.977392
19.101510,-1.363429
16.623040,-0.858126
19.439870,-0.147734
20.666420,-1.522723
22.068170,-2.280710
21.603930,-0.097453
20.528600,-0.411097
21.741770,-1.209164
22.971540,0.144899
23.443120,-1.096512
23.264470,-2.609969
23.546000,1.370102
21.777280,1.385966
20.549310,1.309813
21.578780,2.498760
22.635060,2.125976
20.980560,3.986801
23.697810,2.479908
14.742120,0.616512
15.989480,1.535609
14.810640,-0.574823
14.886150,1.727815
14.332810,3.290217
13.488480,2.556663
13.670240,0.980810
12.662470,-0.096099
12.005920,0.886533
12.794800,1.679369
12.351160,3.016080
11.743660,2.075033
10.482930,2.561565
10.903690,0.696806
11.360910,3.539478
10.096560,1.510235
8.346197,2.563992
9.182728,3.308377
8.984705,1.644275
8.712770,0.558720
7.685803,0.120096
7.042618,1.036651
9.821368,0.417430
6.286606,2.560856
7.317157,2.122362
5.775204,0.381996
7.605449,3.461001
7.725362,5.191141
6.689836,4.764182
8.372677,4.277047
9.488450,5.781482
10.247050,3.656521
9.424079,4.663210
5.398447,3.475676
5.754642,5.380681
4.727433,4.933996
13.047680,3.893226
14.262850,5.476973
15.114280,4.749439
16.490270,3.475816
14.058410,4.375813
11.549450,-0.218360
19.809630,2.150643
19.154540,5.277088
15.424800,5.825438
16.202580,5.013649
7.403654,9.376916
3.396461,6.614849
2.694189,5.742174
0.377284,-0.687776
0.978254,-1.904537
-0.115805,-2.144374
1.306965,-3.117473
0.009947,-3.828853
1.110289,-4.230860
0.603105,-5.671443
2.029514,-6.605942
0.692146,-7.229660
2.052885,-5.360014
3.426338,-5.555044
2.863518,-4.586803
2.311702,-3.612339
3.183127,-6.648349
4.939248,-6.460834
4.356075,-7.434376
3.239595,-8.438162
2.054875,-7.916775
0.336275,-8.506491
1.273812,-9.118166
2.390862,-9.192742
4.229289,-9.266589
5.177933,-8.307008
5.660124,-9.318020
7.189785,-9.321640
6.666709,-7.826698
6.054427,-6.146948
7.817130,-6.991131
8.191403,-8.132598
5.676243,-7.303898
5.722388,-5.060096
6.984977,-5.523422
4.537621,-5.415729
7.044034,-4.404841
8.142500,-4.773793
9.243833,-6.079865
9.257393,-7.788583
10.206370,-7.193538
10.604800,-4.876525
10.762220,-6.221099
8.042103,-5.893817
11.638130,-7.909695
12.019920,-6.856631
13.051060,-7.423287
11.963250,-8.981612
10.509390,-8.394253
10.937850,-9.432436
8.720243,-9.120037
9.824970,-9.305186
13.672980,-9.432441
14.539860,-8.723079
16.057720,-8.845625
17.011720,-9.432524
17.405960,-8.384250
18.129570,-9.239293
2.056033,-2.208726
3.032893,-2.755948
0.114710,1.908882
10.750310,-1.002589
12.697610,-4.046186
11.490060,-2.913585
9.575005,-3.870251
27.685660,-6.295562
27.233940,-8.378430
24.904210,-9.432925
21.843270,-5.558136
24.897850,-3.158077
30.944410,0.680845
26.660160,7.629486
28.769680,8.617992
30.179480,8.610250
40.000890,8.210010
39.142950,8.930156
38.141760,9.432436
39.214130,7.412690
40.375010,9.269744
40.990000,7.684326
41.445030,8.707875
42.521270,9.018342
43.029290,7.536107
41.925150,7.067729
41.107450,6.290878
42.710200,6.161637
40.053960,6.671480
41.646210,5.308815
42.472650,4.551053
40.379560,4.105613
40.332410,5.480043
43.529800,5.236367
41.495080,4.004181
42.591050,3.348436
40.627090,2.753812
41.733670,2.580069
38.722230,2.515547
39.425010,3.519442
43.942050,3.085489
44.250950,4.170349
45.691560,4.320892
44.577800,5.631700
45.042470,3.294660
46.929580,3.938698
48.675200,4.348629
47.602010,4.834553
47.173700,2.676697
47.972890,3.475293
46.881270,5.692020
46.542900,7.132901
45.663000,6.002719
47.710240,7.167047
48.174230,5.912955
49.392790,6.560113
49.609730,4.966167
51.026680,5.039488
49.912090,3.455635
50.274750,5.869622
50.929620,3.923701
51.946010,4.394437
52.812710,3.220103
50.717640,2.566544
51.777180,1.991981
52.085220,5.551078
53.388410,6.156666
51.268230,7.017506
52.433510,6.742215
52.965490,4.858515
54.354950,5.118451
53.645720,3.968762
52.891480,2.102913
55.173610,4.180838
54.473040,3.213903
54.334730,2.102465
55.483040,1.076871
53.612710,1.246219
55.575710,3.017606
56.093700,2.024583
57.503490,2.954590
57.635360,1.842252
56.666450,1.062135
56.736720,3.771148
56.526040,5.186412
57.594550,4.851242
58.486370,3.491824
59.795930,3.296406
58.691510,5.076743
59.803090,4.416363
59.461430,2.227495
58.776620,0.313028
57.785770,-0.631068
57.732780,0.719307
56.830790,-0.045746
59.054230,6.246892
60.922620,4.339316
60.978710,5.882833
61.761500,5.081644
63.405450,5.577520
61.696660,6.742533
63.293410,4.462999
65.121890,3.754866
64.819940,5.928730
64.357010,7.612408
65.789440,7.034612
62.794130,6.518873
63.257240,8.063282
62.156070,8.265573
60.881420,8.846972
64.149250,8.739859
60.568160,7.659571
63.136830,9.222482
62.027540,9.378126
58.801480,7.338118
59.471920,8.960576
57.872210,8.226426
58.383020,9.223179
56.821340,8.710012
55.828300,9.383126
56.413560,6.571284
54.722190,8.561001
55.480820,7.189413
57.288440,7.270617
54.460150,6.730370
53.667650,7.521675
55.273260,5.759851
52.381390,8.136656
52.968780,9.089009
51.460880,9.430029
49.851070,9.270823
50.755650,8.547511
50.268960,7.538632
49.160830,7.702163
47.844730,8.278748
47.922940,9.421517
46.213740,9.232878
45.650220,7.819626
44.705590,9.159698
44.554620,7.586558
43.628830,8.851021
46.726350,8.237474
57.440960,6.126953
54.030920,9.435229
65.932430,9.079756
65.355710,8.119542
66.581380,7.909432
67.203540,8.937963
68.019430,8.170547
69.305240,9.204682
68.208570,9.432446
69.565860,8.115439
69.818310,6.951312
70.632840,7.775304
72.088870,8.103035
71.402690,9.351892
72.809130,9.267630
73.204170,8.206685
74.071560,9.174939
72.687970,7.059146
73.809390,7.264129
74.314930,6.264223
70.390050,8.873466
63.912140,6.584509
64.461960,4.693163
60.124390,6.631125
59.915430,5.530708
58.676330,1.428643
52.103060,0.510879
51.228410,-0.277700
50.836520,1.384727
51.698210,3.109101
48.936860,2.904817
44.003890,6.611155
46.150940,3.133459
39.447770,4.735579
36.419860,3.333976
38.535740,1.411044
41.465750,0.056963
44.956720,-2.823907
51.905380,-1.170243
58.854920,-1.880498
60.042030,-6.111725
61.759200,-7.267004
60.235820,-0.222780
68.421260,-0.997467
72.318060,2.527612
71.105450,2.519039
71.417140,-0.122883
79.767630,6.191350
80.827310,9.433292
85.728540,9.432432
88.775890,9.239164
88.685670,8.008858
87.524000,7.746619
89.675190,8.533578
90.299860,7.234996
89.404120,6.561724
90.483150,6.129968
90.347370,5.018115
90.533200,3.219024
89.228160,4.978388
91.558940,4.926662
91.535960,3.718224
89.692370,3.959037
92.989240,3.386036
93.133930,1.953474
94.212000,2.261145
92.555480,4.417089
94.028590,3.792532
91.807560,6.288189
91.814000,7.875951
90.760380,8.256090
92.923800,9.237501
90.455860,9.336782
91.830020,8.996097
95.537190,1.955494
95.066530,0.939494
97.081760,1.475323
96.974390,2.590141
97.445920,0.337942
96.179280,0.812553
87.662860,3.037883
94.582540,-0.069723
95.705310,-0.201540
80.952560,2.654045
72.191810,-9.230354
76.641250,-6.299882
81.372470,-7.149651
83.074140,-7.808507
81.801830,-8.745975
84.060170,-8.339909
85.119160,-8.704982
82.693220,-9.424109
85.306260,-7.600581
86.149190,-9.145107
90.544270,-9.135507
89.464230,-9.432436
92.307480,-9.433508
93.368510,-9.078022
95.015120,-8.815395
96.593460,-8.946182
96.227310,-7.887673
97.791750,-8.994801
95.829990,-6.840423
97.345230,-6.061890
102.703400,-6.093242
101.495100,-8.760061
97.726530,-0.792283
100.062500,1.171596
94.150070,5.944386
111.947100,8.551442
113.565900,8.803974
112.638800,9.432465
114.839900,9.376938
115.963800,9.313907
114.215700,7.891600
111.491700,4.241248
113.453300,2.589229
122.451200,8.444903
121.922600,9.432444
123.491600,8.859093
124.574800,8.574509
125.454800,7.405509
126.586800,9.376996
126.155500,8.279426
127.714200,7.729927
125.720700,6.317400
126.798000,6.748217
124.633700,6.641715
127.570200,8.840754
128.805100,7.475954
129.625100,8.299931
127.980100,6.568216
128.804000,5.809395
128.614600,9.245490
129.039100,4.611575
127.926400,4.740994
127.469000,2.905607
128.597100,3.545255
126.137800,4.515349
126.544900,5.558866
126.167900,2.539922
127.115300,3.968453
125.624800,3.519588
127.246100,1.641668
129.164700,2.307757
129.717100,3.559122
130.421800,2.688604
118.622800,9.432767
125.313600,5.273874
115.258100,0.047118
106.288600,-0.459302
113.579400,-4.101304
121.188400,-8.089851
120.982900,-9.254030
122.263800,-8.451180
122.965900,-6.871983
123.224300,-9.334368
123.706700,-7.748780
124.633700,-8.791514
125.400800,-6.727283
123.494900,-5.792892
124.825100,-7.687934
124.217000,-6.746044
125.308800,-5.611260
124.390500,-4.972215
123.926300,-3.954564
125.820900,-4.152863
124.942700,-3.457879
123.279200,-3.042946
126.738600,-3.512122
128.444500,-3.330069
127.092300,-5.095475
127.668500,-4.136156
128.601900,-4.754884
128.160700,-5.919460
129.502000,-3.683788
130.101700,-4.621538
131.096100,-4.107695
129.310600,-5.621781
131.116400,-6.562928
130.428200,-5.686485
129.545000,-6.827538
128.245300,-7.036285
129.212700,-8.502347
128.079300,-8.876517
127.036200,-8.468372
126.931200,-6.925290
125.950700,-8.001427
125.846400,-9.409019
129.836400,-9.432594
130.647800,-8.660865
131.677100,-9.200707
132.810500,-9.211460
132.689600,-8.098662
131.762800,-7.473381
133.290700,-7.154132
131.532100,-5.381165
130.577800,-7.543516
133.291200,-6.034544
134.981200,-5.733857
132.624800,-5.135450
134.261700,-6.592251
133.713300,-4.244370
132.205600,-6.308547
134.022500,-2.997906
134.767100,-4.634439
132.286500,-4.069124
135.879300,-4.502182
135.493600,-2.532614
136.151000,-5.588778
137.216300,-5.955712
136.085600,-6.706933
137.609300,-4.569425
139.321500,-4.671171
136.771900,-3.825678
137.707300,-2.873644
138.896800,-3.486739
138.424600,-5.659766
139.687400,-6.803428
138.343700,-7.241404
137.228200,-7.146649
139.866700,-5.649646
140.742800,-6.428255
140.368500,-4.211401
141.367900,-4.717218
141.089300,-3.138163
141.671000,-5.795542
142.930000,-4.453511
141.998500,-3.791482
142.904300,-5.700054
144.631300,-6.583902
141.759800,-6.912137
144.012400,-5.336937
143.517000,-7.152734
144.008300,-4.150513
145.303100,-3.016301
142.977100,-2.556599
145.132200,-5.361764
143.997000,-3.018997
145.234200,-4.136143
146.415500,-3.582951
146.287600,-4.860739
146.013300,-6.136177
146.429400,-7.699413
145.122900,-7.823930
147.321300,-7.022273
146.861800,-8.732513
145.895300,-9.296242
143.843600,-8.829070
142.606900,-8.322457
142.118100,-9.376716
144.785300,-9.433043
140.739200,-9.114032
141.164700,-7.861110
139.726400,-8.550185
138.621400,-8.322502
136.842900,-9.184525
135.439700,-8.581100
136.343600,-7.858562
137.485100,-8.266785
134.340700,-8.100201
135.269400,-7.474002
134.533200,-9.239074
145.662800,-1.955474
147.686200,-2.825932
146.755200,-2.203236
146.949600,-0.612333
148.594100,-2.102067
148.728400,-3.236159
144.584900,-1.651259
144.807500,-0.553708
143.206200,-1.266010
143.724300,-0.273294
143.056200,1.664939
141.944000,0.100003
144.094100,1.229672
142.006700,2.496387
141.267700,3.610789
142.858600,3.870195
140.919100,2.075675
141.807900,1.393808
142.967400,0.550198
140.340200,0.626635
139.812700,1.901323
137.991600,1.623648
139.489100,2.975381
139.001400,1.129007
139.361200,0.068229
138.414500,2.659987
138.634400,3.757815
136.897400,2.267349
137.240200,3.509437
135.718400,4.269474
136.095800,3.049634
135.596000,1.513831
136.255000,0.128794
136.661900,1.172499
137.606300,0.572901
138.211200,-0.367001
139.030700,-1.127342
137.079800,-1.708876
138.188500,-1.862886
136.119100,-1.133624
139.580400,-2.114115
140.796000,-2.058033
140.147100,-1.147673
141.894700,-2.271021
142.114000,-1.018050
139.895300,4.335220
143.356900,5.025211
140.913900,-0.334808
144.151000,2.348366
135.003000,-3.539498
126.374200,-5.954100
122.971300,-4.548354
116.862900,-5.454050
127.517600,-2.709732
125.200900,-0.103858
128.362200,1.526811
132.093000,0.727163
135.227200,5.276194
130.271600,9.359612
140.643900,8.598148
141.554200,9.432473
147.035000,9.432499
149.591200,8.998495
148.408300,9.043621
150.075100,7.957692
149.536100,6.948306
147.486300,8.407495
150.683100,6.969715
150.137500,5.991500
150.183200,4.366905
151.346300,5.203903
151.673000,4.132525
151.742300,6.606259
152.830900,4.067775
152.709700,6.042652
154.291500,5.585464
152.293000,8.189872
153.739500,6.663836
154.894500,7.657504
153.414100,8.198798
154.871500,6.540761
156.156600,7.522863
155.756700,5.316379
154.458800,8.688432
156.232700,9.436970
153.056100,9.357674
155.620300,8.505615
156.965900,8.596774
158.797000,7.510548
157.276900,7.522667
159.043500,8.978472
160.102100,8.613258
159.913000,7.510221
160.719800,5.551240
162.206600,7.202796
159.270000,5.529341
161.638600,8.169836
159.982100,6.393065
160.578400,4.441258
162.584200,5.825106
158.584500,6.413195
157.187900,6.190571
158.145700,5.289392
157.010700,5.052730
159.458800,4.426874
161.052400,3.427301
162.479300,4.149286
162.385900,3.031567
161.467000,2.387328
162.522400,1.115822
164.016500,1.285986
161.942700,-0.008573
164.121000,2.401225
164.352700,4.002425
165.126900,1.435459
165.428200,3.364393
166.116800,2.480977
166.685500,4.333707
164.752800,5.048635
167.202000,3.016062
168.830500,2.523779
166.691700,1.318978
167.807600,1.808315
168.099700,4.686909
168.227100,3.467519
170.029000,3.275753
169.219200,4.724132
170.361100,4.847530
170.792000,5.881447
169.875000,6.524596
168.425400,6.070657
166.716700,6.092180
167.995300,7.719103
167.018500,7.170876
168.999800,7.223604
170.408600,8.961235
168.994200,8.886415
170.911900,7.006247
167.844400,8.901213
166.445200,8.332376
166.236100,9.432565
164.863200,8.946718
165.616800,7.578621
164.500000,7.493553
163.297600,6.908028
163.687400,8.847417
164.257100,6.279954
165.357500,6.488999
162.818400,8.140724
162.380900,9.171776
161.087600,9.144822
163.445700,5.110215
163.470100,3.312802
171.882700,5.626412
172.185500,7.825097
172.389100,6.723626
171.500600,8.711502
173.229300,8.231304
173.061000,9.422522
174.730900,9.407588
174.583100,8.001500
175.521100,8.613676
176.563400,9.026013
176.066800,7.236451
177.903900,9.348878
178.038200,7.933188
176.918500,7.963774
177.419000,6.961828
176.301500,6.141453
178.600600,6.964586
178.832700,8.722781
180.019500,9.314447
180.513500,7.813588
180.641000,5.869222
181.694200,7.817168
181.398600,6.730204
179.840100,6.652279
181.141200,9.286875
182.304000,8.756755
182.803700,7.663868
183.498600,9.374462
183.972900,8.360013
183.995800,7.138003
185.151400,7.044442
185.085500,8.232789
186.592300,7.735316
185.868800,9.280529
186.208500,6.675432
185.407500,5.848149
186.470300,5.494576
187.327900,6.686851
188.701600,7.958309
187.960300,4.774746
189.173000,6.946430
187.681500,8.415003
189.225800,5.830141
189.176000,4.154597
190.040100,5.063344
190.872800,4.237966
190.252100,6.653327
191.734000,4.953533
189.954300,3.348268
188.024300,3.015175
189.649400,1.680400
190.523200,2.381330
191.483300,3.298919
192.537100,4.173023
191.242500,1.478483
192.370200,2.370183
193.919300,2.553632
193.240200,1.664157
192.534100,0.795778
193.692400,3.650032
192.979900,5.256413
195.037400,2.612157
194.341600,4.823034
195.348900,4.019065
194.922600,5.875963
196.077300,3.168196
197.275900,3.718897
196.206200,4.942236
197.325200,4.892315
197.032900,6.120711
195.963800,6.828079
195.233200,7.677161
195.888700,8.665136
194.338300,7.003481
197.001300,7.915164
198.039800,9.019405
198.070000,7.046731
196.925100,9.129325
198.737200,8.142825
199.170500,6.838152
199.856400,8.187824
199.489400,9.432440
200.548700,9.068356
200.249400,7.138965
201.624200,9.381691
201.255400,7.631659
203.648200,7.766819
202.987000,9.051276
202.277300,6.294417
202.602200,7.366389
204.485200,6.928264
203.415800,6.594724
201.179000,6.514159
203.085600,5.519010
204.085200,8.830760
205.491300,8.914081
205.100500,7.864226
206.654700,7.124341
205.571900,6.115152
207.308300,6.214704
204.191600,5.695980
204.637600,4.668618
206.787500,5.148254
207.791000,4.290469
207.018300,3.479588
207.527200,2.353566
205.709400,3.590471
208.614700,2.620761
206.543700,1.818608
204.491400,1.313277
206.137300,0.222432
207.617100,0.928562
204.515100,2.432605
204.590100,3.549788
203.304000,1.946897
203.577100,3.044796
205.634400,2.472854
203.488300,0.817237
205.605600,1.207752
204.235800,-0.173345
205.469200,-0.676267
206.895700,-1.790816
205.041500,-1.711345
205.400100,-2.772439
207.121400,-0.311661
203.922200,-1.668832
202.361600,-1.767119
204.511100,-3.557311
203.099200,-0.909062
202.602700,-2.902249
201.252000,-1.975784
202.373600,-4.212619
201.599500,-3.400373
203.790700,-4.414987
204.820700,-5.221741
203.251000,-6.271828
202.977800,-5.185524
205.435700,-4.189623
206.550200,-4.301628
206.466100,-3.115975
206.366900,-5.540773
206.416800,-6.965660
207.527700,-6.582893
204.920500,-6.467686
208.061900,-5.387220
207.642200,-4.052373
208.716400,-3.010881
208.782600,-4.529874
207.935000,-2.208409
209.415400,-1.762874
209.019900,-0.714924
207.928100,-1.088411
208.657800,0.513830
209.443500,1.312171
210.553500,1.462672
210.314400,-0.235567
211.569300,-0.297161
210.873100,-1.301116
211.469900,0.818566
212.475000,1.632274
212.001300,2.647323
210.887000,2.532111
212.512200,0.392504
213.760000,0.070093
213.351100,-1.270268
213.979600,1.438830
215.658200,1.363198
214.099800,2.695921
215.408700,2.602879
217.015300,2.580608
215.904100,3.823263
214.315500,4.024398
213.035400,4.414625
212.961100,3.225224
214.456500,5.856834
215.162000,4.909857
216.681200,5.893936
216.706600,4.774155
215.123400,7.034000
213.381500,5.542088
212.908300,6.666869
213.530000,7.598627
212.274900,5.715513
212.014200,7.667385
211.918300,4.653667
210.241700,5.578014
208.471500,6.605481
210.904600,7.516427
210.596900,4.339970
209.439900,4.622257
211.226900,6.110911
209.787900,7.600097
208.466100,8.837469
211.176200,8.609311
209.842400,9.300762
213.053800,8.910757
212.027900,9.360300
214.271900,9.155563
214.572300,8.009161
215.591800,8.473113
216.326400,7.584670
217.196300,8.308599
217.051400,9.429081
218.979800,9.093250
218.425900,8.119759
220.219500,7.664856
217.335100,6.803352
220.167800,8.906094
219.232500,6.547211
218.410800,5.516343
219.904600,5.651219
218.942600,3.983778
220.572000,4.320878
221.591300,5.615533
220.711900,6.658758
221.339200,7.636420
222.536200,6.498109
223.632700,7.597476
222.539200,5.018651
223.468700,5.643725
222.519100,7.717140
224.347600,8.459791
223.255200,8.707492
221.524600,9.173534
224.090700,6.575249
225.807000,6.770298
225.603500,5.668804
224.983100,4.730649
225.148500,7.676396
226.660000,7.617328
224.991600,9.376299
226.309700,8.681177
227.544300,8.510567
228.132600,6.682631
228.900700,9.194992
229.591800,8.313872
230.381400,9.156296
230.534000,7.250567
232.143700,8.983353
231.919000,7.443957
233.689100,8.925358
231.187500,8.316675
233.309300,7.871613
234.817200,8.173149
234.443000,7.118937
233.507900,6.129329
232.391500,6.053257
235.021500,6.160621
234.216100,4.572430
232.991600,4.515728
231.740500,4.436280
232.982900,2.708369
233.662800,3.598507
234.761700,2.972211
235.399500,4.164107
232.077300,3.367989
233.718700,1.737540
234.597900,0.033905
232.760900,0.761725
233.484900,-0.092890
232.332400,1.796574
235.636700,2.218366
234.732500,1.261398
235.918200,-0.100358
236.872300,1.413096
237.320400,-0.434806
236.428800,-1.112415
237.671700,0.628552
234.364300,-1.640187
233.467700,-2.338557
234.814300,-3.218125
235.479000,-2.153306
232.943700,-1.202350
231.259900,-1.493086
231.188400,-0.375253
231.911500,-2.464594
233.048100,-3.993249
230.758300,-2.494656
231.162400,-4.316416
232.006800,-3.580632
230.127300,-3.888210
232.544100,-5.108521
231.096300,-5.616057
233.885200,-4.737264
233.667100,-6.536050
231.590500,-6.806412
232.577400,-6.276807
234.429600,-5.715933
233.227100,-7.565846
235.485400,-8.183311
234.261600,-9.432466
232.350800,-8.322413
232.633500,-9.432726
231.231200,-8.249045
231.518500,-9.331688
230.119300,-8.113725
230.399200,-9.300151
229.286900,-9.170505
227.515000,-8.226707
229.147200,-7.264194
228.127500,-9.265721
229.182900,-5.950010
230.373800,-7.021459
227.382500,-6.912060
227.042200,-5.059219
225.968100,-7.341936
226.499800,-6.173307
227.833300,-5.852176
226.345400,-8.396581
225.740100,-9.339074
224.820800,-7.687227
226.955200,-9.336227
224.611400,-9.233402
222.853000,-9.228452
223.394500,-8.247764
221.739700,-9.105216
222.459100,-7.631460
223.808800,-7.207049
221.797100,-6.727829
223.158700,-6.294866
223.090900,-4.285657
222.193300,-5.552808
224.298600,-6.165698
224.190700,-4.073513
225.398500,-6.377443
225.842700,-4.839580
226.799800,-3.326293
227.613600,-4.095834
224.742100,-5.048421
225.694700,-3.509154
225.162200,-2.055264
226.975100,-2.220035
224.043900,-2.129453
222.936400,-1.961780
223.078900,-3.164341
224.643100,-1.062781
223.525800,-0.984191
222.716100,-0.210215
221.859400,-1.487540
223.626400,0.442425
224.747600,0.052394
226.297100,0.924236
226.860600,-0.640576
225.225200,2.238854
226.623100,1.995899
223.421100,2.553127
225.202300,3.632189
223.883000,1.532728
224.097900,3.445679
222.389700,2.989912
222.950500,3.959584
221.283700,3.166743
221.844900,4.139615
220.432400,2.109171
221.946500,1.340196
219.665700,2.925810
218.310500,2.842311
218.935000,1.585585
220.313800,0.995349
219.297000,0.525574
220.400300,-0.435894
221.418400,0.164834
219.580800,-1.260055
220.774400,-2.074387
221.677900,-3.900918
219.695900,-2.374674
219.552400,-4.052474
218.143800,-2.742025
216.381000,-2.869940
217.335200,-3.755507
218.351000,-1.610133
217.220400,-1.919480
218.435800,-3.963417
217.025100,-4.879695
218.524900,-5.615541
220.146700,-5.001912
221.068300,-5.638500
220.064100,-6.320323
220.637400,-3.356946
221.641900,-2.781886
219.071700,-6.839901
219.659600,-8.080431
220.512300,-7.353881
219.591600,-9.213765
218.564500,-7.838601
220.649800,-8.846654
218.287500,-8.923944
217.160400,-7.788317
217.311000,-5.980644
217.192300,-9.158465
216.289800,-8.495095
215.387700,-9.184525
214.146700,-7.912831
215.256700,-8.062326
213.850100,-9.336019
212.738300,-8.026479
211.663300,-9.432438
212.746200,-9.146470
211.648100,-8.294048
210.292400,-8.589877
211.147400,-6.923199
212.267500,-6.921559
210.173400,-7.476106
209.223700,-6.483520
208.535400,-8.009797
209.278400,-9.065726
210.886000,-5.834015
210.714600,-3.842981
209.744400,-5.103829
212.037800,-5.694719
211.350400,-4.765191
211.717200,-3.343585
213.079500,-5.282956
213.091600,-3.503458
210.448700,-2.754667
209.604600,-3.693185
212.001900,-1.919935
213.693000,-2.484895
215.081000,-1.198266
214.949100,-2.905253
214.012800,-4.312724
214.855000,-5.591821
215.093000,-4.016110
215.815900,-5.017307
216.194600,-6.071326
215.233300,-6.646129
216.238100,-3.980423
213.372600,-7.103518
216.018800,-1.810410
216.442000,-0.773521
215.752300,0.108881
216.883400,0.372866
214.768000,0.643293
216.771400,1.487376
217.999400,0.714431
217.840400,1.823212
218.567200,-0.324006
208.137800,-9.058047
207.249300,-8.375990
205.891600,-8.294849
204.178000,-8.351087
205.267800,-9.237624
206.509300,-9.229298
205.011300,-7.602402
202.997300,-7.602536
203.726800,-9.376321
202.186300,-8.374986
202.158800,-6.680748
201.334000,-7.648175
199.324100,-8.151169
201.096700,-6.324831
200.432400,-8.312987
199.959600,-7.087200
201.501300,-9.261156
200.394500,-9.432467
202.608200,-9.432440
198.183200,-9.076575
197.668000,-8.082055
196.735700,-8.712772
198.588600,-7.306368
197.000200,-7.182897
198.941500,-5.724113
197.767500,-6.366986
197.294000,-4.617571
195.976400,-6.489758
196.895300,-5.664318
198.413300,-4.577516
199.521900,-3.432702
199.907400,-4.856477
198.115500,-3.065967
197.285800,-1.553366
198.416300,-1.986986
196.286100,-2.058322
196.315700,-4.072067
195.810600,-3.072376
194.939900,-3.776905
194.164100,-2.968919
194.686600,-1.841661
195.932000,-0.995673
195.445000,-4.776664
194.514500,-5.400035
193.656600,-4.306045
192.891400,-5.243541
192.297900,-4.237316
193.629300,-6.086380
193.074400,-2.709884
191.757500,-1.616358
193.672500,-0.818118
191.667700,-3.186038
191.258900,-4.655576
189.903900,-2.872844
190.813400,-2.219166
190.557700,-3.782236
190.981300,-5.740448
190.152400,-4.847848
188.731200,-3.116463
189.453800,-3.972184
187.694600,-3.540230
188.210900,-4.533451
189.185200,-5.411937
188.375700,-7.486952
187.907600,-5.610965
190.509800,-7.611882
189.333700,-8.414145
191.535400,-8.060506
191.296100,-6.815175
192.377600,-7.106389
189.461900,-7.221320
190.409500,-8.727136
188.827500,-9.413422
191.435700,-9.176109
192.535400,-8.963431
194.035700,-8.818187
193.859800,-7.182508
194.869500,-8.070155
194.955800,-6.951231
195.975100,-7.890407
195.695500,-9.128175
187.710400,-8.382812
187.340900,-9.435125
185.285300,-9.292858
185.807000,-7.863553
186.898600,-7.612415
186.469500,-6.524111
185.391100,-6.825326
184.363500,-7.270788
185.685500,-5.363312
184.212600,-8.380714
183.690500,-6.363461
184.720900,-5.929955
184.711200,-4.811168
183.667000,-3.771221
182.685300,-6.853592
182.761400,-5.676695
185.794200,-4.248862
186.426000,-3.292750
184.784100,-3.694832
186.910600,-4.339711
186.800100,-5.454100
187.244900,-2.515338
186.243300,-2.016099
185.849000,-0.968356
188.051900,-1.739329
186.948100,-0.753512
187.974200,-0.304456
186.756200,0.982101
184.865600,-0.432758
187.867600,0.831646
185.883900,0.279330
188.870800,-0.975812
190.209900,0.710724
190.033400,-1.415265
190.911200,-0.719629
191.312500,0.326122
192.125100,-0.515091
193.587200,0.389065
194.690900,0.776424
195.037100,-0.322088
195.705800,1.251749
196.099300,0.203157
197.210600,0.341900
196.808100,2.086661
198.598800,2.386891
197.822200,1.567125
198.862300,0.037821
198.864900,1.157887
199.977800,-0.062279
200.011200,1.057291
199.915600,2.302105
201.864500,2.492958
201.128400,3.337214
201.177700,0.760795
199.994900,3.964406
198.975400,3.441868
201.004100,4.450390
198.897700,4.682838
202.124200,4.453275
199.581300,5.796076
198.461200,5.802235
203.243400,4.410078
200.783100,-0.840450
202.624400,0.105510
201.899000,-0.747149
202.442800,1.218670
200.017300,-2.030895
199.148700,-1.139401
200.572900,-3.848557
201.032300,-4.898357
202.516200,3.403990
200.943100,1.856070
198.080700,-0.764400
189.081800,2.645965
187.386400,1.912497
186.670500,2.903514
185.506200,1.756444
184.798700,3.040921
183.995400,1.797187
184.727100,0.678626
183.022600,0.968683
183.903600,-1.006051
183.315100,-2.078818
182.493300,-0.041655
184.316000,-2.581537
184.864700,-1.589390
181.030000,0.145803
181.318200,-0.936459
181.875400,1.381768
180.145400,1.278441
181.939100,2.661444
180.821800,2.677589
182.939100,2.163324
182.623600,3.546938
183.932000,3.750427
185.188200,4.632301
184.153900,5.453766
182.909300,5.189166
181.879400,5.629375
181.308400,4.061085
183.024200,6.565691
179.830400,4.796313
179.980600,3.415236
178.887000,2.992870
178.664000,4.090199
177.325500,2.281261
177.032900,3.362227
178.177100,1.553990
178.637500,-0.259079
177.460900,0.553643
179.740900,-0.066193
176.480100,1.377805
179.232900,1.927838
174.702000,1.632057
175.381500,0.308780
176.002600,2.923494
176.467700,0.036017
175.384900,-1.210580
174.509800,-0.511602
176.497500,-1.083411
177.923500,-1.121878
178.746500,-2.726336
179.264000,-1.369316
177.187000,-1.965590
176.983500,-3.882718
176.324100,-2.973141
178.220300,-3.948957
180.055700,-4.562589
178.419300,-5.422465
179.316900,-3.720707
176.776900,-4.983534
175.440900,-5.343136
177.279500,-5.984512
175.885600,-4.304521
175.854300,-6.383744
177.559100,-7.180958
174.699800,-7.537662
175.636300,-8.165462
174.106900,-6.573814
174.322400,-5.369044
176.732200,-7.935884
176.417900,-9.149567
178.150700,-8.147965
177.719200,-9.395204
179.555500,-9.019922
181.300300,-8.326055
179.944600,-7.771692
178.915500,-7.329509
180.684400,-9.261601
182.543100,-9.042277
182.388400,-7.933122
181.591200,-7.088502
180.508400,-6.803916
181.627200,-5.723996
180.310700,-5.701549
181.551500,-4.496551
182.538300,-2.885788
181.033200,-3.321458
182.589200,-4.075035
180.018300,-2.847399
180.371600,-1.534611
181.765500,-1.969605
182.597600,-1.218714
179.347000,-6.295827
173.713500,-4.017776
174.879900,-3.786514
173.275100,-5.763236
172.524700,-4.828239
172.890400,-3.075174
173.293700,-1.422972
174.174500,-2.917006
172.184200,-1.273402
174.343800,-1.810312
175.263800,-2.611732
173.447900,-0.155459
172.275900,0.841913
174.297000,0.587931
171.831500,-0.186177
170.676300,0.701742
171.838900,1.873176
173.344600,1.177297
170.783000,-0.580145
173.438000,2.399699
174.030200,3.441462
171.788100,3.188835
172.519900,4.434334
174.184700,4.980162
173.007500,5.701234
171.399800,4.428351
173.528800,6.692673
174.694800,6.291254
175.426100,5.442764
176.429300,4.448701
175.382700,4.049794
177.102300,5.358833
178.786900,5.203288
177.573100,4.342921
178.012100,6.011801
170.905700,2.492626
169.653500,1.760732
172.174200,-6.929375
173.225900,-7.346613
173.435600,-8.835147
172.364100,-9.158196
171.263000,-7.747441
169.595200,-7.793659
170.207800,-9.168115
168.976500,-8.985344
171.284700,-8.865843
174.623700,-9.281485
172.344500,-8.037436
187.026700,4.006544
183.735900,0.105033
185.829900,3.714323
188.883300,0.349855
183.594800,-4.900666
183.604700,-9.399283
187.574700,-6.704619
188.686700,-6.413696
192.877500,-1.607187
197.001900,-3.186679
216.197500,-7.216104
217.877900,4.531188
217.026000,3.700609
224.937900,1.156190
227.125500,3.507859
226.074600,4.360572
226.969500,5.575437
227.674700,4.484127
228.884600,5.667661
228.532200,3.441110
229.042800,4.558798
227.787600,2.604249
227.610700,1.467603
226.127100,3.000170
228.700100,1.207337
229.369500,2.105446
230.343400,2.739722
230.547000,0.543060
229.187200,0.198687
229.639300,3.610787
230.637500,4.823347
229.836300,6.258335
231.272500,6.076646
229.037200,7.341660
228.188100,-0.307860
229.770300,-0.757659
228.828000,-1.363152
227.845700,-2.924850
228.874900,-2.482304
229.820800,-1.881725
229.047900,-3.588983
227.708000,-1.373002
227.285000,0.395953
228.604600,-4.617997
230.639100,1.659365
232.302500,-0.260310
225.760700,-0.426792
234.375000,-8.037683
235.462400,-9.303172
236.726500,-8.419297
236.277500,-7.391373
237.203900,-9.432486
238.445800,-8.319003
238.323900,-9.432451
239.507300,-7.961653
239.796400,-9.043662
237.542600,-7.652554
236.563400,-6.276061
239.627800,-6.848474
238.605200,-5.947695
239.105200,-4.394063
240.475100,-6.117732
237.563600,-4.298308
237.599700,-5.417798
239.950600,-5.128448
241.642200,-4.636484
239.502300,-3.346725
240.621100,-4.162503
241.531600,-5.749207
241.820700,-6.829783
240.858800,-7.403205
242.898800,-6.499874
242.600000,-5.413235
243.137100,-3.320675
243.766300,-5.378692
245.131900,-6.588757
244.018400,-6.469730
244.902100,-4.377411
244.324500,-3.417721
245.959900,-5.199471
245.936300,-3.946453
247.201100,-5.766535
245.301700,-7.695825
244.231600,-8.479057
246.704200,-7.296591
246.235900,-8.313671
243.644800,-7.525312
245.118000,-9.163489
246.211500,-6.290877
246.949600,-4.675021
247.751400,-6.899510
248.437500,-8.918285
249.088700,-6.048067
248.099600,-5.097714
249.327700,-7.142385
250.444800,-7.803022
249.523900,-9.190559
250.442700,-6.679202
250.603300,-5.437304
251.524400,-7.504657
251.589700,-6.386635
251.711300,-5.273245
252.718900,-6.429314
252.492400,-3.446413
251.172900,-4.011074
253.262300,-5.449781
252.577600,-4.563284
253.583600,-3.705703
254.726100,-2.614937
253.517100,-2.460601
254.684000,-3.914909
252.417200,-2.249196
251.865500,-0.502597
251.050200,-2.702752
250.980000,-1.585168
253.312200,-0.934561
254.284200,-1.585565
255.143300,-0.312226
255.831800,-2.436326
255.401500,-1.402190
254.011400,0.192274
253.535700,1.505561
255.139400,1.012067
252.914200,0.415701
251.846000,0.751037
252.276000,2.008507
252.618100,3.075062
251.207600,2.448476
251.617300,3.578178
253.780300,3.073298
250.911700,1.368226
249.270600,1.952965
250.377900,0.307713
250.039800,2.870599
249.392100,0.839469
248.314800,1.146033
248.041400,-0.152915
248.289400,2.493119
249.117500,-0.462542
250.186300,-0.795722
249.043100,-2.273359
247.993300,-1.416260
247.328400,-2.317640
246.209300,-2.270926
246.892200,-0.721493
246.944800,0.849291
245.801200,-0.467766
245.083700,0.834822
245.002200,-1.318668
245.915700,1.583676
244.398300,-0.049062
243.748400,1.736799
242.962900,-0.331413
243.517000,0.641657
241.818400,1.995764
242.857000,2.412848
241.898100,0.015011
240.990400,0.670398
239.625700,1.969394
239.890700,0.881259
240.803800,-0.720488
240.480900,2.851296
241.221100,4.283884
239.493900,3.380633
241.541400,3.210584
242.005200,5.083622
243.794600,3.106401
242.621000,3.506474
242.751400,5.918928
244.074000,4.191192
245.333100,2.939086
245.192200,4.125124
245.627700,6.030823
244.853100,5.222037
242.995500,4.560890
243.755700,6.509828
242.768800,7.039028
245.525700,7.146128
244.031400,8.444788
245.394700,8.294165
244.685000,9.354321
242.839100,8.156792
242.957200,9.270601
241.790600,7.702571
241.037400,9.122259
240.403900,7.703345
239.642600,8.595219
238.951400,7.713789
239.380200,6.679017
238.431700,8.846365
237.833600,7.784980
237.435300,6.368625
236.715500,7.851641
237.402000,9.287119
236.140900,6.890155
236.305600,5.463845
236.107400,8.792336
234.749600,9.289859
236.969900,4.018244
237.983600,4.494592
238.236200,5.585639
239.071500,4.761052
240.982400,5.539864
237.897500,3.378171
238.696600,2.594021
238.041200,1.685811
237.241900,2.470306
238.771900,0.836938
238.491300,-0.827224
238.342800,-2.417391
239.771900,-1.156257
239.446800,-2.228046
237.550100,-1.626163
239.366800,-0.112053
236.584700,-3.339340
235.518900,-4.631182
235.545400,-5.809684
236.512500,-5.148294
234.742700,-6.979824
240.788500,-1.961155
240.968400,-3.087417
241.978900,-3.570637
242.340800,-2.513103
243.730900,-2.371012
241.885000,-1.104782
242.911400,-1.551777
238.384800,-3.536594
236.319700,3.106098
240.667600,6.614737
239.776600,5.631386
241.782600,6.508291
246.246600,9.227983
247.048700,7.602536
247.403100,9.324174
248.509000,9.146085
248.326200,7.852732
249.621600,6.495153
247.651200,6.058735
249.547900,8.727536
250.566000,7.758246
251.524200,8.338281
250.581700,9.158616
249.456700,7.602767
250.988700,6.398823
248.901400,5.637900
248.531300,6.751548
246.632800,6.525075
246.455000,5.275834
247.168600,3.074926
248.087800,3.864746
247.988100,4.990537
249.496700,4.669980
249.175400,3.597036
251.230300,5.092304
250.537100,3.874396
250.203700,5.538640
252.200800,4.534344
253.031400,6.409613
254.182900,4.569584
253.298700,5.303640
253.200900,4.031483
252.189700,5.670506
254.863800,3.357340
254.457800,2.181551
255.270500,4.836297
256.181300,4.184852
255.561700,2.371638
257.001400,0.937758
257.545500,2.959206
259.143000,2.516701
258.036500,1.952404
257.299900,4.128468
258.899000,3.787236
260.159900,3.335202
259.380500,4.918952
260.389200,4.431613
257.914300,5.064981
259.184600,6.239793
256.799700,5.687279
257.732100,6.310590
256.448200,7.802275
258.634600,7.319781
256.303000,6.691267
257.549400,7.597150
257.137100,8.689309
259.038400,8.364865
258.455800,9.321561
260.143500,9.355674
261.018200,7.521794
261.339400,9.400208
262.631700,9.260350
261.821400,8.302601
263.927600,8.584130
262.242500,7.042030
261.275900,6.284255
263.450000,6.962842
260.150900,8.235237
264.577500,7.217988
264.026900,5.280583
263.094100,5.900739
265.130500,6.234521
266.691700,6.795780
266.195800,5.141882
265.548100,7.777003
265.094100,4.940266
264.409900,2.895071
263.581300,4.252937
265.953700,3.174040
267.050600,3.772360
265.762000,2.070446
267.026900,2.652526
266.355100,1.120236
269.255800,2.718853
267.730400,1.395688
268.206300,3.688349
267.681900,4.697461
269.531100,3.804573
267.171300,5.694302
268.283000,5.873205
268.801100,4.653878
269.723800,5.288713
270.499900,4.481260
271.421200,5.413170
268.876100,6.823504
269.910100,6.393120
271.135300,6.938926
270.634200,7.940520
269.016300,7.934816
267.259100,8.123323
268.185600,8.752565
269.964300,9.323601
271.475700,8.679515
273.040400,9.110058
272.545600,7.322883
272.294500,6.231632
273.782300,6.293861
273.721200,7.736497
274.896100,7.060955
275.855500,7.996388
274.870900,9.285912
276.533400,8.886546
276.930100,7.681685
278.115900,9.062576
278.494100,7.833606
279.927900,9.119431
280.523700,7.985811
281.559300,8.496900
281.585700,7.377246
283.012300,8.689091
282.679100,7.619774
284.646100,7.410177
283.975200,9.261371
284.464600,6.304847
281.912100,6.305953
280.309900,6.221346
281.417800,5.301045
282.943100,5.626841
280.319600,5.080581
279.200400,6.379179
280.093300,3.083066
278.735900,4.681547
281.175700,3.370785
279.715300,4.137491
282.967600,4.251685
280.958700,2.271900
282.833600,2.248858
282.295200,3.240027
283.955900,2.224634
283.414700,3.206339
284.094900,4.096086
282.162200,1.352417
283.770100,0.882046
281.284100,-0.185373
281.127300,0.924185
282.393000,-0.027372
280.754600,-1.172405
282.686700,-1.108529
283.772700,-0.468351
284.861300,-1.846850
283.297600,-2.047457
284.940100,0.014475
285.622900,-1.019278
286.341100,-2.707472
286.931400,0.236838
285.880200,0.623448
287.329500,-1.371658
288.718300,-2.383399
287.395200,-3.086069
288.047700,0.146035
288.972300,-1.292501
290.227600,0.341685
290.925800,-1.346475
289.964200,-0.772312
289.599800,-3.074430
289.158900,0.006029
289.970400,-2.017313
291.143900,-2.445107
290.654300,-3.452492
288.915100,-3.960896
291.748600,-3.691267
290.961900,-4.858168
292.239800,-2.676229
289.969500,-4.338846
288.673600,-5.541346
289.652300,-6.092598
291.610300,-6.695059
288.680900,-6.661436
290.562900,-7.108461
291.296800,-8.192556
292.392600,-7.666166
290.184200,-8.321316
288.640000,-9.409842
288.405100,-7.998907
291.217200,-9.400930
289.412700,-7.509415
292.746000,-8.991854
293.470400,-7.287175
294.135300,-8.565370
295.069400,-7.040908
295.231000,-9.155018
295.797900,-7.891721
296.121400,-6.656770
296.863000,-9.399852
297.846000,-7.770329
296.848600,-8.279833
298.141300,-8.971083
297.157700,-6.231777
298.175300,-6.699723
299.517600,-8.164050
299.094700,-6.059618
297.472400,-5.156807
299.619800,-7.048876
298.417900,-4.556351
300.221000,-6.104102
297.458300,-3.978830
300.105900,-4.083694
298.971300,-3.377240
299.451700,-2.058431
298.325700,-1.902932
297.330600,-2.866051
300.659100,-3.109828
301.717100,-2.034504
301.957600,-3.253193
300.570100,-1.993272
300.738600,-0.703027
299.600400,-0.650383
301.884700,-0.800787
303.459100,-1.380683
302.202100,0.360468
303.219500,-0.107141
302.777800,-2.393646
303.834000,-2.765651
303.123400,-3.639784
304.502300,-1.788428
305.694800,-1.787326
304.513300,-0.492150
305.377200,-3.279840
305.658000,-0.667875
307.195600,0.161255
305.032300,0.695788
306.138000,0.525959
306.703200,-1.072751
307.632200,-2.326004
308.175300,-1.333701
306.589900,-2.736182
308.248900,-0.216515
309.174800,1.457600
310.223100,-0.161395
307.890200,1.123719
309.453900,-0.978026
309.220900,0.338543
311.165600,-2.234871
308.751700,-2.293747
310.866000,-1.078460
309.672000,-2.932074
311.056200,-3.556937
309.407400,-4.091447
310.838900,-4.672540
309.063400,-5.383752
308.188100,-4.256691
307.278700,-5.100092
306.182600,-4.162212
304.819400,-5.145448
304.389700,-3.808544
305.983700,-5.973795
307.057700,-6.597920
305.907400,-8.312452
304.113300,-6.014946
305.782900,-7.075787
304.663300,-7.104555
308.010200,-6.008611
309.256700,-7.604042
307.835800,-8.284674
306.951900,-8.980650
308.890200,-8.662472
309.703500,-9.432487
310.745100,-8.262199
311.104800,-7.082506
310.822300,-9.379709
311.902600,-8.941422
312.092100,-7.605144
310.246700,-6.366133
311.470300,-5.905283
312.920700,-6.851615
312.340100,-4.584101
312.778400,-5.621887
312.599000,-2.765179
312.715100,-1.503856
311.543500,-0.023407
312.778000,-0.385571
312.270200,1.121675
311.357100,1.770801
312.719500,2.372217
310.608600,0.890257
310.174900,2.514961
310.932400,3.339885
308.593700,2.744461
309.312900,3.602693
310.245100,4.222977
308.790700,5.862069
310.610200,5.825581
308.354200,4.830028
311.330300,4.499659
312.257100,3.462683
311.667800,6.193421
312.816600,5.040835
309.997300,6.887306
310.871000,7.588058
312.238000,7.966900
312.732500,6.961936
312.913300,8.922672
311.593100,9.007990
310.135700,8.432941
309.630300,9.432505
308.649300,8.607007
307.504200,8.296373
309.131400,7.596989
308.216100,6.921877
306.775300,9.432584
306.375900,8.054075
305.750200,8.982919
305.182400,7.916350
304.630600,8.994571
303.263300,9.089334
303.900000,8.145821
303.245400,7.237049
304.459000,7.062094
302.219800,8.684656
302.085500,7.574120
300.629000,7.481830
300.294100,9.243399
299.520700,7.628774
298.789900,8.604598
298.410100,7.491492
297.726800,8.956986
297.016800,8.090813
296.920900,6.586950
295.298000,8.749191
295.978700,7.551204
296.185400,9.432486
294.411900,9.433423
292.883400,8.670867
293.971300,8.405721
292.714300,7.205838
294.784500,6.597715
293.830600,7.296328
293.639100,6.194275
294.940300,5.488545
295.956000,6.018418
294.481500,4.166311
296.314400,4.957284
292.763200,5.322316
293.357800,4.032522
293.657500,2.375202
292.218100,3.103867
291.960100,4.519564
294.614000,3.054388
296.001900,2.461933
295.599000,4.095671
294.411300,1.546957
293.227700,0.531286
295.665900,0.341318
295.526400,1.450843
294.336500,0.372514
294.983800,-0.546255
293.773400,-0.650954
292.043000,-1.426306
293.532500,-2.169795
294.528100,-1.656442
292.153000,0.013283
291.248400,1.837858
291.282400,0.718245
292.588900,1.831126
290.156200,1.511870
289.017700,2.161141
291.108900,2.949269
289.479800,3.598809
290.754900,4.176007
290.036300,2.626732
288.432100,3.176609
287.023900,2.599885
287.824600,4.821266
287.150800,3.926434
287.929300,1.779005
286.521500,1.541798
284.906900,1.632795
285.917600,2.773345
284.895100,3.230184
285.584600,4.261490
285.329300,5.522910
286.434300,5.339173
284.255400,5.204542
285.526800,6.660210
285.918500,8.208704
286.887800,7.647633
288.414100,7.672358
286.718700,6.540390
286.782900,8.921049
287.895700,8.793782
289.145500,8.520718
289.249700,6.696208
290.208500,9.055233
290.815500,8.098830
290.310100,7.099205
290.955600,5.394088
291.935300,8.074744
291.608400,6.437381
291.645500,9.178372
288.963400,4.592805
289.871700,5.676745
288.751900,5.692763
285.741200,9.335984
284.859700,8.574064
288.791600,1.064121
294.787000,-2.746325
295.903000,-2.650701
293.731700,-3.272087
293.889900,-4.421275
295.059200,-3.851404
292.783300,-4.248565
293.172100,-5.881990
291.819200,-5.582565
294.258600,-5.609390
295.863100,-4.654106
296.383900,-3.662351
296.751600,-1.907278
297.861900,-0.883378
296.612200,-0.256439
297.360600,1.430116
298.662400,0.097181
297.753200,2.591377
299.189300,1.256469
300.092700,0.355460
299.939400,2.518543
300.291200,1.457130
301.140400,2.349975
300.647200,3.383067
302.030200,1.633833
301.148100,0.737571
298.838900,2.320270
299.200600,3.455715
297.771300,3.806348
298.662000,4.478203
297.384900,5.335485
296.823900,3.217283
299.035400,5.921569
300.663300,5.461843
299.653800,4.987869
299.999800,6.490050
301.118700,6.479234
302.232800,6.466696
301.937300,5.120623
301.065400,4.419188
301.763600,3.314938
303.725000,3.702565
303.150200,1.647531
303.879800,2.597862
305.022500,2.711828
304.542300,1.700263
303.884800,0.793747
305.788700,1.895679
306.120200,3.139333
307.233400,3.015653
306.819800,4.700992
306.850300,1.539891
308.085400,3.742706
306.549300,6.285390
305.625600,5.651751
307.624200,5.970683
305.716200,4.512086
304.675300,4.922025
304.262800,5.960993
302.576200,4.198658
305.551600,6.794718
304.839100,3.815626
297.566700,0.329187
298.025800,6.404976
313.059000,-8.166603
312.973400,-9.282774
304.862500,-8.716039
305.897200,-9.432465
307.978300,-9.429129
303.990800,-8.012658
303.282700,-8.880617
302.640900,-7.637271
301.429900,-9.182324
301.610800,-8.076909
301.586500,-6.191308
300.612000,-7.569920
302.705100,-6.247337
300.340000,-8.924346
299.227600,-9.245895
303.610200,-5.014171
302.248000,-4.775294
300.642700,-5.066651
301.308300,-4.165837
309.011300,-6.511137
307.246100,-3.650728
287.306700,-6.704319
286.731800,-9.023789
287.286200,-8.050526
286.372800,-7.402267
285.479400,-8.296208
284.014400,-8.418285
284.811300,-9.205209
285.169600,-6.509454
284.676500,-7.515070
284.109400,-6.148424
286.267300,-6.287114
283.562800,-7.393324
282.768300,-8.182963
282.040700,-6.954742
281.478300,-8.577917
283.021100,-6.413015
282.201200,-9.432677
283.311800,-9.290445
281.745300,-4.674699
282.821100,-4.363200
284.117700,-5.028366
281.019400,-5.679784
279.641800,-4.915963
279.696400,-6.046491
280.817100,-6.781270
280.693000,-4.291451
280.426700,-2.911575
281.849400,-3.093097
283.001600,-3.216598
281.482500,-2.023858
279.686900,-1.511003
278.344800,-1.344846
279.170300,-0.082619
279.095600,-2.462382
278.173300,-3.335937
277.432500,-2.060805
279.698500,-3.776049
277.920700,-4.427179
278.587800,-5.878467
276.632300,-5.390660
276.306900,-3.840462
277.490300,-6.110720
277.491500,-7.234170
276.319000,-7.088733
275.846400,-8.562932
275.101700,-6.101926
275.104900,-7.222022
276.806100,-9.139738
278.700000,-8.113049
277.886900,-9.432512
279.721900,-8.571383
280.552300,-9.328193
280.602800,-7.880262
279.678300,-7.248009
278.586400,-6.998573
279.006600,-9.432634
273.668200,-8.533720
273.964700,-7.374732
272.413300,-8.257964
273.201200,-6.555074
272.135700,-6.904322
273.627000,-5.519002
274.050200,-3.998448
275.149200,-4.643710
272.705800,-4.199949
271.831200,-5.432853
270.763700,-4.720452
270.798400,-6.250550
271.594200,-3.966415
269.939600,-5.531437
269.013200,-3.948279
268.738500,-6.130488
269.695700,-6.711951
268.665400,-5.012873
267.282600,-4.612431
267.910400,-3.685048
267.472600,-5.961249
266.316600,-6.521837
266.182800,-4.984600
266.592700,-7.607300
267.712600,-7.677815
269.505300,-8.237044
266.753700,-8.715537
268.789900,-7.371245
267.612900,-9.432828
268.576900,-8.863580
269.541700,-9.432475
271.193000,-8.445711
271.781300,-9.432436
271.099400,-7.329505
270.661400,-9.431656
264.981000,-7.496729
265.088000,-9.305766
263.932000,-7.889231
263.142400,-8.683490
262.137900,-9.178877
262.366900,-7.576939
263.975200,-9.432470
263.303300,-6.962374
263.847400,-5.549506
264.374300,-6.555434
261.779000,-6.408174
264.966100,-5.604464
262.805100,-5.959373
262.752600,-4.840705
261.709600,-2.859693
263.364300,-3.555025
261.180200,-5.206132
261.103800,-4.088680
264.224800,-4.458675
265.119100,-3.784257
264.516800,-2.740103
263.149700,-1.502977
266.276600,-3.356877
264.574100,-1.621432
266.033500,-1.924250
262.789800,-2.563693
261.658500,-1.172663
260.864900,-2.124256
259.237600,-2.891912
259.468500,-0.742109
259.054300,-1.782800
260.545100,-1.050800
260.257400,-3.355119
258.687000,-3.867884
262.201500,-3.865820
259.781200,-4.398515
259.607500,-5.874909
257.768400,-4.605149
258.403400,-6.019028
257.307500,-6.250343
256.674900,-5.196297
257.749400,-7.570462
258.803000,-7.190461
258.599000,-8.514308
260.287900,-8.077971
259.910500,-7.023337
261.397600,-8.338162
260.677200,-6.206877
259.619600,-8.976819
260.708500,-9.288016
261.062800,-7.269253
256.974300,-8.425079
257.744300,-9.238629
255.902700,-9.430121
254.854700,-9.034753
254.838500,-7.751376
256.174600,-6.701351
253.944100,-7.076847
254.792300,-5.943992
253.103100,-7.816632
253.755700,-9.251104
252.650600,-9.432611
252.162600,-8.424852
250.702500,-9.076403
255.559600,-5.089086
254.267100,-4.954591
255.801200,-3.995305
256.749500,-3.399247
256.841400,-1.949786
257.927400,-2.456012
258.020800,-0.900684
256.733300,-0.834868
257.896100,0.264065
256.057500,0.334951
259.028700,1.402428
259.016000,0.282456
260.063000,1.832041
260.713000,0.626860
262.468800,1.187421
261.084700,2.290878
262.387300,0.028483
263.618100,0.376390
264.133300,1.400584
263.930000,-0.699441
265.134900,-0.453020
264.968900,0.654722
266.720900,-1.039617
266.188300,-0.054211
268.017100,-0.397047
269.513800,-0.257839
268.982100,-1.243694
267.679700,-1.618709
269.616500,0.888965
268.535700,0.595646
271.474500,1.323316
270.678800,0.536613
270.046200,1.925208
271.711200,3.290424
270.560200,3.363084
272.289900,4.249422
273.264500,3.513279
273.072900,5.427162
272.964800,2.364750
273.739200,4.527565
274.988300,3.902051
274.521700,2.883705
274.871900,5.715591
276.127800,5.776083
276.001300,4.380588
276.963200,3.806754
277.278700,5.334732
275.635700,2.767539
276.948500,1.773149
275.833700,1.665056
274.647300,1.715298
277.458900,2.802247
279.084300,2.596677
278.065100,1.860332
277.572500,0.771502
278.393500,3.560923
278.683400,0.926311
276.338500,-0.439584
275.805100,0.545316
277.427300,-0.702321
275.853200,-1.449110
274.763000,-2.910611
274.062300,-1.317832
275.124000,-0.588818
276.143400,-2.530990
273.898600,-0.209795
272.865100,0.221670
272.645600,-1.133532
273.697500,1.121799
274.685900,0.586892
272.593500,1.308181
272.667300,-2.253305
271.681200,-1.722259
270.793200,-0.576518
269.573200,-2.195033
271.721600,-2.853531
270.603400,-2.789880
268.685700,-2.877197
267.044300,-2.541189
273.263300,-3.201443
279.756800,1.246445
280.244400,0.235022
277.796200,6.604399
276.007000,6.888294
263.219500,2.048227
263.319500,3.163856
262.423400,3.943759
262.187900,2.484478
261.474200,3.347803
261.236300,5.164474
255.914500,-8.062567
272.898000,-9.346776
274.524000,-9.432436
284.093300,-2.835871
284.941700,-3.656999
285.386600,-5.377661
283.857700,-3.938865
286.445400,-4.075118
287.978900,-4.575725
287.549300,-5.610224
286.508900,-5.193423
290.043300,-9.432470
290.764500,-5.960736
279.543900,7.444671
266.491400,9.107306
265.031900,8.771313
267.763600,7.120630
267.213300,0.400406
262.351600,5.061592
260.134400,6.833671
255.321900,8.167686
255.768600,9.194922
254.285400,9.434472
253.971000,8.363729
253.159100,7.594774
252.771200,8.649847
254.149700,6.726516
254.896800,5.892056
251.969900,6.939150
251.764000,9.432436
255.242000,7.050402
260.264300,5.721109
256.614200,1.988581
256.433600,3.093788
246.203000,3.642615
246.965300,1.973552
244.850600,1.929578
244.434900,7.400054
244.849500,-2.428295
243.913800,-1.056878
247.085000,-3.563136
248.950000,-3.861249
249.251900,-4.939909
249.952800,-2.926891
250.053600,-4.052963
247.442400,-9.432444
246.205300,-9.432727
243.197000,-8.908048
242.207300,-9.432463
241.278100,-8.807042
242.537200,-7.689637
243.155000,-4.440434
237.652500,-6.536592
229.981800,-5.151780
231.635800,0.918693
235.311000,-1.041621
206.413000,8.277546
208.564600,7.721689
207.524200,8.136650
207.015600,9.277897
208.761400,3.731125
209.857300,3.498768
209.777000,2.381506
211.463700,3.629965
209.128100,5.698027
204.004300,-7.111977
203.714900,-2.769554
208.054300,5.379178
192.933400,8.252559
193.802900,6.017785
194.050900,8.180360
192.578000,9.314625
194.548000,9.184033
192.115100,7.488224
191.028200,7.755574
191.029800,5.848763
192.139400,5.997020
189.975400,8.174554
190.335700,9.424915
191.532400,8.909173
189.180000,8.969644
188.159900,9.432434
186.988400,9.293047
179.395000,7.754120
167.533800,-0.004280
168.714200,1.150507
166.358100,0.250628
160.778100,-0.032802
161.930800,-1.800804
161.000000,7.250742
161.754300,5.003156
151.718600,9.151090
150.630500,9.416104
151.195200,7.965934
155.983900,6.416443
153.290900,5.086867
152.384300,3.042011
156.009300,-5.662339
154.247600,-6.999710
164.051400,-5.525403
160.949300,-3.430935
160.823300,-5.448144
89.940290,-2.681243
12.993480,-8.541943
271.881900,-0.314398
126.315700,-1.250832
299.447700,-4.996683
268.143900,2.570128
83.813230,-9.432447
137.511700,5.573720
137.114000,-0.589626
248.419800,-7.798343
224.668200,-3.060400
161.564400,6.285297
303.549900,-6.982964
270.123500,-3.801563
125.196700,-1.299710
101.836900,1.417014
193.075600,-7.982294
112.893000,0.666315
212.405300,-4.388635
15.387220,3.663650
25.319730,5.787691
192.961800,6.756311
138.582400,-9.435611
93.536190,4.955534
231.427000,2.456021
189.781200,-0.323911
35.354690,-1.465137
10.541740,4.737015
65.521610,5.055948
274.751400,8.172657
80.345470,-5.717436
83.518220,-0.868500
282.138600,-5.723420
163.036000,2.111293
63.369480,-3.382896
78.660920,-1.733776
307.141100,7.236296
75.324000,5.775765
281.847700,4.266854
3.221586,3.346616
98.534490,4.031341
117.983200,1.148621
125.475000,9.240908
160.305900,-8.233723
240.724700,1.758186
295.930800,-1.145230
152.736200,7.161778
130.362000,1.570402
270.562500,-1.671316
144.912400,8.409697
192.079700,-6.015222
31.453500,1.678532
248.112500,-3.117420
215.566700,6.005300
186.422300,-8.797439
247.075200,4.343252
167.773900,-1.816974
25.805970,2.982907
283.477900,6.834650
82.004810,-1.173973
6.656518,-0.310500
53.033730,-9.432581
97.433290,-3.813402
295.354600,-5.840270
87.515930,-8.247398
306.843400,-7.697327
217.953200,-6.898405
294.869900,7.714415
185.419400,-2.773728
139.969500,-3.164449
157.258500,-6.189577
169.750900,8.054543
120.267100,-1.931655
302.841500,3.015226
93.485120,0.150730
6.503196,3.659810
271.074900,2.368812
158.157800,-6.857255
93.914960,-0.998713
15.284850,-4.822778
307.894500,9.432997
309.687200,5.192186
293.860400,5.097436
240.101700,4.321436
179.004400,0.799096
247.372500,-8.196555
188.108100,5.884668
48.845780,8.778473
72.615740,3.969156
238.562100,-7.189719
200.666400,5.518310
22.531020,8.288546
72.669860,-8.216726
131.804300,3.672736
109.749000,-4.207477
235.825200,1.015845
189.122800,-2.067254
301.118800,8.486505
55.867030,-3.474165
303.152300,5.840530
242.497500,1.105042
68.148550,6.399274
236.599500,-2.219359
158.052800,8.340098
37.718360,-5.821405
39.995520,-8.301516
14.142310,-7.675894
32.396200,-9.432518
243.746300,5.390581
159.598700,-5.185506
157.831400,9.434256
117.512500,3.255068
44.584340,-7.623857
13.781490,-0.133655
287.657000,5.928782
172.892100,3.377873
136.707800,4.793971
310.098600,-1.894279
223.620800,-5.273886
202.099800,8.367541
120.740200,-4.358613
200.034400,-5.969471
85.399950,3.219115
101.893000,-0.099202
170.009800,-1.915096
143.117900,2.781790
155.629500,1.983449
174.898900,2.734561
233.446900,-8.663887
119.947300,6.594687
55.797530,8.262023
45.640390,-0.128537
4.530464,-4.295938
303.562500,4.804909
228.634600,-8.260091
152.293200,-5.911212
49.239790,-2.890742
217.561100,-0.816011
1.149308,4.742799
71.589680,4.645548
118.447100,-4.668285
18.858230,8.534893
265.039700,3.821471
268.827900,1.683614
201.926800,-5.572730
116.124600,7.012493
262.921500,8.091631
43.908770,-1.996405
221.410000,-8.023932
123.116700,5.115029
199.286300,-9.270675
226.127700,-1.487557
141.163900,7.607224
282.174700,9.432564
277.605000,-8.348507
223.870700,4.598226
127.319300,-0.593734
136.597800,-2.719481
165.797900,5.451581
258.824400,-4.981019
265.691300,-8.362233
27.144690,-7.270495
67.077900,6.905353
213.853400,-6.092370
244.880100,-5.497320
205.756900,4.709585
177.652000,-2.984039
13.572080,9.240982
189.971500,-6.224440
274.760900,-8.287925
119.198300,4.928067
