0.562570,-9.163088
1.885148,-9.163088
3.207726,-9.163088
4.530305,-9.163088
5.852883,-9.163088
7.175462,-9.163088
8.498040,-9.163088
9.820618,-9.163088
11.143200,-9.163088
12.465770,-9.163088
13.788350,-9.163088
15.110930,-9.163088
16.433510,-9.163088
17.756090,-9.163088
19.078670,-9.163088
20.401250,-9.163088
21.723820,-9.163088
23.046400,-9.163088
24.368980,-9.163088
25.691560,-9.163088
27.014140,-9.163088
28.336710,-9.163088
29.659290,-9.163088
30.981870,-9.163088
32.304450,-9.163088
33.627030,-9.163088
34.949610,-9.163088
36.272190,-9.163088
37.594760,-9.163088
38.917340,-9.163088
40.239920,-9.163088
41.562500,-9.163088
42.885070,-9.163088
44.207650,-9.163088
45.530230,-9.163088
46.852810,-9.163088
48.175390,-9.163088
49.497970,-9.163088
50.820550,-9.163088
52.143120,-9.163088
53.465700,-9.163088
54.788280,-9.163088
56.110860,-9.163088
57.433440,-9.163088
58.756020,-9.163088
60.078590,-9.163088
61.401170,-9.163088
62.723750,-9.163088
64.046330,-9.163088
65.368900,-9.163088
66.691480,-9.163088
68.014060,-9.163088
69.336640,-9.163088
70.659220,-9.163088
71.981800,-9.163088
73.304370,-9.163088
74.626950,-9.163088
75.949530,-9.163088
77.272110,-9.163088
78.594690,-9.163088
79.917270,-9.163088
81.239850,-9.163088
82.562420,-9.163088
83.885000,-9.163088
85.207580,-9.163088
86.530160,-9.163088
87.852740,-9.163088
89.175320,-9.163088
90.497890,-9.163088
91.820470,-9.163088
93.143050,-9.163088
94.465630,-9.163088
95.788210,-9.163088
97.110790,-9.163088
98.433360,-9.163088
99.755940,-9.163088
101.078500,-9.163088
102.401100,-9.163088
103.723700,-9.163088
105.046300,-9.163088
106.368800,-9.163088
107.691400,-9.163088
109.014000,-9.163088
110.336600,-9.163088
111.659100,-9.163088
112.981700,-9.163088
114.304300,-9.163088
115.626900,-9.163088
116.949500,-9.163088
118.272000,-9.163088
119.594600,-9.163088
120.917200,-9.163088
122.239800,-9.163088
123.562400,-9.163088
124.884900,-9.163088
126.207500,-9.163088
127.530100,-9.163088
128.852700,-9.163088
130.175200,-9.163088
131.497800,-9.163088
132.820400,-9.163088
134.143000,-9.163088
135.465600,-9.163088
136.788100,-9.163088
138.110700,-9.163088
139.433300,-9.163088
140.755900,-9.163088
142.078400,-9.163088
143.401000,-9.163088
144.723600,-9.163088
146.046200,-9.163088
147.368800,-9.163088
148.691300,-9.163088
150.013900,-9.163088
151.336500,-9.163088
152.659100,-9.163088
153.981700,-9.163088
155.304200,-9.163088
156.626800,-9.163088
157.949400,-9.163088
159.272000,-9.163088
160.594500,-9.163088
161.917100,-9.163088
163.239700,-9.163088
164.562300,-9.163088
165.884900,-9.163088
167.207400,-9.163088
168.530000,-9.163088
169.852600,-9.163088
171.175200,-9.163088
172.497800,-9.163088
173.820300,-9.163088
175.142900,-9.163088
176.465500,-9.163088
177.788100,-9.163088
179.110600,-9.163088
180.433200,-9.163088
181.755800,-9.163088
183.078400,-9.163088
184.401000,-9.163088
185.723500,-9.163088
187.046100,-9.163088
188.368700,-9.163088
189.691300,-9.163088
191.013800,-9.163088
192.336400,-9.163088
193.659000,-9.163088
194.981600,-9.163088
196.304200,-9.163088
197.626700,-9.163088
198.949300,-9.163088
200.271900,-9.163088
201.594500,-9.163088
202.917100,-9.163088
204.239600,-9.163088
205.562200,-9.163088
206.884800,-9.163088
208.207400,-9.163088
209.529900,-9.163088
210.852500,-9.163088
212.175100,-9.163088
213.497700,-9.163088
214.820300,-9.163088
216.142800,-9.163088
217.465400,-9.163088
218.788000,-9.163088
220.110600,-9.163088
221.433200,-9.163088
222.755700,-9.163088
224.078300,-9.163088
225.400900,-9.163088
226.723500,-9.163088
228.046000,-9.163088
229.368600,-9.163088
230.691200,-9.163088
232.013800,-9.163088
233.336300,-9.163088
234.658900,-9.163088
235.981500,-9.163088
237.304100,-9.163088
238.626700,-9.163088
239.949200,-9.163088
241.271800,-9.163088
242.594400,-9.163088
243.917000,-9.163088
245.239600,-9.163088
246.562100,-9.163088
247.884700,-9.163088
249.207300,-9.163088
250.529900,-9.163088
251.852400,-9.163088
253.175000,-9.163088
254.497600,-9.163088
255.820200,-9.163088
257.142800,-9.163088
258.465300,-9.163088
259.787900,-9.163088
261.110500,-9.163088
262.433100,-9.163088
263.755600,-9.163088
265.078200,-9.163088
266.400800,-9.163088
267.723400,-9.163088
269.046000,-9.163088
270.368500,-9.163088
271.691100,-9.163088
273.013700,-9.163088
274.336300,-9.163088
275.658800,-9.163088
276.981400,-9.163088
278.304000,-9.163088
279.626600,-9.163088
280.949200,-9.163088
282.271800,-9.163088
283.594300,-9.163088
284.916900,-9.163088
286.239500,-9.163088
287.562100,-9.163088
288.884600,-9.163088
290.207200,-9.163088
291.529800,-9.163088
292.852400,-9.163088
294.175000,-9.163088
295.497500,-9.163088
296.820100,-9.163088
298.142700,-9.163088
299.465300,-9.163088
300.787800,-9.163088
302.110400,-9.163088
303.433000,-9.163088
304.755600,-9.163088
306.078200,-9.163088
307.400700,-9.163088
308.723300,-9.163088
310.045900,-9.163088
311.368500,-9.163088
312.691000,-9.163088
1.223859,-8.017701
2.546438,-8.017701
3.869016,-8.017701
5.191594,-8.017701
6.514173,-8.017701
7.836751,-8.017701
9.159329,-8.017701
10.481910,-8.017701
11.804490,-8.017701
13.127060,-8.017701
14.449640,-8.017701
15.772220,-8.017701
17.094800,-8.017701
18.417380,-8.017701
19.739960,-8.017701
21.062530,-8.017701
22.385110,-8.017701
23.707690,-8.017701
25.030270,-8.017701
26.352850,-8.017701
27.675420,-8.017701
28.998000,-8.017701
30.320580,-8.017701
31.643160,-8.017701
32.965740,-8.017701
34.288320,-8.017701
35.610900,-8.017701
36.933470,-8.017701
38.256050,-8.017701
39.578630,-8.017701
40.901210,-8.017701
42.223790,-8.017701
43.546360,-8.017701
44.868940,-8.017701
46.191520,-8.017701
47.514100,-8.017701
48.836680,-8.017701
50.159260,-8.017701
51.481830,-8.017701
52.804410,-8.017701
54.126990,-8.017701
55.449570,-8.017701
56.772150,-8.017701
58.094730,-8.017701
59.417300,-8.017701
60.739880,-8.017701
62.062460,-8.017701
63.385040,-8.017701
64.707620,-8.017701
66.030200,-8.017701
67.352780,-8.017701
68.675350,-8.017701
69.997930,-8.017701
71.320510,-8.017701
72.643090,-8.017701
73.965670,-8.017701
75.288250,-8.017701
76.610820,-8.017701
77.933400,-8.017701
79.255980,-8.017701
80.578560,-8.017701
81.901140,-8.017701
83.223720,-8.017701
84.546300,-8.017701
85.868870,-8.017701
87.191450,-8.017701
88.514030,-8.017701
89.836610,-8.017701
91.159190,-8.017701
92.481770,-8.017701
93.804340,-8.017701
95.126920,-8.017701
96.449500,-8.017701
97.772080,-8.017701
99.094660,-8.017701
100.417200,-8.017701
101.739800,-8.017701
103.062400,-8.017701
104.385000,-8.017701
105.707500,-8.017701
107.030100,-8.017701
108.352700,-8.017701
109.675300,-8.017701
110.997900,-8.017701
112.320400,-8.017701
113.643000,-8.017701
114.965600,-8.017701
116.288200,-8.017701
117.610700,-8.017701
118.933300,-8.017701
120.255900,-8.017701
121.578500,-8.017701
122.901100,-8.017701
124.223600,-8.017701
125.546200,-8.017701
126.868800,-8.017701
128.191400,-8.017701
129.514000,-8.017701
130.836500,-8.017701
132.159100,-8.017701
133.481700,-8.017701
134.804300,-8.017701
136.126800,-8.017701
137.449400,-8.017701
138.772000,-8.017701
140.094600,-8.017701
141.417200,-8.017701
142.739700,-8.017701
144.062300,-8.017701
145.384900,-8.017701
146.707500,-8.017701
148.030000,-8.017701
149.352600,-8.017701
150.675200,-8.017701
151.997800,-8.017701
153.320400,-8.017701
154.642900,-8.017701
155.965500,-8.017701
157.288100,-8.017701
158.610700,-8.017701
159.933300,-8.017701
161.255800,-8.017701
162.578400,-8.017701
163.901000,-8.017701
165.223600,-8.017701
166.546100,-8.017701
167.868700,-8.017701
169.191300,-8.017701
170.513900,-8.017701
171.836500,-8.017701
173.159000,-8.017701
174.481600,-8.017701
175.804200,-8.017701
177.126800,-8.017701
178.449400,-8.017701
179.771900,-8.017701
181.094500,-8.017701
182.417100,-8.017701
183.739700,-8.017701
185.062200,-8.017701
186.384800,-8.017701
187.707400,-8.017701
189.030000,-8.017701
190.352600,-8.017701
191.675100,-8.017701
192.997700,-8.017701
194.320300,-8.017701
195.642900,-8.017701
196.965500,-8.017701
198.288000,-8.017701
199.610600,-8.017701
200.933200,-8.017701
202.255800,-8.017701
203.578300,-8.017701
204.900900,-8.017701
206.223500,-8.017701
207.546100,-8.017701
208.868700,-8.017701
210.191200,-8.017701
211.513800,-8.017701
212.836400,-8.017701
214.159000,-8.017701
215.481600,-8.017701
216.804100,-8.017701
218.126700,-8.017701
219.449300,-8.017701
220.771900,-8.017701
222.094400,-8.017701
223.417000,-8.017701
224.739600,-8.017701
226.062200,-8.017701
227.384800,-8.017701
228.707300,-8.017701
230.029900,-8.017701
231.352500,-8.017701
232.675100,-8.017701
233.997600,-8.017701
235.320200,-8.017701
236.642800,-8.017701
237.965400,-8.017701
239.287900,-8.017701
240.610500,-8.017701
241.933100,-8.017701
243.255700,-8.017701
244.578300,-8.017701
245.900800,-8.017701
247.223400,-8.017701
248.546000,-8.017701
249.868600,-8.017701
251.191200,-8.017701
252.513700,-8.017701
253.836300,-8.017701
255.158900,-8.017701
256.481500,-8.017701
257.804000,-8.017701
259.126600,-8.017701
260.449200,-8.017701
261.771800,-8.017701
263.094400,-8.017701
264.416900,-8.017701
265.739500,-8.017701
267.062100,-8.017701
268.384700,-8.017701
269.707200,-8.017701
271.029800,-8.017701
272.352400,-8.017701
273.675000,-8.017701
274.997600,-8.017701
276.320200,-8.017701
277.642700,-8.017701
278.965300,-8.017701
280.287900,-8.017701
281.610500,-8.017701
282.933000,-8.017701
284.255600,-8.017701
285.578200,-8.017701
286.900800,-8.017701
288.223400,-8.017701
289.545900,-8.017701
290.868500,-8.017701
292.191100,-8.017701
293.513700,-8.017701
294.836200,-8.017701
296.158800,-8.017701
297.481400,-8.017701
298.804000,-8.017701
300.126600,-8.017701
301.449100,-8.017701
302.771700,-8.017701
304.094300,-8.017701
305.416900,-8.017701
306.739400,-8.017701
308.062000,-8.017701
309.384600,-8.017701
310.707200,-8.017701
312.029800,-8.017701
313.352300,-8.017701
0.562570,-6.872315
1.885148,-6.872315
3.207726,-6.872315
4.530305,-6.872315
5.852883,-6.872315
7.175462,-6.872315
8.498040,-6.872315
9.820618,-6.872315
11.143200,-6.872315
12.465770,-6.872315
13.788350,-6.872315
15.110930,-6.872315
16.433510,-6.872315
17.756090,-6.872315
19.078670,-6.872315
20.401250,-6.872315
21.723820,-6.872315
23.046400,-6.872315
24.368980,-6.872315
25.691560,-6.872315
27.014140,-6.872315
28.336710,-6.872315
29.659290,-6.872315
30.981870,-6.872315
32.304450,-6.872315
33.627030,-6.872315
34.949610,-6.872315
36.272190,-6.872315
37.594760,-6.872315
38.917340,-6.872315
40.239920,-6.872315
41.562500,-6.872315
42.885070,-6.872315
44.207650,-6.872315
45.530230,-6.872315
46.852810,-6.872315
48.175390,-6.872315
49.497970,-6.872315
50.820550,-6.872315
52.143120,-6.872315
53.465700,-6.872315
54.788280,-6.872315
56.110860,-6.872315
57.433440,-6.872315
58.756020,-6.872315
60.078590,-6.872315
61.401170,-6.872315
62.723750,-6.872315
64.046330,-6.872315
65.368900,-6.872315
66.691480,-6.872315
68.014060,-6.872315
69.336640,-6.872315
70.659220,-6.872315
71.981800,-6.872315
73.304370,-6.872315
74.626950,-6.872315
75.949530,-6.872315
77.272110,-6.872315
78.594690,-6.872315
79.917270,-6.872315
81.239850,-6.872315
82.562420,-6.872315
83.885000,-6.872315
85.207580,-6.872315
86.530160,-6.872315
87.852740,-6.872315
89.175320,-6.872315
90.497890,-6.872315
91.820470,-6.872315
93.143050,-6.872315
94.465630,-6.872315
95.788210,-6.872315
97.110790,-6.872315
98.433360,-6.872315
99.755940,-6.872315
101.078500,-6.872315
102.401100,-6.872315
103.723700,-6.872315
105.046300,-6.872315
106.368800,-6.872315
107.691400,-6.872315
109.014000,-6.872315
110.336600,-6.872315
111.659100,-6.872315
112.981700,-6.872315
114.304300,-6.872315
115.626900,-6.872315
116.949500,-6.872315
118.272000,-6.872315
119.594600,-6.872315
120.917200,-6.872315
122.239800,-6.872315
123.562400,-6.872315
124.884900,-6.872315
126.207500,-6.872315
127.530100,-6.872315
128.852700,-6.872315
130.175200,-6.872315
131.497800,-6.872315
132.820400,-6.872315
134.143000,-6.872315
135.465600,-6.872315
136.788100,-6.872315
138.110700,-6.872315
139.433300,-6.872315
140.755900,-6.872315
142.078400,-6.872315
143.401000,-6.872315
144.723600,-6.872315
146.046200,-6.872315
147.368800,-6.872315
148.691300,-6.872315
150.013900,-6.872315
151.336500,-6.872315
152.659100,-6.872315
153.981700,-6.872315
155.304200,-6.872315
156.626800,-6.872315
157.949400,-6.872315
159.272000,-6.872315
160.594500,-6.872315
161.917100,-6.872315
163.239700,-6.872315
164.562300,-6.872315
165.884900,-6.872315
167.207400,-6.872315
168.530000,-6.872315
169.852600,-6.872315
171.175200,-6.872315
172.497800,-6.872315
173.820300,-6.872315
175.142900,-6.872315
176.465500,-6.872315
177.788100,-6.872315
179.110600,-6.872315
180.433200,-6.872315
181.755800,-6.872315
183.078400,-6.872315
184.401000,-6.872315
185.723500,-6.872315
187.046100,-6.872315
188.368700,-6.872315
189.691300,-6.872315
191.013800,-6.872315
192.336400,-6.872315
193.659000,-6.872315
194.981600,-6.872315
196.304200,-6.872315
197.626700,-6.872315
198.949300,-6.872315
200.271900,-6.872315
201.594500,-6.872315
202.917100,-6.872315
204.239600,-6.872315
205.562200,-6.872315
206.884800,-6.872315
208.207400,-6.872315
209.529900,-6.872315
210.852500,-6.872315
212.175100,-6.872315
213.497700,-6.872315
214.820300,-6.872315
216.142800,-6.872315
217.465400,-6.872315
218.788000,-6.872315
220.110600,-6.872315
221.433200,-6.872315
222.755700,-6.872315
224.078300,-6.872315
225.400900,-6.872315
226.723500,-6.872315
228.046000,-6.872315
229.368600,-6.872315
230.691200,-6.872315
232.013800,-6.872315
233.336300,-6.872315
234.658900,-6.872315
235.981500,-6.872315
237.304100,-6.872315
238.626700,-6.872315
239.949200,-6.872315
241.271800,-6.872315
242.594400,-6.872315
243.917000,-6.872315
245.239600,-6.872315
246.562100,-6.872315
247.884700,-6.872315
249.207300,-6.872315
250.529900,-6.872315
251.852400,-6.872315
253.175000,-6.872315
254.497600,-6.872315
255.820200,-6.872315
257.142800,-6.872315
258.465300,-6.872315
259.787900,-6.872315
261.110500,-6.872315
262.433100,-6.872315
263.755600,-6.872315
265.078200,-6.872315
266.400800,-6.872315
267.723400,-6.872315
269.046000,-6.872315
270.368500,-6.872315
271.691100,-6.872315
273.013700,-6.872315
274.336300,-6.872315
275.658800,-6.872315
276.981400,-6.872315
278.304000,-6.872315
279.626600,-6.872315
280.949200,-6.872315
282.271800,-6.872315
283.594300,-6.872315
284.916900,-6.872315
286.239500,-6.872315
287.562100,-6.872315
288.884600,-6.872315
290.207200,-6.872315
291.529800,-6.872315
292.852400,-6.872315
294.175000,-6.872315
295.497500,-6.872315
296.820100,-6.872315
298.142700,-6.872315
299.465300,-6.872315
300.787800,-6.872315
302.110400,-6.872315
303.433000,-6.872315
304.755600,-6.872315
306.078200,-6.872315
307.400700,-6.872315
308.723300,-6.872315
310.045900,-6.872315
311.368500,-6.872315
312.691000,-6.872315
1.223859,-5.726929
2.546438,-5.726929
3.869016,-5.726929
5.191594,-5.726929
6.514173,-5.726929
7.836751,-5.726929
9.159329,-5.726929
10.481910,-5.726929
11.804490,-5.726929
13.127060,-5.726929
14.449640,-5.726929
15.772220,-5.726929
17.094800,-5.726929
18.417380,-5.726929
19.739960,-5.726929
21.062530,-5.726929
22.385110,-5.726929
23.707690,-5.726929
25.030270,-5.726929
26.352850,-5.726929
27.675420,-5.726929
28.998000,-5.726929
30.320580,-5.726929
31.643160,-5.726929
32.965740,-5.726929
34.288320,-5.726929
35.610900,-5.726929
36.933470,-5.726929
38.256050,-5.726929
39.578630,-5.726929
40.901210,-5.726929
42.223790,-5.726929
43.546360,-5.726929
44.868940,-5.726929
46.191520,-5.726929
47.514100,-5.726929
48.836680,-5.726929
50.159260,-5.726929
51.481830,-5.726929
52.804410,-5.726929
54.126990,-5.726929
55.449570,-5.726929
56.772150,-5.726929
58.094730,-5.726929
59.417300,-5.726929
60.739880,-5.726929
62.062460,-5.726929
63.385040,-5.726929
64.707620,-5.726929
66.030200,-5.726929
67.352780,-5.726929
68.675350,-5.726929
69.997930,-5.726929
71.320510,-5.726929
72.643090,-5.726929
73.965670,-5.726929
75.288250,-5.726929
76.610820,-5.726929
77.933400,-5.726929
79.255980,-5.726929
80.578560,-5.726929
81.901140,-5.726929
83.223720,-5.726929
84.546300,-5.726929
85.868870,-5.726929
87.191450,-5.726929
88.514030,-5.726929
89.836610,-5.726929
91.159190,-5.726929
92.481770,-5.726929
93.804340,-5.726929
95.126920,-5.726929
96.449500,-5.726929
97.772080,-5.726929
99.094660,-5.726929
100.417200,-5.726929
101.739800,-5.726929
103.062400,-5.726929
104.385000,-5.726929
105.707500,-5.726929
107.030100,-5.726929
108.352700,-5.726929
109.675300,-5.726929
110.997900,-5.726929
112.320400,-5.726929
113.643000,-5.726929
114.965600,-5.726929
116.288200,-5.726929
117.610700,-5.726929
118.933300,-5.726929
120.255900,-5.726929
121.578500,-5.726929
122.901100,-5.726929
124.223600,-5.726929
125.546200,-5.726929
126.868800,-5.726929
128.191400,-5.726929
129.514000,-5.726929
130.836500,-5.726929
132.159100,-5.726929
133.481700,-5.726929
134.804300,-5.726929
136.126800,-5.726929
137.449400,-5.726929
138.772000,-5.726929
140.094600,-5.726929
141.417200,-5.726929
142.739700,-5.726929
144.062300,-5.726929
145.384900,-5.726929
146.707500,-5.726929
148.030000,-5.726929
149.352600,-5.726929
150.675200,-5.726929
151.997800,-5.726929
153.320400,-5.726929
154.642900,-5.726929
155.965500,-5.726929
157.288100,-5.726929
158.610700,-5.726929
159.933300,-5.726929
161.255800,-5.726929
162.578400,-5.726929
163.901000,-5.726929
165.223600,-5.726929
166.546100,-5.726929
167.868700,-5.726929
169.191300,-5.726929
170.513900,-5.726929
171.836500,-5.726929
173.159000,-5.726929
174.481600,-5.726929
175.804200,-5.726929
177.126800,-5.726929
178.449400,-5.726929
179.771900,-5.726929
181.094500,-5.726929
182.417100,-5.726929
183.739700,-5.726929
185.062200,-5.726929
186.384800,-5.726929
187.707400,-5.726929
189.030000,-5.726929
190.352600,-5.726929
191.675100,-5.726929
192.997700,-5.726929
194.320300,-5.726929
195.642900,-5.726929
196.965500,-5.726929
198.288000,-5.726929
199.610600,-5.726929
200.933200,-5.726929
202.255800,-5.726929
203.578300,-5.726929
204.900900,-5.726929
206.223500,-5.726929
207.546100,-5.726929
208.868700,-5.726929
210.191200,-5.726929
211.513800,-5.726929
212.836400,-5.726929
214.159000,-5.726929
215.481600,-5.726929
216.804100,-5.726929
218.126700,-5.726929
219.449300,-5.726929
220.771900,-5.726929
222.094400,-5.726929
223.417000,-5.726929
224.739600,-5.726929
226.062200,-5.726929
227.384800,-5.726929
228.707300,-5.726929
230.029900,-5.726929
231.352500,-5.726929
232.675100,-5.726929
233.997600,-5.726929
235.320200,-5.726929
236.642800,-5.726929
237.965400,-5.726929
239.287900,-5.726929
240.610500,-5.726929
241.933100,-5.726929
243.255700,-5.726929
244.578300,-5.726929
245.900800,-5.726929
247.223400,-5.726929
248.546000,-5.726929
249.868600,-5.726929
251.191200,-5.726929
252.513700,-5.726929
253.836300,-5.726929
255.158900,-5.726929
256.481500,-5.726929
257.804000,-5.726929
259.126600,-5.726929
260.449200,-5.726929
261.771800,-5.726929
263.094400,-5.726929
264.416900,-5.726929
265.739500,-5.726929
267.062100,-5.726929
268.384700,-5.726929
269.707200,-5.726929
271.029800,-5.726929
272.352400,-5.726929
273.675000,-5.726929
274.997600,-5.726929
276.320200,-5.726929
277.642700,-5.726929
278.965300,-5.726929
280.287900,-5.726929
281.610500,-5.726929
282.933000,-5.726929
284.255600,-5.726929
285.578200,-5.726929
286.900800,-5.726929
288.223400,-5.726929
289.545900,-5.726929
290.868500,-5.726929
292.191100,-5.726929
293.513700,-5.726929
294.836200,-5.726929
296.158800,-5.726929
297.481400,-5.726929
298.804000,-5.726929
300.126600,-5.726929
301.449100,-5.726929
302.771700,-5.726929
304.094300,-5.726929
305.416900,-5.726929
306.739400,-5.726929
308.062000,-5.726929
309.384600,-5.726929
310.707200,-5.726929
312.029800,-5.726929
313.352300,-5.726929
0.562570,-4.581542
1.885148,-4.581542
3.207726,-4.581542
4.530305,-4.581542
5.852883,-4.581542
7.175462,-4.581542
8.498040,-4.581542
9.820618,-4.581542
11.143200,-4.581542
12.465770,-4.581542
13.788350,-4.581542
15.110930,-4.581542
16.433510,-4.581542
17.756090,-4.581542
19.078670,-4.581542
20.401250,-4.581542
21.723820,-4.581542
23.046400,-4.581542
24.368980,-4.581542
25.691560,-4.581542
27.014140,-4.581542
28.336710,-4.581542
29.659290,-4.581542
30.981870,-4.581542
32.304450,-4.581542
33.627030,-4.581542
34.949610,-4.581542
36.272190,-4.581542
37.594760,-4.581542
38.917340,-4.581542
40.239920,-4.581542
41.562500,-4.581542
42.885070,-4.581542
44.207650,-4.581542
45.530230,-4.581542
46.852810,-4.581542
48.175390,-4.581542
49.497970,-4.581542
50.820550,-4.581542
52.143120,-4.581542
53.465700,-4.581542
54.788280,-4.581542
56.110860,-4.581542
57.433440,-4.581542
58.756020,-4.581542
60.078590,-4.581542
61.401170,-4.581542
62.723750,-4.581542
64.046330,-4.581542
65.368900,-4.581542
66.691480,-4.581542
68.014060,-4.581542
69.336640,-4.581542
70.659220,-4.581542
71.981800,-4.581542
73.304370,-4.581542
74.626950,-4.581542
75.949530,-4.581542
77.272110,-4.581542
78.594690,-4.581542
79.917270,-4.581542
81.239850,-4.581542
82.562420,-4.581542
83.885000,-4.581542
85.207580,-4.581542
86.530160,-4.581542
87.852740,-4.581542
89.175320,-4.581542
90.497890,-4.581542
91.820470,-4.581542
93.143050,-4.581542
94.465630,-4.581542
95.788210,-4.581542
97.110790,-4.581542
98.433360,-4.581542
99.755940,-4.581542
101.078500,-4.581542
102.401100,-4.581542
103.723700,-4.581542
105.046300,-4.581542
106.368800,-4.581542
107.691400,-4.581542
109.014000,-4.581542
110.336600,-4.581542
111.659100,-4.581542
112.981700,-4.581542
114.304300,-4.581542
115.626900,-4.581542
116.949500,-4.581542
118.272000,-4.581542
119.594600,-4.581542
120.917200,-4.581542
122.239800,-4.581542
123.562400,-4.581542
124.884900,-4.581542
126.207500,-4.581542
127.530100,-4.581542
128.852700,-4.581542
130.175200,-4.581542
131.497800,-4.581542
132.820400,-4.581542
134.143000,-4.581542
135.465600,-4.581542
136.788100,-4.581542
138.110700,-4.581542
139.433300,-4.581542
140.755900,-4.581542
142.078400,-4.581542
143.401000,-4.581542
144.723600,-4.581542
146.046200,-4.581542
147.368800,-4.581542
148.691300,-4.581542
150.013900,-4.581542
151.336500,-4.581542
152.659100,-4.581542
153.981700,-4.581542
155.304200,-4.581542
156.626800,-4.581542
157.949400,-4.581542
159.272000,-4.581542
160.594500,-4.581542
161.917100,-4.581542
163.239700,-4.581542
164.562300,-4.581542
165.884900,-4.581542
167.207400,-4.581542
168.530000,-4.581542
169.852600,-4.581542
171.175200,-4.581542
172.497800,-4.581542
173.820300,-4.581542
175.142900,-4.581542
176.465500,-4.581542
177.788100,-4.581542
179.110600,-4.581542
180.433200,-4.581542
181.755800,-4.581542
183.078400,-4.581542
184.401000,-4.581542
185.723500,-4.581542
187.046100,-4.581542
188.368700,-4.581542
189.691300,-4.581542
191.013800,-4.581542
192.336400,-4.581542
193.659000,-4.581542
194.981600,-4.581542
196.304200,-4.581542
197.626700,-4.581542
198.949300,-4.581542
200.271900,-4.581542
201.594500,-4.581542
202.917100,-4.581542
204.239600,-4.581542
205.562200,-4.581542
206.884800,-4.581542
208.207400,-4.581542
209.529900,-4.581542
210.852500,-4.581542
212.175100,-4.581542
213.497700,-4.581542
214.820300,-4.581542
216.142800,-4.581542
217.465400,-4.581542
218.788000,-4.581542
220.110600,-4.581542
221.433200,-4.581542
222.755700,-4.581542
224.078300,-4.581542
225.400900,-4.581542
226.723500,-4.581542
228.046000,-4.581542
229.368600,-4.581542
230.691200,-4.581542
232.013800,-4.581542
233.336300,-4.581542
234.658900,-4.581542
235.981500,-4.581542
237.304100,-4.581542
238.626700,-4.581542
239.949200,-4.581542
241.271800,-4.581542
242.594400,-4.581542
243.917000,-4.581542
245.239600,-4.581542
246.562100,-4.581542
247.884700,-4.581542
249.207300,-4.581542
250.529900,-4.581542
251.852400,-4.581542
253.175000,-4.581542
254.497600,-4.581542
255.820200,-4.581542
257.142800,-4.581542
258.465300,-4.581542
259.787900,-4.581542
261.110500,-4.581542
262.433100,-4.581542
263.755600,-4.581542
265.078200,-4.581542
266.400800,-4.581542
267.723400,-4.581542
269.046000,-4.581542
270.368500,-4.581542
271.691100,-4.581542
273.013700,-4.581542
274.336300,-4.581542
275.658800,-4.581542
276.981400,-4.581542
278.304000,-4.581542
279.626600,-4.581542
280.949200,-4.581542
282.271800,-4.581542
283.594300,-4.581542
284.916900,-4.581542
286.239500,-4.581542
287.562100,-4.581542
288.884600,-4.581542
290.207200,-4.581542
291.529800,-4.581542
292.852400,-4.581542
294.175000,-4.581542
295.497500,-4.581542
296.820100,-4.581542
298.142700,-4.581542
299.465300,-4.581542
300.787800,-4.581542
302.110400,-4.581542
303.433000,-4.581542
304.755600,-4.581542
306.078200,-4.581542
307.400700,-4.581542
308.723300,-4.581542
310.045900,-4.581542
311.368500,-4.581542
312.691000,-4.581542
1.223859,-3.436156
2.546438,-3.436156
3.869016,-3.436156
5.191594,-3.436156
6.514173,-3.436156
7.836751,-3.436156
9.159329,-3.436156
10.481910,-3.436156
11.804490,-3.436156
13.127060,-3.436156
14.449640,-3.436156
15.772220,-3.436156
17.094800,-3.436156
18.417380,-3.436156
19.739960,-3.436156
21.062530,-3.436156
22.385110,-3.436156
23.707690,-3.436156
25.030270,-3.436156
26.352850,-3.436156
27.675420,-3.436156
28.998000,-3.436156
30.320580,-3.436156
31.643160,-3.436156
32.965740,-3.436156
34.288320,-3.436156
35.610900,-3.436156
36.933470,-3.436156
38.256050,-3.436156
39.578630,-3.436156
40.901210,-3.436156
42.223790,-3.436156
43.546360,-3.436156
44.868940,-3.436156
46.191520,-3.436156
47.514100,-3.436156
48.836680,-3.436156
50.159260,-3.436156
51.481830,-3.436156
52.804410,-3.436156
54.126990,-3.436156
55.449570,-3.436156
56.772150,-3.436156
58.094730,-3.436156
59.417300,-3.436156
60.739880,-3.436156
62.062460,-3.436156
63.385040,-3.436156
64.707620,-3.436156
66.030200,-3.436156
67.352780,-3.436156
68.675350,-3.436156
69.997930,-3.436156
71.320510,-3.436156
72.643090,-3.436156
73.965670,-3.436156
75.288250,-3.436156
76.610820,-3.436156
77.933400,-3.436156
79.255980,-3.436156
80.578560,-3.436156
81.901140,-3.436156
83.223720,-3.436156
84.546300,-3.436156
85.868870,-3.436156
87.191450,-3.436156
88.514030,-3.436156
89.836610,-3.436156
91.159190,-3.436156
92.481770,-3.436156
93.804340,-3.436156
95.126920,-3.436156
96.449500,-3.436156
97.772080,-3.436156
99.094660,-3.436156
100.417200,-3.436156
101.739800,-3.436156
103.062400,-3.436156
104.385000,-3.436156
105.707500,-3.436156
107.030100,-3.436156
108.352700,-3.436156
109.675300,-3.436156
110.997900,-3.436156
112.320400,-3.436156
113.643000,-3.436156
114.965600,-3.436156
116.288200,-3.436156
117.610700,-3.436156
118.933300,-3.436156
120.255900,-3.436156
121.578500,-3.436156
122.901100,-3.436156
124.223600,-3.436156
125.546200,-3.436156
126.868800,-3.436156
128.191400,-3.436156
129.514000,-3.436156
130.836500,-3.436156
132.159100,-3.436156
133.481700,-3.436156
134.804300,-3.436156
136.126800,-3.436156
137.449400,-3.436156
138.772000,-3.436156
140.094600,-3.436156
141.417200,-3.436156
142.739700,-3.436156
144.062300,-3.436156
145.384900,-3.436156
146.707500,-3.436156
148.030000,-3.436156
149.352600,-3.436156
150.675200,-3.436156
151.997800,-3.436156
153.320400,-3.436156
154.642900,-3.436156
155.965500,-3.436156
157.288100,-3.436156
158.610700,-3.436156
159.933300,-3.436156
161.255800,-3.436156
162.578400,-3.436156
163.901000,-3.436156
165.223600,-3.436156
166.546100,-3.436156
167.868700,-3.436156
169.191300,-3.436156
170.513900,-3.436156
171.836500,-3.436156
173.159000,-3.436156
174.481600,-3.436156
175.804200,-3.436156
177.126800,-3.436156
178.449400,-3.436156
179.771900,-3.436156
181.094500,-3.436156
182.417100,-3.436156
183.739700,-3.436156
185.062200,-3.436156
186.384800,-3.436156
187.707400,-3.436156
189.030000,-3.436156
190.352600,-3.436156
191.675100,-3.436156
192.997700,-3.436156
194.320300,-3.436156
195.642900,-3.436156
196.965500,-3.436156
198.288000,-3.436156
199.610600,-3.436156
200.933200,-3.436156
202.255800,-3.436156
203.578300,-3.436156
204.900900,-3.436156
206.223500,-3.436156
207.546100,-3.436156
208.868700,-3.436156
210.191200,-3.436156
211.513800,-3.436156
212.836400,-3.436156
214.159000,-3.436156
215.481600,-3.436156
216.804100,-3.436156
218.126700,-3.436156
219.449300,-3.436156
220.771900,-3.436156
222.094400,-3.436156
223.417000,-3.436156
224.739600,-3.436156
226.062200,-3.436156
227.384800,-3.436156
228.707300,-3.436156
230.029900,-3.436156
231.352500,-3.436156
232.675100,-3.436156
233.997600,-3.436156
235.320200,-3.436156
236.642800,-3.436156
237.965400,-3.436156
239.287900,-3.436156
240.610500,-3.436156
241.933100,-3.436156
243.255700,-3.436156
244.578300,-3.436156
245.900800,-3.436156
247.223400,-3.436156
248.546000,-3.436156
249.868600,-3.436156
251.191200,-3.436156
252.513700,-3.436156
253.836300,-3.436156
255.158900,-3.436156
256.481500,-3.436156
257.804000,-3.436156
259.126600,-3.436156
260.449200,-3.436156
261.771800,-3.436156
263.094400,-3.436156
264.416900,-3.436156
265.739500,-3.436156
267.062100,-3.436156
268.384700,-3.436156
269.707200,-3.436156
271.029800,-3.436156
272.352400,-3.436156
273.675000,-3.436156
274.997600,-3.436156
276.320200,-3.436156
277.642700,-3.436156
278.965300,-3.436156
280.287900,-3.436156
281.610500,-3.436156
282.933000,-3.436156
284.255600,-3.436156
285.578200,-3.436156
286.900800,-3.436156
288.223400,-3.436156
289.545900,-3.436156
290.868500,-3.436156
292.191100,-3.436156
293.513700,-3.436156
294.836200,-3.436156
296.158800,-3.436156
297.481400,-3.436156
298.804000,-3.436156
300.126600,-3.436156
301.449100,-3.436156
302.771700,-3.436156
304.094300,-3.436156
305.416900,-3.436156
306.739400,-3.436156
308.062000,-3.436156
309.384600,-3.436156
310.707200,-3.436156
312.029800,-3.436156
313.352300,-3.436156
0.562570,-2.290770
1.885148,-2.290770
3.207726,-2.290770
4.530305,-2.290770
5.852883,-2.290770
7.175462,-2.290770
8.498040,-2.290770
9.820618,-2.290770
11.143200,-2.290770
12.465770,-2.290770
13.788350,-2.290770
15.110930,-2.290770
16.433510,-2.290770
17.756090,-2.290770
19.078670,-2.290770
20.401250,-2.290770
21.723820,-2.290770
23.046400,-2.290770
24.368980,-2.290770
25.691560,-2.290770
27.014140,-2.290770
28.336710,-2.290770
29.659290,-2.290770
30.981870,-2.290770
32.304450,-2.290770
33.627030,-2.290770
34.949610,-2.290770
36.272190,-2.290770
37.594760,-2.290770
38.917340,-2.290770
40.239920,-2.290770
41.562500,-2.290770
42.885070,-2.290770
44.207650,-2.290770
45.530230,-2.290770
46.852810,-2.290770
48.175390,-2.290770
49.497970,-2.290770
50.820550,-2.290770
52.143120,-2.290770
53.465700,-2.290770
54.788280,-2.290770
56.110860,-2.290770
57.433440,-2.290770
58.756020,-2.290770
60.078590,-2.290770
61.401170,-2.290770
62.723750,-2.290770
64.046330,-2.290770
65.368900,-2.290770
66.691480,-2.290770
68.014060,-2.290770
69.336640,-2.290770
70.659220,-2.290770
71.981800,-2.290770
73.304370,-2.290770
74.626950,-2.290770
75.949530,-2.290770
77.272110,-2.290770
78.594690,-2.290770
79.917270,-2.290770
81.239850,-2.290770
82.562420,-2.290770
83.885000,-2.290770
85.207580,-2.290770
86.530160,-2.290770
87.852740,-2.290770
89.175320,-2.290770
90.497890,-2.290770
91.820470,-2.290770
93.143050,-2.290770
94.465630,-2.290770
95.788210,-2.290770
97.110790,-2.290770
98.433360,-2.290770
99.755940,-2.290770
101.078500,-2.290770
102.401100,-2.290770
103.723700,-2.290770
105.046300,-2.290770
106.368800,-2.290770
107.691400,-2.290770
109.014000,-2.290770
110.336600,-2.290770
111.659100,-2.290770
112.981700,-2.290770
114.304300,-2.290770
115.626900,-2.290770
116.949500,-2.290770
118.272000,-2.290770
119.594600,-2.290770
120.917200,-2.290770
122.239800,-2.290770
123.562400,-2.290770
124.884900,-2.290770
126.207500,-2.290770
127.530100,-2.290770
128.852700,-2.290770
130.175200,-2.290770
131.497800,-2.290770
132.820400,-2.290770
134.143000,-2.290770
135.465600,-2.290770
136.788100,-2.290770
138.110700,-2.290770
139.433300,-2.290770
140.755900,-2.290770
142.078400,-2.290770
143.401000,-2.290770
144.723600,-2.290770
146.046200,-2.290770
147.368800,-2.290770
148.691300,-2.290770
150.013900,-2.290770
151.336500,-2.290770
152.659100,-2.290770
153.981700,-2.290770
155.304200,-2.290770
156.626800,-2.290770
157.949400,-2.290770
159.272000,-2.290770
160.594500,-2.290770
161.917100,-2.290770
163.239700,-2.290770
164.562300,-2.290770
165.884900,-2.290770
167.207400,-2.290770
168.530000,-2.290770
169.852600,-2.290770
171.175200,-2.290770
172.497800,-2.290770
173.820300,-2.290770
175.142900,-2.290770
176.465500,-2.290770
177.788100,-2.290770
179.110600,-2.290770
180.433200,-2.290770
181.755800,-2.290770
183.078400,-2.290770
184.401000,-2.290770
185.723500,-2.290770
187.046100,-2.290770
188.368700,-2.290770
189.691300,-2.290770
191.013800,-2.290770
192.336400,-2.290770
193.659000,-2.290770
194.981600,-2.290770
196.304200,-2.290770
197.626700,-2.290770
198.949300,-2.290770
200.271900,-2.290770
201.594500,-2.290770
202.917100,-2.290770
204.239600,-2.290770
205.562200,-2.290770
206.884800,-2.290770
208.207400,-2.290770
209.529900,-2.290770
210.852500,-2.290770
212.175100,-2.290770
213.497700,-2.290770
214.820300,-2.290770
216.142800,-2.290770
217.465400,-2.290770
218.788000,-2.290770
220.110600,-2.290770
221.433200,-2.290770
222.755700,-2.290770
224.078300,-2.290770
225.400900,-2.290770
226.723500,-2.290770
228.046000,-2.290770
229.368600,-2.290770
230.691200,-2.290770
232.013800,-2.290770
233.336300,-2.290770
234.658900,-2.290770
235.981500,-2.290770
237.304100,-2.290770
238.626700,-2.290770
239.949200,-2.290770
241.271800,-2.290770
242.594400,-2.290770
243.917000,-2.290770
245.239600,-2.290770
246.562100,-2.290770
247.884700,-2.290770
249.207300,-2.290770
250.529900,-2.290770
251.852400,-2.290770
253.175000,-2.290770
254.497600,-2.290770
255.820200,-2.290770
257.142800,-2.290770
258.465300,-2.290770
259.787900,-2.290770
261.110500,-2.290770
262.433100,-2.290770
263.755600,-2.290770
265.078200,-2.290770
266.400800,-2.290770
267.723400,-2.290770
269.046000,-2.290770
270.368500,-2.290770
271.691100,-2.290770
273.013700,-2.290770
274.336300,-2.290770
275.658800,-2.290770
276.981400,-2.290770
278.304000,-2.290770
279.626600,-2.290770
280.949200,-2.290770
282.271800,-2.290770
283.594300,-2.290770
284.916900,-2.290770
286.239500,-2.290770
287.562100,-2.290770
288.884600,-2.290770
290.207200,-2.290770
291.529800,-2.290770
292.852400,-2.290770
294.175000,-2.290770
295.497500,-2.290770
296.820100,-2.290770
298.142700,-2.290770
299.465300,-2.290770
300.787800,-2.290770
302.110400,-2.290770
303.433000,-2.290770
304.755600,-2.290770
306.078200,-2.290770
307.400700,-2.290770
308.723300,-2.290770
310.045900,-2.290770
311.368500,-2.290770
312.691000,-2.290770
1.223859,-1.145383
2.546438,-1.145383
3.869016,-1.145383
5.191594,-1.145383
6.514173,-1.145383
7.836751,-1.145383
9.159329,-1.145383
10.481910,-1.145383
11.804490,-1.145383
13.127060,-1.145383
14.449640,-1.145383
15.772220,-1.145383
17.094800,-1.145383
18.417380,-1.145383
19.739960,-1.145383
21.062530,-1.145383
22.385110,-1.145383
23.707690,-1.145383
25.030270,-1.145383
26.352850,-1.145383
27.675420,-1.145383
28.998000,-1.145383
30.320580,-1.145383
31.643160,-1.145383
32.965740,-1.145383
34.288320,-1.145383
35.610900,-1.145383
36.933470,-1.145383
38.256050,-1.145383
39.578630,-1.145383
40.901210,-1.145383
42.223790,-1.145383
43.546360,-1.145383
44.868940,-1.145383
46.191520,-1.145383
47.514100,-1.145383
48.836680,-1.145383
50.159260,-1.145383
51.481830,-1.145383
52.804410,-1.145383
54.126990,-1.145383
55.449570,-1.145383
56.772150,-1.145383
58.094730,-1.145383
59.417300,-1.145383
60.739880,-1.145383
62.062460,-1.145383
63.385040,-1.145383
64.707620,-1.145383
66.030200,-1.145383
67.352780,-1.145383
68.675350,-1.145383
69.997930,-1.145383
71.320510,-1.145383
72.643090,-1.145383
73.965670,-1.145383
75.288250,-1.145383
76.610820,-1.145383
77.933400,-1.145383
79.255980,-1.145383
80.578560,-1.145383
81.901140,-1.145383
83.223720,-1.145383
84.546300,-1.145383
85.868870,-1.145383
87.191450,-1.145383
88.514030,-1.145383
89.836610,-1.145383
91.159190,-1.145383
92.481770,-1.145383
93.804340,-1.145383
95.126920,-1.145383
96.449500,-1.145383
97.772080,-1.145383
99.094660,-1.145383
100.417200,-1.145383
101.739800,-1.145383
103.062400,-1.145383
104.385000,-1.145383
105.707500,-1.145383
107.030100,-1.145383
108.352700,-1.145383
109.675300,-1.145383
110.997900,-1.145383
112.320400,-1.145383
113.643000,-1.145383
114.965600,-1.145383
116.288200,-1.145383
117.610700,-1.145383
118.933300,-1.145383
120.255900,-1.145383
121.578500,-1.145383
122.901100,-1.145383
124.223600,-1.145383
125.546200,-1.145383
126.868800,-1.145383
128.191400,-1.145383
129.514000,-1.145383
130.836500,-1.145383
132.159100,-1.145383
133.481700,-1.145383
134.804300,-1.145383
136.126800,-1.145383
137.449400,-1.145383
138.772000,-1.145383
140.094600,-1.145383
141.417200,-1.145383
142.739700,-1.145383
144.062300,-1.145383
145.384900,-1.145383
146.707500,-1.145383
148.030000,-1.145383
149.352600,-1.145383
150.675200,-1.145383
151.997800,-1.145383
153.320400,-1.145383
154.642900,-1.145383
155.965500,-1.145383
157.288100,-1.145383
158.610700,-1.145383
159.933300,-1.145383
161.255800,-1.145383
162.578400,-1.145383
163.901000,-1.145383
165.223600,-1.145383
166.546100,-1.145383
167.868700,-1.145383
169.191300,-1.145383
170.513900,-1.145383
171.836500,-1.145383
173.159000,-1.145383
174.481600,-1.145383
175.804200,-1.145383
177.126800,-1.145383
178.449400,-1.145383
179.771900,-1.145383
181.094500,-1.145383
182.417100,-1.145383
183.739700,-1.145383
185.062200,-1.145383
186.384800,-1.145383
187.707400,-1.145383
189.030000,-1.145383
190.352600,-1.145383
191.675100,-1.145383
192.997700,-1.145383
194.320300,-1.145383
195.642900,-1.145383
196.965500,-1.145383
198.288000,-1.145383
199.610600,-1.145383
200.933200,-1.145383
202.255800,-1.145383
203.578300,-1.145383
204.900900,-1.145383
206.223500,-1.145383
207.546100,-1.145383
208.868700,-1.145383
210.191200,-1.145383
211.513800,-1.145383
212.836400,-1.145383
214.159000,-1.145383
215.481600,-1.145383
216.804100,-1.145383
218.126700,-1.145383
219.449300,-1.145383
220.771900,-1.145383
222.094400,-1.145383
223.417000,-1.145383
224.739600,-1.145383
226.062200,-1.145383
227.384800,-1.145383
228.707300,-1.145383
230.029900,-1.145383
231.352500,-1.145383
232.675100,-1.145383
233.997600,-1.145383
235.320200,-1.145383
236.642800,-1.145383
237.965400,-1.145383
239.287900,-1.145383
240.610500,-1.145383
241.933100,-1.145383
243.255700,-1.145383
244.578300,-1.145383
245.900800,-1.145383
247.223400,-1.145383
248.546000,-1.145383
249.868600,-1.145383
251.191200,-1.145383
252.513700,-1.145383
253.836300,-1.145383
255.158900,-1.145383
256.481500,-1.145383
257.804000,-1.145383
259.126600,-1.145383
260.449200,-1.145383
261.771800,-1.145383
263.094400,-1.145383
264.416900,-1.145383
265.739500,-1.145383
267.062100,-1.145383
268.384700,-1.145383
269.707200,-1.145383
271.029800,-1.145383
272.352400,-1.145383
273.675000,-1.145383
274.997600,-1.145383
276.320200,-1.145383
277.642700,-1.145383
278.965300,-1.145383
280.287900,-1.145383
281.610500,-1.145383
282.933000,-1.145383
284.255600,-1.145383
285.578200,-1.145383
286.900800,-1.145383
288.223400,-1.145383
289.545900,-1.145383
290.868500,-1.145383
292.191100,-1.145383
293.513700,-1.145383
294.836200,-1.145383
296.158800,-1.145383
297.481400,-1.145383
298.804000,-1.145383
300.126600,-1.145383
301.449100,-1.145383
302.771700,-1.145383
304.094300,-1.145383
305.416900,-1.145383
306.739400,-1.145383
308.062000,-1.145383
309.384600,-1.145383
310.707200,-1.145383
312.029800,-1.145383
313.352300,-1.145383
0.562570,0.000003
1.885148,0.000003
3.207726,0.000003
4.530305,0.000003
5.852883,0.000003
7.175462,0.000003
8.498040,0.000003
9.820618,0.000003
11.143200,0.000003
12.465770,0.000003
13.788350,0.000003
15.110930,0.000003
16.433510,0.000003
17.756090,0.000003
19.078670,0.000003
20.401250,0.000003
21.723820,0.000003
23.046400,0.000003
24.368980,0.000003
25.691560,0.000003
27.014140,0.000003
28.336710,0.000003
29.659290,0.000003
30.981870,0.000003
32.304450,0.000003
33.627030,0.000003
34.949610,0.000003
36.272190,0.000003
37.594760,0.000003
38.917340,0.000003
40.239920,0.000003
41.562500,0.000003
42.885070,0.000003
44.207650,0.000003
45.530230,0.000003
46.852810,0.000003
48.175390,0.000003
49.497970,0.000003
50.820550,0.000003
52.143120,0.000003
53.465700,0.000003
54.788280,0.000003
56.110860,0.000003
57.433440,0.000003
58.756020,0.000003
60.078590,0.000003
61.401170,0.000003
62.723750,0.000003
64.046330,0.000003
65.368900,0.000003
66.691480,0.000003
68.014060,0.000003
69.336640,0.000003
70.659220,0.000003
71.981800,0.000003
73.304370,0.000003
74.626950,0.000003
75.949530,0.000003
77.272110,0.000003
78.594690,0.000003
79.917270,0.000003
81.239850,0.000003
82.562420,0.000003
83.885000,0.000003
85.207580,0.000003
86.530160,0.000003
87.852740,0.000003
89.175320,0.000003
90.497890,0.000003
91.820470,0.000003
93.143050,0.000003
94.465630,0.000003
95.788210,0.000003
97.110790,0.000003
98.433360,0.000003
99.755940,0.000003
101.078500,0.000003
102.401100,0.000003
103.723700,0.000003
105.046300,0.000003
106.368800,0.000003
107.691400,0.000003
109.014000,0.000003
110.336600,0.000003
111.659100,0.000003
112.981700,0.000003
114.304300,0.000003
115.626900,0.000003
116.949500,0.000003
118.272000,0.000003
119.594600,0.000003
120.917200,0.000003
122.239800,0.000003
123.562400,0.000003
124.884900,0.000003
126.207500,0.000003
127.530100,0.000003
128.852700,0.000003
130.175200,0.000003
131.497800,0.000003
132.820400,0.000003
134.143000,0.000003
135.465600,0.000003
136.788100,0.000003
138.110700,0.000003
139.433300,0.000003
140.755900,0.000003
142.078400,0.000003
143.401000,0.000003
144.723600,0.000003
146.046200,0.000003
147.368800,0.000003
148.691300,0.000003
150.013900,0.000003
151.336500,0.000003
152.659100,0.000003
153.981700,0.000003
155.304200,0.000003
156.626800,0.000003
157.949400,0.000003
159.272000,0.000003
160.594500,0.000003
161.917100,0.000003
163.239700,0.000003
164.562300,0.000003
165.884900,0.000003
167.207400,0.000003
168.530000,0.000003
169.852600,0.000003
171.175200,0.000003
172.497800,0.000003
173.820300,0.000003
175.142900,0.000003
176.465500,0.000003
177.788100,0.000003
179.110600,0.000003
180.433200,0.000003
181.755800,0.000003
183.078400,0.000003
184.401000,0.000003
185.723500,0.000003
187.046100,0.000003
188.368700,0.000003
189.691300,0.000003
191.013800,0.000003
192.336400,0.000003
193.659000,0.000003
194.981600,0.000003
196.304200,0.000003
197.626700,0.000003
198.949300,0.000003
200.271900,0.000003
201.594500,0.000003
202.917100,0.000003
204.239600,0.000003
205.562200,0.000003
206.884800,0.000003
208.207400,0.000003
209.529900,0.000003
210.852500,0.000003
212.175100,0.000003
213.497700,0.000003
214.820300,0.000003
216.142800,0.000003
217.465400,0.000003
218.788000,0.000003
220.110600,0.000003
221.433200,0.000003
222.755700,0.000003
224.078300,0.000003
225.400900,0.000003
226.723500,0.000003
228.046000,0.000003
229.368600,0.000003
230.691200,0.000003
232.013800,0.000003
233.336300,0.000003
234.658900,0.000003
235.981500,0.000003
237.304100,0.000003
238.626700,0.000003
239.949200,0.000003
241.271800,0.000003
242.594400,0.000003
243.917000,0.000003
245.239600,0.000003
246.562100,0.000003
247.884700,0.000003
249.207300,0.000003
250.529900,0.000003
251.852400,0.000003
253.175000,0.000003
254.497600,0.000003
255.820200,0.000003
257.142800,0.000003
258.465300,0.000003
259.787900,0.000003
261.110500,0.000003
262.433100,0.000003
263.755600,0.000003
265.078200,0.000003
266.400800,0.000003
267.723400,0.000003
269.046000,0.000003
270.368500,0.000003
271.691100,0.000003
273.013700,0.000003
274.336300,0.000003
275.658800,0.000003
276.981400,0.000003
278.304000,0.000003
279.626600,0.000003
280.949200,0.000003
282.271800,0.000003
283.594300,0.000003
284.916900,0.000003
286.239500,0.000003
287.562100,0.000003
288.884600,0.000003
290.207200,0.000003
291.529800,0.000003
292.852400,0.000003
294.175000,0.000003
295.497500,0.000003
296.820100,0.000003
298.142700,0.000003
299.465300,0.000003
300.787800,0.000003
302.110400,0.000003
303.433000,0.000003
304.755600,0.000003
306.078200,0.000003
307.400700,0.000003
308.723300,0.000003
310.045900,0.000003
311.368500,0.000003
312.691000,0.000003
1.223859,1.145389
2.546438,1.145389
3.869016,1.145389
5.191594,1.145389
6.514173,1.145389
7.836751,1.145389
9.159329,1.145389
10.481910,1.145389
11.804490,1.145389
13.127060,1.145389
14.449640,1.145389
15.772220,1.145389
17.094800,1.145389
18.417380,1.145389
19.739960,1.145389
21.062530,1.145389
22.385110,1.145389
23.707690,1.145389
25.030270,1.145389
26.352850,1.145389
27.675420,1.145389
28.998000,1.145389
30.320580,1.145389
31.643160,1.145389
32.965740,1.145389
34.288320,1.145389
35.610900,1.145389
36.933470,1.145389
38.256050,1.145389
39.578630,1.145389
40.901210,1.145389
42.223790,1.145389
43.546360,1.145389
44.868940,1.145389
46.191520,1.145389
47.514100,1.145389
48.836680,1.145389
50.159260,1.145389
51.481830,1.145389
52.804410,1.145389
54.126990,1.145389
55.449570,1.145389
56.772150,1.145389
58.094730,1.145389
59.417300,1.145389
60.739880,1.145389
62.062460,1.145389
63.385040,1.145389
64.707620,1.145389
66.030200,1.145389
67.352780,1.145389
68.675350,1.145389
69.997930,1.145389
71.320510,1.145389
72.643090,1.145389
73.965670,1.145389
75.288250,1.145389
76.610820,1.145389
77.933400,1.145389
79.255980,1.145389
80.578560,1.145389
81.901140,1.145389
83.223720,1.145389
84.546300,1.145389
85.868870,1.145389
87.191450,1.145389
88.514030,1.145389
89.836610,1.145389
91.159190,1.145389
92.481770,1.145389
93.804340,1.145389
95.126920,1.145389
96.449500,1.145389
97.772080,1.145389
99.094660,1.145389
100.417200,1.145389
101.739800,1.145389
103.062400,1.145389
104.385000,1.145389
105.707500,1.145389
107.030100,1.145389
108.352700,1.145389
109.675300,1.145389
110.997900,1.145389
112.320400,1.145389
113.643000,1.145389
114.965600,1.145389
116.288200,1.145389
117.610700,1.145389
118.933300,1.145389
120.255900,1.145389
121.578500,1.145389
122.901100,1.145389
124.223600,1.145389
125.546200,1.145389
126.868800,1.145389
128.191400,1.145389
129.514000,1.145389
130.836500,1.145389
132.159100,1.145389
133.481700,1.145389
134.804300,1.145389
136.126800,1.145389
137.449400,1.145389
138.772000,1.145389
140.094600,1.145389
141.417200,1.145389
142.739700,1.145389
144.062300,1.145389
145.384900,1.145389
146.707500,1.145389
148.030000,1.145389
149.352600,1.145389
150.675200,1.145389
151.997800,1.145389
153.320400,1.145389
154.642900,1.145389
155.965500,1.145389
157.288100,1.145389
158.610700,1.145389
159.933300,1.145389
161.255800,1.145389
162.578400,1.145389
163.901000,1.145389
165.223600,1.145389
166.546100,1.145389
167.868700,1.145389
169.191300,1.145389
170.513900,1.145389
171.836500,1.145389
173.159000,1.145389
174.481600,1.145389
175.804200,1.145389
177.126800,1.145389
178.449400,1.145389
179.771900,1.145389
181.094500,1.145389
182.417100,1.145389
183.739700,1.145389
185.062200,1.145389
186.384800,1.145389
187.707400,1.145389
189.030000,1.145389
190.352600,1.145389
191.675100,1.145389
192.997700,1.145389
194.320300,1.145389
195.642900,1.145389
196.965500,1.145389
198.288000,1.145389
199.610600,1.145389
200.933200,1.145389
202.255800,1.145389
203.578300,1.145389
204.900900,1.145389
206.223500,1.145389
207.546100,1.145389
208.868700,1.145389
210.191200,1.145389
211.513800,1.145389
212.836400,1.145389
214.159000,1.145389
215.481600,1.145389
216.804100,1.145389
218.126700,1.145389
219.449300,1.145389
220.771900,1.145389
222.094400,1.145389
223.417000,1.145389
224.739600,1.145389
226.062200,1.145389
227.384800,1.145389
228.707300,1.145389
230.029900,1.145389
231.352500,1.145389
232.675100,1.145389
233.997600,1.145389
235.320200,1.145389
236.642800,1.145389
237.965400,1.145389
239.287900,1.145389
240.610500,1.145389
241.933100,1.145389
243.255700,1.145389
244.578300,1.145389
245.900800,1.145389
247.223400,1.145389
248.546000,1.145389
249.868600,1.145389
251.191200,1.145389
252.513700,1.145389
253.836300,1.145389
255.158900,1.145389
256.481500,1.145389
257.804000,1.145389
259.126600,1.145389
260.449200,1.145389
261.771800,1.145389
263.094400,1.145389
264.416900,1.145389
265.739500,1.145389
267.062100,1.145389
268.384700,1.145389
269.707200,1.145389
271.029800,1.145389
272.352400,1.145389
273.675000,1.145389
274.997600,1.145389
276.320200,1.145389
277.642700,1.145389
278.965300,1.145389
280.287900,1.145389
281.610500,1.145389
282.933000,1.145389
284.255600,1.145389
285.578200,1.145389
286.900800,1.145389
288.223400,1.145389
289.545900,1.145389
290.868500,1.145389
292.191100,1.145389
293.513700,1.145389
294.836200,1.145389
296.158800,1.145389
297.481400,1.145389
298.804000,1.145389
300.126600,1.145389
301.449100,1.145389
302.771700,1.145389
304.094300,1.145389
305.416900,1.145389
306.739400,1.145389
308.062000,1.145389
309.384600,1.145389
310.707200,1.145389
312.029800,1.145389
313.352300,1.145389
0.562570,2.290776
1.885148,2.290776
3.207726,2.290776
4.530305,2.290776
5.852883,2.290776
7.175462,2.290776
8.498040,2.290776
9.820618,2.290776
11.143200,2.290776
12.465770,2.290776
13.788350,2.290776
15.110930,2.290776
16.433510,2.290776
17.756090,2.290776
19.078670,2.290776
20.401250,2.290776
21.723820,2.290776
23.046400,2.290776
24.368980,2.290776
25.691560,2.290776
27.014140,2.290776
28.336710,2.290776
29.659290,2.290776
30.981870,2.290776
32.304450,2.290776
33.627030,2.290776
34.949610,2.290776
36.272190,2.290776
37.594760,2.290776
38.917340,2.290776
40.239920,2.290776
41.562500,2.290776
42.885070,2.290776
44.207650,2.290776
45.530230,2.290776
46.852810,2.290776
48.175390,2.290776
49.497970,2.290776
50.820550,2.290776
52.143120,2.290776
53.465700,2.290776
54.788280,2.290776
56.110860,2.290776
57.433440,2.290776
58.756020,2.290776
60.078590,2.290776
61.401170,2.290776
62.723750,2.290776
64.046330,2.290776
65.368900,2.290776
66.691480,2.290776
68.014060,2.290776
69.336640,2.290776
70.659220,2.290776
71.981800,2.290776
73.304370,2.290776
74.626950,2.290776
75.949530,2.290776
77.272110,2.290776
78.594690,2.290776
79.917270,2.290776
81.239850,2.290776
82.562420,2.290776
83.885000,2.290776
85.207580,2.290776
86.530160,2.290776
87.852740,2.290776
89.175320,2.290776
90.497890,2.290776
91.820470,2.290776
93.143050,2.290776
94.465630,2.290776
95.788210,2.290776
97.110790,2.290776
98.433360,2.290776
99.755940,2.290776
101.078500,2.290776
102.401100,2.290776
103.723700,2.290776
105.046300,2.290776
106.368800,2.290776
107.691400,2.290776
109.014000,2.290776
110.336600,2.290776
111.659100,2.290776
112.981700,2.290776
114.304300,2.290776
115.626900,2.290776
116.949500,2.290776
118.272000,2.290776
119.594600,2.290776
120.917200,2.290776
122.239800,2.290776
123.562400,2.290776
124.884900,2.290776
126.207500,2.290776
127.530100,2.290776
128.852700,2.290776
130.175200,2.290776
131.497800,2.290776
132.820400,2.290776
134.143000,2.290776
135.465600,2.290776
136.788100,2.290776
138.110700,2.290776
139.433300,2.290776
140.755900,2.290776
142.078400,2.290776
143.401000,2.290776
144.723600,2.290776
146.046200,2.290776
147.368800,2.290776
148.691300,2.290776
150.013900,2.290776
151.336500,2.290776
152.659100,2.290776
153.981700,2.290776
155.304200,2.290776
156.626800,2.290776
157.949400,2.290776
159.272000,2.290776
160.594500,2.290776
161.917100,2.290776
163.239700,2.290776
164.562300,2.290776
165.884900,2.290776
167.207400,2.290776
168.530000,2.290776
169.852600,2.290776
171.175200,2.290776
172.497800,2.290776
173.820300,2.290776
175.142900,2.290776
176.465500,2.290776
177.788100,2.290776
179.110600,2.290776
180.433200,2.290776
181.755800,2.290776
183.078400,2.290776
184.401000,2.290776
185.723500,2.290776
187.046100,2.290776
188.368700,2.290776
189.691300,2.290776
191.013800,2.290776
192.336400,2.290776
193.659000,2.290776
194.981600,2.290776
196.304200,2.290776
197.626700,2.290776
198.949300,2.290776
200.271900,2.290776
201.594500,2.290776
202.917100,2.290776
204.239600,2.290776
205.562200,2.290776
206.884800,2.290776
208.207400,2.290776
209.529900,2.290776
210.852500,2.290776
212.175100,2.290776
213.497700,2.290776
214.820300,2.290776
216.142800,2.290776
217.465400,2.290776
218.788000,2.290776
220.110600,2.290776
221.433200,2.290776
222.755700,2.290776
224.078300,2.290776
225.400900,2.290776
226.723500,2.290776
228.046000,2.290776
229.368600,2.290776
230.691200,2.290776
232.013800,2.290776
233.336300,2.290776
234.658900,2.290776
235.981500,2.290776
237.304100,2.290776
238.626700,2.290776
239.949200,2.290776
241.271800,2.290776
242.594400,2.290776
243.917000,2.290776
245.239600,2.290776
246.562100,2.290776
247.884700,2.290776
249.207300,2.290776
250.529900,2.290776
251.852400,2.290776
253.175000,2.290776
254.497600,2.290776
255.820200,2.290776
257.142800,2.290776
258.465300,2.290776
259.787900,2.290776
261.110500,2.290776
262.433100,2.290776
263.755600,2.290776
265.078200,2.290776
266.400800,2.290776
267.723400,2.290776
269.046000,2.290776
270.368500,2.290776
271.691100,2.290776
273.013700,2.290776
274.336300,2.290776
275.658800,2.290776
276.981400,2.290776
278.304000,2.290776
279.626600,2.290776
280.949200,2.290776
282.271800,2.290776
283.594300,2.290776
284.916900,2.290776
286.239500,2.290776
287.562100,2.290776
288.884600,2.290776
290.207200,2.290776
291.529800,2.290776
292.852400,2.290776
294.175000,2.290776
295.497500,2.290776
296.820100,2.290776
298.142700,2.290776
299.465300,2.290776
300.787800,2.290776
302.110400,2.290776
303.433000,2.290776
304.755600,2.290776
306.078200,2.290776
307.400700,2.290776
308.723300,2.290776
310.045900,2.290776
311.368500,2.290776
312.691000,2.290776
1.223859,3.436162
2.546438,3.436162
3.869016,3.436162
5.191594,3.436162
6.514173,3.436162
7.836751,3.436162
9.159329,3.436162
10.481910,3.436162
11.804490,3.436162
13.127060,3.436162
14.449640,3.436162
15.772220,3.436162
17.094800,3.436162
18.417380,3.436162
19.739960,3.436162
21.062530,3.436162
22.385110,3.436162
23.707690,3.436162
25.030270,3.436162
26.352850,3.436162
27.675420,3.436162
28.998000,3.436162
30.320580,3.436162
31.643160,3.436162
32.965740,3.436162
34.288320,3.436162
35.610900,3.436162
36.933470,3.436162
38.256050,3.436162
39.578630,3.436162
40.901210,3.436162
42.223790,3.436162
43.546360,3.436162
44.868940,3.436162
46.191520,3.436162
47.514100,3.436162
48.836680,3.436162
50.159260,3.436162
51.481830,3.436162
52.804410,3.436162
54.126990,3.436162
55.449570,3.436162
56.772150,3.436162
58.094730,3.436162
59.417300,3.436162
60.739880,3.436162
62.062460,3.436162
63.385040,3.436162
64.707620,3.436162
66.030200,3.436162
67.352780,3.436162
68.675350,3.436162
69.997930,3.436162
71.320510,3.436162
72.643090,3.436162
73.965670,3.436162
75.288250,3.436162
76.610820,3.436162
77.933400,3.436162
79.255980,3.436162
80.578560,3.436162
81.901140,3.436162
83.223720,3.436162
84.546300,3.436162
85.868870,3.436162
87.191450,3.436162
88.514030,3.436162
89.836610,3.436162
91.159190,3.436162
92.481770,3.436162
93.804340,3.436162
95.126920,3.436162
96.449500,3.436162
97.772080,3.436162
99.094660,3.436162
100.417200,3.436162
101.739800,3.436162
103.062400,3.436162
104.385000,3.436162
105.707500,3.436162
107.030100,3.436162
108.352700,3.436162
109.675300,3.436162
110.997900,3.436162
112.320400,3.436162
113.643000,3.436162
114.965600,3.436162
116.288200,3.436162
117.610700,3.436162
118.933300,3.436162
120.255900,3.436162
121.578500,3.436162
122.901100,3.436162
124.223600,3.436162
125.546200,3.436162
126.868800,3.436162
128.191400,3.436162
129.514000,3.436162
130.836500,3.436162
132.159100,3.436162
133.481700,3.436162
134.804300,3.436162
136.126800,3.436162
137.449400,3.436162
138.772000,3.436162
140.094600,3.436162
141.417200,3.436162
142.739700,3.436162
144.062300,3.436162
145.384900,3.436162
146.707500,3.436162
148.030000,3.436162
149.352600,3.436162
150.675200,3.436162
151.997800,3.436162
153.320400,3.436162
154.642900,3.436162
155.965500,3.436162
157.288100,3.436162
158.610700,3.436162
159.933300,3.436162
161.255800,3.436162
162.578400,3.436162
163.901000,3.436162
165.223600,3.436162
166.546100,3.436162
167.868700,3.436162
169.191300,3.436162
170.513900,3.436162
171.836500,3.436162
173.159000,3.436162
174.481600,3.436162
175.804200,3.436162
177.126800,3.436162
178.449400,3.436162
179.771900,3.436162
181.094500,3.436162
182.417100,3.436162
183.739700,3.436162
185.062200,3.436162
186.384800,3.436162
187.707400,3.436162
189.030000,3.436162
190.352600,3.436162
191.675100,3.436162
192.997700,3.436162
194.320300,3.436162
195.642900,3.436162
196.965500,3.436162
198.288000,3.436162
199.610600,3.436162
200.933200,3.436162
202.255800,3.436162
203.578300,3.436162
204.900900,3.436162
206.223500,3.436162
207.546100,3.436162
208.868700,3.436162
210.191200,3.436162
211.513800,3.436162
212.836400,3.436162
214.159000,3.436162
215.481600,3.436162
216.804100,3.436162
218.126700,3.436162
219.449300,3.436162
220.771900,3.436162
222.094400,3.436162
223.417000,3.436162
224.739600,3.436162
226.062200,3.436162
227.384800,3.436162
228.707300,3.436162
230.029900,3.436162
231.352500,3.436162
232.675100,3.436162
233.997600,3.436162
235.320200,3.436162
236.642800,3.436162
237.965400,3.436162
239.287900,3.436162
240.610500,3.436162
241.933100,3.436162
243.255700,3.436162
244.578300,3.436162
245.900800,3.436162
247.223400,3.436162
248.546000,3.436162
249.868600,3.436162
251.191200,3.436162
252.513700,3.436162
253.836300,3.436162
255.158900,3.436162
256.481500,3.436162
257.804000,3.436162
259.126600,3.436162
260.449200,3.436162
261.771800,3.436162
263.094400,3.436162
264.416900,3.436162
265.739500,3.436162
267.062100,3.436162
268.384700,3.436162
269.707200,3.436162
271.029800,3.436162
272.352400,3.436162
273.675000,3.436162
274.997600,3.436162
276.320200,3.436162
277.642700,3.436162
278.965300,3.436162
280.287900,3.436162
281.610500,3.436162
282.933000,3.436162
284.255600,3.436162
285.578200,3.436162
286.900800,3.436162
288.223400,3.436162
289.545900,3.436162
290.868500,3.436162
292.191100,3.436162
293.513700,3.436162
294.836200,3.436162
296.158800,3.436162
297.481400,3.436162
298.804000,3.436162
300.126600,3.436162
301.449100,3.436162
302.771700,3.436162
304.094300,3.436162
305.416900,3.436162
306.739400,3.436162
308.062000,3.436162
309.384600,3.436162
310.707200,3.436162
312.029800,3.436162
313.352300,3.436162
0.562570,4.581549
1.885148,4.581549
3.207726,4.581549
4.530305,4.581549
5.852883,4.581549
7.175462,4.581549
8.498040,4.581549
9.820618,4.581549
11.143200,4.581549
12.465770,4.581549
13.788350,4.581549
15.110930,4.581549
16.433510,4.581549
17.756090,4.581549
19.078670,4.581549
20.401250,4.581549
21.723820,4.581549
23.046400,4.581549
24.368980,4.581549
25.691560,4.581549
27.014140,4.581549
28.336710,4.581549
29.659290,4.581549
30.981870,4.581549
32.304450,4.581549
33.627030,4.581549
34.949610,4.581549
36.272190,4.581549
37.594760,4.581549
38.917340,4.581549
40.239920,4.581549
41.562500,4.581549
42.885070,4.581549
44.207650,4.581549
45.530230,4.581549
46.852810,4.581549
48.175390,4.581549
49.497970,4.581549
50.820550,4.581549
52.143120,4.581549
53.465700,4.581549
54.788280,4.581549
56.110860,4.581549
57.433440,4.581549
58.756020,4.581549
60.078590,4.581549
61.401170,4.581549
62.723750,4.581549
64.046330,4.581549
65.368900,4.581549
66.691480,4.581549
68.014060,4.581549
69.336640,4.581549
70.659220,4.581549
71.981800,4.581549
73.304370,4.581549
74.626950,4.581549
75.949530,4.581549
77.272110,4.581549
78.594690,4.581549
79.917270,4.581549
81.239850,4.581549
82.562420,4.581549
83.885000,4.581549
85.207580,4.581549
86.530160,4.581549
87.852740,4.581549
89.175320,4.581549
90.497890,4.581549
91.820470,4.581549
93.143050,4.581549
94.465630,4.581549
95.788210,4.581549
97.110790,4.581549
98.433360,4.581549
99.755940,4.581549
101.078500,4.581549
102.401100,4.581549
103.723700,4.581549
105.046300,4.581549
106.368800,4.581549
107.691400,4.581549
109.014000,4.581549
110.336600,4.581549
111.659100,4.581549
112.981700,4.581549
114.304300,4.581549
115.626900,4.581549
116.949500,4.581549
118.272000,4.581549
119.594600,4.581549
120.917200,4.581549
122.239800,4.581549
123.562400,4.581549
124.884900,4.581549
126.207500,4.581549
127.530100,4.581549
128.852700,4.581549
130.175200,4.581549
131.497800,4.581549
132.820400,4.581549
134.143000,4.581549
135.465600,4.581549
136.788100,4.581549
138.110700,4.581549
139.433300,4.581549
140.755900,4.581549
142.078400,4.581549
143.401000,4.581549
144.723600,4.581549
146.046200,4.581549
147.368800,4.581549
148.691300,4.581549
150.013900,4.581549
151.336500,4.581549
152.659100,4.581549
153.981700,4.581549
155.304200,4.581549
156.626800,4.581549
157.949400,4.581549
159.272000,4.581549
160.594500,4.581549
161.917100,4.581549
163.239700,4.581549
164.562300,4.581549
165.884900,4.581549
167.207400,4.581549
168.530000,4.581549
169.852600,4.581549
171.175200,4.581549
172.497800,4.581549
173.820300,4.581549
175.142900,4.581549
176.465500,4.581549
177.788100,4.581549
179.110600,4.581549
180.433200,4.581549
181.755800,4.581549
183.078400,4.581549
184.401000,4.581549
185.723500,4.581549
187.046100,4.581549
188.368700,4.581549
189.691300,4.581549
191.013800,4.581549
192.336400,4.581549
193.659000,4.581549
194.981600,4.581549
196.304200,4.581549
197.626700,4.581549
198.949300,4.581549
200.271900,4.581549
201.594500,4.581549
202.917100,4.581549
204.239600,4.581549
205.562200,4.581549
206.884800,4.581549
208.207400,4.581549
209.529900,4.581549
210.852500,4.581549
212.175100,4.581549
213.497700,4.581549
214.820300,4.581549
216.142800,4.581549
217.465400,4.581549
218.788000,4.581549
220.110600,4.581549
221.433200,4.581549
222.755700,4.581549
224.078300,4.581549
225.400900,4.581549
226.723500,4.581549
228.046000,4.581549
229.368600,4.581549
230.691200,4.581549
232.013800,4.581549
233.336300,4.581549
234.658900,4.581549
235.981500,4.581549
237.304100,4.581549
238.626700,4.581549
239.949200,4.581549
241.271800,4.581549
242.594400,4.581549
243.917000,4.581549
245.239600,4.581549
246.562100,4.581549
247.884700,4.581549
249.207300,4.581549
250.529900,4.581549
251.852400,4.581549
253.175000,4.581549
254.497600,4.581549
255.820200,4.581549
257.142800,4.581549
258.465300,4.581549
259.787900,4.581549
261.110500,4.581549
262.433100,4.581549
263.755600,4.581549
265.078200,4.581549
266.400800,4.581549
267.723400,4.581549
269.046000,4.581549
270.368500,4.581549
271.691100,4.581549
273.013700,4.581549
274.336300,4.581549
275.658800,4.581549
276.981400,4.581549
278.304000,4.581549
279.626600,4.581549
280.949200,4.581549
282.271800,4.581549
283.594300,4.581549
284.916900,4.581549
286.239500,4.581549
287.562100,4.581549
288.884600,4.581549
290.207200,4.581549
291.529800,4.581549
292.852400,4.581549
294.175000,4.581549
295.497500,4.581549
296.820100,4.581549
298.142700,4.581549
299.465300,4.581549
300.787800,4.581549
302.110400,4.581549
303.433000,4.581549
304.755600,4.581549
306.078200,4.581549
307.400700,4.581549
308.723300,4.581549
310.045900,4.581549
311.368500,4.581549
312.691000,4.581549
1.223859,5.726934
2.546438,5.726934
3.869016,5.726934
5.191594,5.726934
6.514173,5.726934
7.836751,5.726934
9.159329,5.726934
10.481910,5.726934
11.804490,5.726934
13.127060,5.726934
14.449640,5.726934
15.772220,5.726934
17.094800,5.726934
18.417380,5.726934
19.739960,5.726934
21.062530,5.726934
22.385110,5.726934
23.707690,5.726934
25.030270,5.726934
26.352850,5.726934
27.675420,5.726934
28.998000,5.726934
30.320580,5.726934
31.643160,5.726934
32.965740,5.726934
34.288320,5.726934
35.610900,5.726934
36.933470,5.726934
38.256050,5.726934
39.578630,5.726934
40.901210,5.726934
42.223790,5.726934
43.546360,5.726934
44.868940,5.726934
46.191520,5.726934
47.514100,5.726934
48.836680,5.726934
50.159260,5.726934
51.481830,5.726934
52.804410,5.726934
54.126990,5.726934
55.449570,5.726934
56.772150,5.726934
58.094730,5.726934
59.417300,5.726934
60.739880,5.726934
62.062460,5.726934
63.385040,5.726934
64.707620,5.726934
66.030200,5.726934
67.352780,5.726934
68.675350,5.726934
69.997930,5.726934
71.320510,5.726934
72.643090,5.726934
73.965670,5.726934
75.288250,5.726934
76.610820,5.726934
77.933400,5.726934
79.255980,5.726934
80.578560,5.726934
81.901140,5.726934
83.223720,5.726934
84.546300,5.726934
85.868870,5.726934
87.191450,5.726934
88.514030,5.726934
89.836610,5.726934
91.159190,5.726934
92.481770,5.726934
93.804340,5.726934
95.126920,5.726934
96.449500,5.726934
97.772080,5.726934
99.094660,5.726934
100.417200,5.726934
101.739800,5.726934
103.062400,5.726934
104.385000,5.726934
105.707500,5.726934
107.030100,5.726934
108.352700,5.726934
109.675300,5.726934
110.997900,5.726934
112.320400,5.726934
113.643000,5.726934
114.965600,5.726934
116.288200,5.726934
117.610700,5.726934
118.933300,5.726934
120.255900,5.726934
121.578500,5.726934
122.901100,5.726934
124.223600,5.726934
125.546200,5.726934
126.868800,5.726934
128.191400,5.726934
129.514000,5.726934
130.836500,5.726934
132.159100,5.726934
133.481700,5.726934
134.804300,5.726934
136.126800,5.726934
137.449400,5.726934
138.772000,5.726934
140.094600,5.726934
141.417200,5.726934
142.739700,5.726934
144.062300,5.726934
145.384900,5.726934
146.707500,5.726934
148.030000,5.726934
149.352600,5.726934
150.675200,5.726934
151.997800,5.726934
153.320400,5.726934
154.642900,5.726934
155.965500,5.726934
157.288100,5.726934
158.610700,5.726934
159.933300,5.726934
161.255800,5.726934
162.578400,5.726934
163.901000,5.726934
165.223600,5.726934
166.546100,5.726934
167.868700,5.726934
169.191300,5.726934
170.513900,5.726934
171.836500,5.726934
173.159000,5.726934
174.481600,5.726934
175.804200,5.726934
177.126800,5.726934
178.449400,5.726934
179.771900,5.726934
181.094500,5.726934
182.417100,5.726934
183.739700,5.726934
185.062200,5.726934
186.384800,5.726934
187.707400,5.726934
189.030000,5.726934
190.352600,5.726934
191.675100,5.726934
192.997700,5.726934
194.320300,5.726934
195.642900,5.726934
196.965500,5.726934
198.288000,5.726934
199.610600,5.726934
200.933200,5.726934
202.255800,5.726934
203.578300,5.726934
204.900900,5.726934
206.223500,5.726934
207.546100,5.726934
208.868700,5.726934
210.191200,5.726934
211.513800,5.726934
212.836400,5.726934
214.159000,5.726934
215.481600,5.726934
216.804100,5.726934
218.126700,5.726934
219.449300,5.726934
220.771900,5.726934
222.094400,5.726934
223.417000,5.726934
224.739600,5.726934
226.062200,5.726934
227.384800,5.726934
228.707300,5.726934
230.029900,5.726934
231.352500,5.726934
232.675100,5.726934
233.997600,5.726934
235.320200,5.726934
236.642800,5.726934
237.965400,5.726934
239.287900,5.726934
240.610500,5.726934
241.933100,5.726934
243.255700,5.726934
244.578300,5.726934
245.900800,5.726934
247.223400,5.726934
248.546000,5.726934
249.868600,5.726934
251.191200,5.726934
252.513700,5.726934
253.836300,5.726934
255.158900,5.726934
256.481500,5.726934
257.804000,5.726934
259.126600,5.726934
260.449200,5.726934
261.771800,5.726934
263.094400,5.726934
264.416900,5.726934
265.739500,5.726934
267.062100,5.726934
268.384700,5.726934
269.707200,5.726934
271.029800,5.726934
272.352400,5.726934
273.675000,5.726934
274.997600,5.726934
276.320200,5.726934
277.642700,5.726934
278.965300,5.726934
280.287900,5.726934
281.610500,5.726934
282.933000,5.726934
284.255600,5.726934
285.578200,5.726934
286.900800,5.726934
288.223400,5.726934
289.545900,5.726934
290.868500,5.726934
292.191100,5.726934
293.513700,5.726934
294.836200,5.726934
296.158800,5.726934
297.481400,5.726934
298.804000,5.726934
300.126600,5.726934
301.449100,5.726934
302.771700,5.726934
304.094300,5.726934
305.416900,5.726934
306.739400,5.726934
308.062000,5.726934
309.384600,5.726934
310.707200,5.726934
312.029800,5.726934
313.352300,5.726934
0.562570,6.872321
1.885148,6.872321
3.207726,6.872321
4.530305,6.872321
5.852883,6.872321
7.175462,6.872321
8.498040,6.872321
9.820618,6.872321
11.143200,6.872321
12.465770,6.872321
13.788350,6.872321
15.110930,6.872321
16.433510,6.872321
17.756090,6.872321
19.078670,6.872321
20.401250,6.872321
21.723820,6.872321
23.046400,6.872321
24.368980,6.872321
25.691560,6.872321
27.014140,6.872321
28.336710,6.872321
29.659290,6.872321
30.981870,6.872321
32.304450,6.872321
33.627030,6.872321
34.949610,6.872321
36.272190,6.872321
37.594760,6.872321
38.917340,6.872321
40.239920,6.872321
41.562500,6.872321
42.885070,6.872321
44.207650,6.872321
45.530230,6.872321
46.852810,6.872321
48.175390,6.872321
49.497970,6.872321
50.820550,6.872321
52.143120,6.872321
53.465700,6.872321
54.788280,6.872321
56.110860,6.872321
57.433440,6.872321
58.756020,6.872321
60.078590,6.872321
61.401170,6.872321
62.723750,6.872321
64.046330,6.872321
65.368900,6.872321
66.691480,6.872321
68.014060,6.872321
69.336640,6.872321
70.659220,6.872321
71.981800,6.872321
73.304370,6.872321
74.626950,6.872321
75.949530,6.872321
77.272110,6.872321
78.594690,6.872321
79.917270,6.872321
81.239850,6.872321
82.562420,6.872321
83.885000,6.872321
85.207580,6.872321
86.530160,6.872321
87.852740,6.872321
89.175320,6.872321
90.497890,6.872321
91.820470,6.872321
93.143050,6.872321
94.465630,6.872321
95.788210,6.872321
97.110790,6.872321
98.433360,6.872321
99.755940,6.872321
101.078500,6.872321
102.401100,6.872321
103.723700,6.872321
105.046300,6.872321
106.368800,6.872321
107.691400,6.872321
109.014000,6.872321
110.336600,6.872321
111.659100,6.872321
112.981700,6.872321
114.304300,6.872321
115.626900,6.872321
116.949500,6.872321
118.272000,6.872321
119.594600,6.872321
120.917200,6.872321
122.239800,6.872321
123.562400,6.872321
124.884900,6.872321
126.207500,6.872321
127.530100,6.872321
128.852700,6.872321
130.175200,6.872321
131.497800,6.872321
132.820400,6.872321
134.143000,6.872321
135.465600,6.872321
136.788100,6.872321
138.110700,6.872321
139.433300,6.872321
140.755900,6.872321
142.078400,6.872321
143.401000,6.872321
144.723600,6.872321
146.046200,6.872321
147.368800,6.872321
148.691300,6.872321
150.013900,6.872321
151.336500,6.872321
152.659100,6.872321
153.981700,6.872321
155.304200,6.872321
156.626800,6.872321
157.949400,6.872321
159.272000,6.872321
160.594500,6.872321
161.917100,6.872321
163.239700,6.872321
164.562300,6.872321
165.884900,6.872321
167.207400,6.872321
168.530000,6.872321
169.852600,6.872321
171.175200,6.872321
172.497800,6.872321
173.820300,6.872321
175.142900,6.872321
176.465500,6.872321
177.788100,6.872321
179.110600,6.872321
180.433200,6.872321
181.755800,6.872321
183.078400,6.872321
184.401000,6.872321
185.723500,6.872321
187.046100,6.872321
188.368700,6.872321
189.691300,6.872321
191.013800,6.872321
192.336400,6.872321
193.659000,6.872321
194.981600,6.872321
196.304200,6.872321
197.626700,6.872321
198.949300,6.872321
200.271900,6.872321
201.594500,6.872321
202.917100,6.872321
204.239600,6.872321
205.562200,6.872321
206.884800,6.872321
208.207400,6.872321
209.529900,6.872321
210.852500,6.872321
212.175100,6.872321
213.497700,6.872321
214.820300,6.872321
216.142800,6.872321
217.465400,6.872321
218.788000,6.872321
220.110600,6.872321
221.433200,6.872321
222.755700,6.872321
224.078300,6.872321
225.400900,6.872321
226.723500,6.872321
228.046000,6.872321
229.368600,6.872321
230.691200,6.872321
232.013800,6.872321
233.336300,6.872321
234.658900,6.872321
235.981500,6.872321
237.304100,6.872321
238.626700,6.872321
239.949200,6.872321
241.271800,6.872321
242.594400,6.872321
243.917000,6.872321
245.239600,6.872321
246.562100,6.872321
247.884700,6.872321
249.207300,6.872321
250.529900,6.872321
251.852400,6.872321
253.175000,6.872321
254.497600,6.872321
255.820200,6.872321
257.142800,6.872321
258.465300,6.872321
259.787900,6.872321
261.110500,6.872321
262.433100,6.872321
263.755600,6.872321
265.078200,6.872321
266.400800,6.872321
267.723400,6.872321
269.046000,6.872321
270.368500,6.872321
271.691100,6.872321
273.013700,6.872321
274.336300,6.872321
275.658800,6.872321
276.981400,6.872321
278.304000,6.872321
279.626600,6.872321
280.949200,6.872321
282.271800,6.872321
283.594300,6.872321
284.916900,6.872321
286.239500,6.872321
287.562100,6.872321
288.884600,6.872321
290.207200,6.872321
291.529800,6.872321
292.852400,6.872321
294.175000,6.872321
295.497500,6.872321
296.820100,6.872321
298.142700,6.872321
299.465300,6.872321
300.787800,6.872321
302.110400,6.872321
303.433000,6.872321
304.755600,6.872321
306.078200,6.872321
307.400700,6.872321
308.723300,6.872321
310.045900,6.872321
311.368500,6.872321
312.691000,6.872321
1.223859,8.017708
2.546438,8.017708
3.869016,8.017708
5.191594,8.017708
6.514173,8.017708
7.836751,8.017708
9.159329,8.017708
10.481910,8.017708
11.804490,8.017708
13.127060,8.017708
14.449640,8.017708
15.772220,8.017708
17.094800,8.017708
18.417380,8.017708
19.739960,8.017708
21.062530,8.017708
22.385110,8.017708
23.707690,8.017708
25.030270,8.017708
26.352850,8.017708
27.675420,8.017708
28.998000,8.017708
30.320580,8.017708
31.643160,8.017708
32.965740,8.017708
34.288320,8.017708
35.610900,8.017708
36.933470,8.017708
38.256050,8.017708
39.578630,8.017708
40.901210,8.017708
42.223790,8.017708
43.546360,8.017708
44.868940,8.017708
46.191520,8.017708
47.514100,8.017708
48.836680,8.017708
50.159260,8.017708
51.481830,8.017708
52.804410,8.017708
54.126990,8.017708
55.449570,8.017708
56.772150,8.017708
58.094730,8.017708
59.417300,8.017708
60.739880,8.017708
62.062460,8.017708
63.385040,8.017708
64.707620,8.017708
66.030200,8.017708
67.352780,8.017708
68.675350,8.017708
69.997930,8.017708
71.320510,8.017708
72.643090,8.017708
73.965670,8.017708
75.288250,8.017708
76.610820,8.017708
77.933400,8.017708
79.255980,8.017708
80.578560,8.017708
81.901140,8.017708
83.223720,8.017708
84.546300,8.017708
85.868870,8.017708
87.191450,8.017708
88.514030,8.017708
89.836610,8.017708
91.159190,8.017708
92.481770,8.017708
93.804340,8.017708
95.126920,8.017708
96.449500,8.017708
97.772080,8.017708
99.094660,8.017708
100.417200,8.017708
101.739800,8.017708
103.062400,8.017708
104.385000,8.017708
105.707500,8.017708
107.030100,8.017708
108.352700,8.017708
109.675300,8.017708
110.997900,8.017708
112.320400,8.017708
113.643000,8.017708
114.965600,8.017708
116.288200,8.017708
117.610700,8.017708
118.933300,8.017708
120.255900,8.017708
121.578500,8.017708
122.901100,8.017708
124.223600,8.017708
125.546200,8.017708
126.868800,8.017708
128.191400,8.017708
129.514000,8.017708
130.836500,8.017708
132.159100,8.017708
133.481700,8.017708
134.804300,8.017708
136.126800,8.017708
137.449400,8.017708
138.772000,8.017708
140.094600,8.017708
141.417200,8.017708
142.739700,8.017708
144.062300,8.017708
145.384900,8.017708
146.707500,8.017708
148.030000,8.017708
149.352600,8.017708
150.675200,8.017708
151.997800,8.017708
153.320400,8.017708
154.642900,8.017708
155.965500,8.017708
157.288100,8.017708
158.610700,8.017708
159.933300,8.017708
161.255800,8.017708
162.578400,8.017708
163.901000,8.017708
165.223600,8.017708
166.546100,8.017708
167.868700,8.017708
169.191300,8.017708
170.513900,8.017708
171.836500,8.017708
173.159000,8.017708
174.481600,8.017708
175.804200,8.017708
177.126800,8.017708
178.449400,8.017708
179.771900,8.017708
181.094500,8.017708
182.417100,8.017708
183.739700,8.017708
185.062200,8.017708
186.384800,8.017708
187.707400,8.017708
189.030000,8.017708
190.352600,8.017708
191.675100,8.017708
192.997700,8.017708
194.320300,8.017708
195.642900,8.017708
196.965500,8.017708
198.288000,8.017708
199.610600,8.017708
200.933200,8.017708
202.255800,8.017708
203.578300,8.017708
204.900900,8.017708
206.223500,8.017708
207.546100,8.017708
208.868700,8.017708
210.191200,8.017708
211.513800,8.017708
212.836400,8.017708
214.159000,8.017708
215.481600,8.017708
216.804100,8.017708
218.126700,8.017708
219.449300,8.017708
220.771900,8.017708
222.094400,8.017708
223.417000,8.017708
224.739600,8.017708
226.062200,8.017708
227.384800,8.017708
228.707300,8.017708
230.029900,8.017708
231.352500,8.017708
232.675100,8.017708
233.997600,8.017708
235.320200,8.017708
236.642800,8.017708
237.965400,8.017708
239.287900,8.017708
240.610500,8.017708
241.933100,8.017708
243.255700,8.017708
244.578300,8.017708
245.900800,8.017708
247.223400,8.017708
248.546000,8.017708
249.868600,8.017708
251.191200,8.017708
252.513700,8.017708
253.836300,8.017708
255.158900,8.017708
256.481500,8.017708
257.804000,8.017708
259.126600,8.017708
260.449200,8.017708
261.771800,8.017708
263.094400,8.017708
264.416900,8.017708
265.739500,8.017708
267.062100,8.017708
268.384700,8.017708
269.707200,8.017708
271.029800,8.017708
272.352400,8.017708
273.675000,8.017708
274.997600,8.017708
276.320200,8.017708
277.642700,8.017708
278.965300,8.017708
280.287900,8.017708
281.610500,8.017708
282.933000,8.017708
284.255600,8.017708
285.578200,8.017708
286.900800,8.017708
288.223400,8.017708
289.545900,8.017708
290.868500,8.017708
292.191100,8.017708
293.513700,8.017708
294.836200,8.017708
296.158800,8.017708
297.481400,8.017708
298.804000,8.017708
300.126600,8.017708
301.449100,8.017708
302.771700,8.017708
304.094300,8.017708
305.416900,8.017708
306.739400,8.017708
308.062000,8.017708
309.384600,8.017708
310.707200,8.017708
312.029800,8.017708
313.352300,8.017708
0.562570,9.163094
1.885148,9.163094
3.207726,9.163094
4.530305,9.163094
5.852883,9.163094
7.175462,9.163094
8.498040,9.163094
9.820618,9.163094
11.143200,9.163094
12.465770,9.163094
13.788350,9.163094
15.110930,9.163094
16.433510,9.163094
17.756090,9.163094
19.078670,9.163094
20.401250,9.163094
21.723820,9.163094
23.046400,9.163094
24.368980,9.163094
25.691560,9.163094
27.014140,9.163094
28.336710,9.163094
29.659290,9.163094
30.981870,9.163094
32.304450,9.163094
33.627030,9.163094
34.949610,9.163094
36.272190,9.163094
37.594760,9.163094
38.917340,9.163094
40.239920,9.163094
41.562500,9.163094
42.885070,9.163094
44.207650,9.163094
45.530230,9.163094
46.852810,9.163094
48.175390,9.163094
49.497970,9.163094
50.820550,9.163094
52.143120,9.163094
53.465700,9.163094
54.788280,9.163094
56.110860,9.163094
57.433440,9.163094
58.756020,9.163094
60.078590,9.163094
61.401170,9.163094
62.723750,9.163094
64.046330,9.163094
65.368900,9.163094
66.691480,9.163094
68.014060,9.163094
69.336640,9.163094
70.659220,9.163094
71.981800,9.163094
73.304370,9.163094
74.626950,9.163094
75.949530,9.163094
77.272110,9.163094
78.594690,9.163094
79.917270,9.163094
81.239850,9.163094
82.562420,9.163094
83.885000,9.163094
85.207580,9.163094
86.530160,9.163094
87.852740,9.163094
89.175320,9.163094
90.497890,9.163094
91.820470,9.163094
93.143050,9.163094
94.465630,9.163094
95.788210,9.163094
97.110790,9.163094
98.433360,9.163094
99.755940,9.163094
101.078500,9.163094
102.401100,9.163094
103.723700,9.163094
105.046300,9.163094
106.368800,9.163094
107.691400,9.163094
109.014000,9.163094
110.336600,9.163094
111.659100,9.163094
112.981700,9.163094
114.304300,9.163094
115.626900,9.163094
116.949500,9.163094
118.272000,9.163094
119.594600,9.163094
120.917200,9.163094
122.239800,9.163094
123.562400,9.163094
124.884900,9.163094
126.207500,9.163094
127.530100,9.163094
128.852700,9.163094
130.175200,9.163094
131.497800,9.163094
132.820400,9.163094
134.143000,9.163094
135.465600,9.163094
136.788100,9.163094
138.110700,9.163094
139.433300,9.163094
140.755900,9.163094
142.078400,9.163094
143.401000,9.163094
144.723600,9.163094
146.046200,9.163094
147.368800,9.163094
148.691300,9.163094
150.013900,9.163094
151.336500,9.163094
152.659100,9.163094
153.981700,9.163094
155.304200,9.163094
156.626800,9.163094
157.949400,9.163094
159.272000,9.163094
160.594500,9.163094
161.917100,9.163094
163.239700,9.163094
164.562300,9.163094
165.884900,9.163094
167.207400,9.163094
168.530000,9.163094
169.852600,9.163094
171.175200,9.163094
172.497800,9.163094
173.820300,9.163094
175.142900,9.163094
176.465500,9.163094
177.788100,9.163094
179.110600,9.163094
180.433200,9.163094
181.755800,9.163094
183.078400,9.163094
184.401000,9.163094
185.723500,9.163094
187.046100,9.163094
188.368700,9.163094
189.691300,9.163094
191.013800,9.163094
192.336400,9.163094
193.659000,9.163094
194.981600,9.163094
196.304200,9.163094
197.626700,9.163094
198.949300,9.163094
200.271900,9.163094
201.594500,9.163094
202.917100,9.163094
204.239600,9.163094
205.562200,9.163094
206.884800,9.163094
208.207400,9.163094
209.529900,9.163094
210.852500,9.163094
212.175100,9.163094
213.497700,9.163094
214.820300,9.163094
216.142800,9.163094
217.465400,9.163094
218.788000,9.163094
220.110600,9.163094
221.433200,9.163094
222.755700,9.163094
224.078300,9.163094
225.400900,9.163094
226.723500,9.163094
228.046000,9.163094
229.368600,9.163094
230.691200,9.163094
232.013800,9.163094
233.336300,9.163094
234.658900,9.163094
235.981500,9.163094
237.304100,9.163094
238.626700,9.163094
239.949200,9.163094
241.271800,9.163094
242.594400,9.163094
243.917000,9.163094
245.239600,9.163094
246.562100,9.163094
247.884700,9.163094
249.207300,9.163094
250.529900,9.163094
251.852400,9.163094
253.175000,9.163094
254.497600,9.163094
255.820200,9.163094
257.142800,9.163094
258.465300,9.163094
259.787900,9.163094
261.110500,9.163094
262.433100,9.163094
263.755600,9.163094
265.078200,9.163094
266.400800,9.163094
267.723400,9.163094
269.046000,9.163094
270.368500,9.163094
271.691100,9.163094
273.013700,9.163094
274.336300,9.163094
275.658800,9.163094
276.981400,9.163094
278.304000,9.163094
279.626600,9.163094
280.949200,9.163094
282.271800,9.163094
283.594300,9.163094
284.916900,9.163094
286.239500,9.163094
287.562100,9.163094
288.884600,9.163094
290.207200,9.163094
291.529800,9.163094
292.852400,9.163094
294.175000,9.163094
295.497500,9.163094
296.820100,9.163094
298.142700,9.163094
299.465300,9.163094
300.787800,9.163094
302.110400,9.163094
303.433000,9.163094
304.755600,9.163094
306.078200,9.163094
307.400700,9.163094
308.723300,9.163094
310.045900,9.163094
311.368500,9.163094
312.691000,9.163094
